
Sample:   c= 3.0000 mg/ml  Code: ADR_NAPI
  2.520060e-02   4.698651e+07   2.776817e+05
  2.784400e-02   7.396115e+06   6.089865e+04
  3.048740e-02   3.150213e+06   3.724218e+04
  3.313080e-02   1.478690e+06   2.383124e+04
  3.577420e-02   6.996641e+05   1.529343e+04
  3.841750e-02   4.839855e+05   1.283912e+04
  4.106090e-02   3.441253e+05   9.929905e+03
  4.370430e-02   2.806450e+05   8.897043e+03
  4.634770e-02   2.390609e+05   7.636519e+03
  4.899110e-02   2.031898e+05   6.688075e+03
  5.163450e-02   1.798856e+05   6.144777e+03
  5.427790e-02   1.608228e+05   5.415184e+03
  5.692130e-02   1.643442e+05   5.559025e+03
  5.956470e-02   1.371579e+05   4.810339e+03
  6.220810e-02   1.262103e+05   4.357264e+03
  6.485140e-02   1.260441e+05   4.467513e+03
  6.749480e-02   1.191953e+05   4.052760e+03
  7.013820e-02   1.060703e+05   3.852645e+03
  7.278160e-02   1.028938e+05   3.642399e+03
  7.542500e-02   9.915980e+04   3.501454e+03
  7.806840e-02   9.946517e+04   3.471358e+03
  8.071180e-02   9.697197e+04   3.267069e+03
  8.335520e-02   8.790313e+04   3.139397e+03
  8.599860e-02   8.773886e+04   3.034512e+03
  8.864200e-02   8.535479e+04   3.083994e+03
  9.128530e-02   8.296979e+04   3.050030e+03
  9.392870e-02   8.305921e+04   3.032894e+03
  9.657210e-02   8.134473e+04   3.029436e+03
  9.921550e-02   7.568596e+04   2.868869e+03
  1.018590e-01   8.123191e+04   3.008589e+03
  1.045020e-01   7.965765e+04   2.891389e+03
  1.071460e-01   7.379892e+04   2.799353e+03
  1.097890e-01   7.342434e+04   2.851565e+03
  1.124320e-01   7.370212e+04   2.711176e+03
  1.150760e-01   7.016642e+04   2.675070e+03
  1.177190e-01   7.034212e+04   2.626975e+03
  1.203630e-01   6.975848e+04   2.667282e+03
  1.230060e-01   6.754114e+04   2.617166e+03
  1.256490e-01   7.029593e+04   2.591142e+03
  1.282930e-01   6.814218e+04   2.537748e+03
  1.309360e-01   6.859583e+04   2.519931e+03
  1.335800e-01   7.825482e+04   2.719543e+03
  1.362230e-01   6.893209e+04   2.469748e+03
  1.388660e-01   6.318037e+04   2.400024e+03
  1.415100e-01   6.971627e+04   2.489867e+03
  1.441530e-01   6.932468e+04   2.423880e+03
  1.467970e-01   6.563398e+04   2.398213e+03
  1.494400e-01   6.404586e+04   2.297632e+03
  1.520830e-01   6.815720e+04   2.397762e+03
  1.547270e-01   6.682380e+04   2.352309e+03
  1.573700e-01   6.378749e+04   2.272335e+03
  1.600130e-01   6.428880e+04   2.256095e+03
  1.626570e-01   6.467827e+04   2.228960e+03
  1.653000e-01   6.175525e+04   2.211193e+03
  1.679440e-01   6.420002e+04   2.202043e+03
  1.705870e-01   5.941012e+04   2.127223e+03
  1.732300e-01   6.084036e+04   2.125934e+03
  1.758740e-01   5.820699e+04   2.070912e+03
  1.785170e-01   6.041738e+04   2.109867e+03
  1.811610e-01   6.188094e+04   2.084822e+03
  1.838040e-01   6.022051e+04   2.097881e+03
  1.864470e-01   5.584694e+04   1.984435e+03
  1.890910e-01   6.218514e+04   2.065963e+03
  1.917340e-01   5.927267e+04   2.024716e+03
  1.943780e-01   5.946388e+04   1.986549e+03
  1.970210e-01   6.508236e+04   2.121624e+03
  1.996640e-01   5.616033e+04   1.937716e+03
  2.023080e-01   5.913205e+04   1.980998e+03
  2.049510e-01   5.753528e+04   1.915715e+03
  2.075950e-01   5.777741e+04   1.899709e+03
  2.102380e-01   5.649221e+04   1.915265e+03
  2.128810e-01   5.792294e+04   1.876308e+03
  2.155250e-01   6.302313e+04   1.990976e+03
  2.181680e-01   5.719421e+04   1.883591e+03
  2.208110e-01   5.878946e+04   1.893481e+03
  2.234550e-01   5.682201e+04   1.877452e+03
  2.260980e-01   5.694968e+04   1.821050e+03
  2.287420e-01   5.551142e+04   1.809621e+03
  2.313850e-01   5.965107e+04   1.857757e+03
  2.340280e-01   5.398214e+04   1.761641e+03
  2.366720e-01   5.951184e+04   1.861564e+03
  2.393150e-01   5.264565e+04   1.715288e+03
  2.419590e-01   5.438239e+04   1.759773e+03
  2.446020e-01   5.529987e+04   1.736621e+03
  2.472450e-01   5.875055e+04   1.803658e+03
  2.498890e-01   5.420981e+04   1.729905e+03
  2.525320e-01   5.606595e+04   1.725310e+03
  2.551760e-01   5.426535e+04   1.733443e+03
  2.578190e-01   5.328280e+04   1.653024e+03
  2.604620e-01   5.698006e+04   1.726669e+03
  2.631060e-01   5.621915e+04   1.725131e+03
  2.657490e-01   4.992539e+04   1.604663e+03
  2.683920e-01   5.472684e+04   1.687301e+03
  2.710360e-01   5.098071e+04   1.590045e+03
  2.736790e-01   5.243058e+04   1.630514e+03
  2.763230e-01   4.988968e+04   1.572939e+03
  2.789660e-01   5.125259e+04   1.587749e+03
  2.816090e-01   5.287226e+04   1.614844e+03
  2.842530e-01   5.352715e+04   1.607342e+03
  2.868960e-01   4.810464e+04   1.538217e+03
  2.895400e-01   5.156910e+04   1.556991e+03
  2.921830e-01   5.065771e+04   1.547206e+03
  2.948260e-01   4.979571e+04   1.535998e+03
  2.974700e-01   5.033959e+04   1.530369e+03
  3.001130e-01   5.141380e+04   1.558710e+03
  3.027570e-01   4.771728e+04   1.465624e+03
  3.054000e-01   5.222543e+04   1.548823e+03
  3.080430e-01   5.875685e+04   1.620301e+03
  3.106870e-01   4.667872e+04   1.458710e+03
  3.133300e-01   4.926380e+04   1.479987e+03
  3.159740e-01   5.119604e+04   1.481611e+03
  3.186170e-01   4.868579e+04   1.471279e+03
  3.212600e-01   5.097410e+04   1.480155e+03
  3.239040e-01   4.758646e+04   1.438715e+03
  3.265470e-01   5.003226e+04   1.473450e+03
  3.291900e-01   4.752598e+04   1.407598e+03
  3.318340e-01   4.681307e+04   1.421846e+03
  3.344770e-01   4.786141e+04   1.407689e+03
  3.371210e-01   4.452154e+04   1.365537e+03
  3.397640e-01   4.303650e+04   1.328768e+03
  3.424070e-01   4.381637e+04   1.330214e+03
  3.450510e-01   4.744260e+04   1.406363e+03
  3.476940e-01   4.742952e+04   1.365762e+03
  3.503380e-01   4.553540e+04   1.360630e+03
  3.529810e-01   4.697411e+04   1.372714e+03
  3.556240e-01   4.588430e+04   1.350707e+03
  3.582680e-01   4.439809e+04   1.324284e+03
  3.609110e-01   4.628599e+04   1.336161e+03
  3.635550e-01   4.722376e+04   1.359837e+03
  3.661980e-01   4.309567e+04   1.279756e+03
  3.688410e-01   4.138739e+04   1.263479e+03
  3.714850e-01   4.492070e+04   1.303830e+03
  3.741280e-01   4.289585e+04   1.268797e+03
  3.767710e-01   4.182766e+04   1.263451e+03
  3.794150e-01   4.341228e+04   1.265928e+03
  3.820580e-01   4.511007e+04   1.301132e+03
  3.847020e-01   4.304038e+04   1.250308e+03
  3.873450e-01   4.308004e+04   1.261074e+03
  3.899880e-01   4.260747e+04   1.247776e+03
  3.926320e-01   4.286795e+04   1.235434e+03
  3.952750e-01   4.134384e+04   1.226653e+03
  3.979190e-01   4.050159e+04   1.193808e+03
  4.005620e-01   4.221614e+04   1.232096e+03
  4.032050e-01   4.106724e+04   1.193997e+03
  4.058490e-01   4.192277e+04   1.208696e+03
  4.084920e-01   4.106189e+04   1.210323e+03
  4.111360e-01   4.324775e+04   1.221766e+03
  4.137790e-01   4.074689e+04   1.192776e+03
  4.164220e-01   4.020569e+04   1.172422e+03
  4.190660e-01   4.207501e+04   1.194850e+03
  4.217090e-01   4.020569e+04   1.172422e+03
  4.243530e-01   4.144794e+04   1.180379e+03
  4.269960e-01   4.180944e+04   1.248739e+03
  4.296390e-01   4.087703e+04   1.234736e+03
  4.322830e-01   3.911845e+04   1.262543e+03
  4.349260e-01   4.140731e+04   1.330881e+03
  4.375690e-01   3.684491e+04   1.232278e+03
  4.402130e-01   3.907524e+04   1.306871e+03
  4.428560e-01   3.913330e+04   1.301554e+03
  4.455000e-01   3.724847e+04   1.306361e+03
  4.481430e-01   3.797677e+04   1.317400e+03
  4.507860e-01   3.866228e+04   1.329236e+03
  4.534300e-01   3.721319e+04   1.340200e+03
  4.560730e-01   3.768491e+04   1.324113e+03
  4.587170e-01   3.531215e+04   1.281750e+03
  4.613600e-01   3.977688e+04   1.343170e+03
  4.640030e-01   3.726193e+04   1.288731e+03
  4.666470e-01   3.870175e+04   1.340132e+03
  4.692900e-01   3.662757e+04   1.265278e+03
  4.719340e-01   3.536249e+04   1.279370e+03
  4.745770e-01   3.516707e+04   1.251981e+03
  4.772200e-01   3.694268e+04   1.312701e+03
  4.798640e-01   3.471793e+04   1.245499e+03
  4.825070e-01   3.451746e+04   1.184636e+03
  4.851500e-01   3.354198e+04   1.177093e+03
  4.877940e-01   3.807023e+04   1.211789e+03
  4.904370e-01   3.551057e+04   1.184344e+03
  4.930810e-01   3.300105e+04   1.110574e+03
  4.957240e-01   3.548186e+04   1.138667e+03
  4.983670e-01   3.561721e+04   1.153755e+03
  5.010110e-01   3.259405e+04   1.085865e+03
  5.036540e-01   3.335374e+04   1.098447e+03
  5.062980e-01   3.279884e+04   1.068077e+03
  5.089410e-01   3.446202e+04   1.096938e+03
  5.115840e-01   3.543580e+04   1.115569e+03
  5.142280e-01   3.323666e+04   1.064971e+03
  5.168710e-01   3.197205e+04   1.053515e+03
  5.195150e-01   3.317134e+04   1.045318e+03
  5.221580e-01   3.187539e+04   1.034174e+03
  5.248010e-01   3.387161e+04   1.062124e+03
  5.274450e-01   3.418753e+04   1.053546e+03
  5.300880e-01   3.100155e+04   1.006884e+03
  5.327320e-01   3.250550e+04   1.017288e+03
  5.353750e-01   3.040259e+04   9.980138e+02
  5.380180e-01   3.205704e+04   9.988603e+02
  5.406620e-01   3.119708e+04   9.905082e+02
  5.433050e-01   3.118283e+04   9.981380e+02
  5.459480e-01   3.161373e+04   9.962333e+02
  5.485920e-01   2.954173e+04   9.630329e+02
  5.512350e-01   3.116075e+04   9.690531e+02
  5.538790e-01   3.234738e+04   9.898138e+02
  5.565220e-01   3.116878e+04   9.773707e+02
  5.591650e-01   2.878650e+04   9.290803e+02
  5.618090e-01   3.006577e+04   9.526703e+02
  5.644520e-01   3.133252e+04   9.605600e+02
  5.670960e-01   2.842220e+04   9.216531e+02
  5.697390e-01   2.916917e+04   9.237970e+02
  5.723820e-01   2.986122e+04   9.354499e+02
  5.750260e-01   2.910883e+04   9.191243e+02
  5.776690e-01   2.969956e+04   9.276583e+02
  5.803130e-01   3.025168e+04   9.407825e+02
  5.829560e-01   2.969589e+04   9.095315e+02
  5.855990e-01   2.861269e+04   9.061729e+02
  5.882430e-01   2.734567e+04   8.789233e+02
  5.908860e-01   2.865008e+04   9.010529e+02
  5.935290e-01   2.766051e+04   8.764567e+02
  5.961730e-01   2.871080e+04   8.915710e+02
  5.988160e-01   2.805567e+04   8.793196e+02
  6.014600e-01   2.897025e+04   8.914977e+02
  6.041030e-01   2.828526e+04   8.762466e+02
  6.067460e-01   2.821569e+04   8.745110e+02
  6.093900e-01   2.883973e+04   8.775651e+02
  6.120330e-01   2.765743e+04   8.638731e+02
  6.146770e-01   2.609196e+04   8.280032e+02
  6.173200e-01   2.517851e+04   8.092680e+02
  6.199630e-01   2.760520e+04   8.431280e+02
  6.226070e-01   2.603084e+04   8.252330e+02
  6.252500e-01   2.794492e+04   8.507307e+02
  6.278940e-01   2.637714e+04   8.194978e+02
  6.305370e-01   2.599523e+04   8.135435e+02
  6.331800e-01   2.536769e+04   7.986110e+02
  6.358240e-01   2.497681e+04   7.974481e+02
  6.384670e-01   2.513695e+04   7.933151e+02
  6.411110e-01   2.645051e+04   8.143440e+02
  6.437540e-01   2.462029e+04   7.856650e+02
  6.463970e-01   2.703975e+04   8.227933e+02
  6.490410e-01   2.600813e+04   8.041617e+02
  6.516840e-01   2.579855e+04   8.003639e+02
  6.543270e-01   2.523253e+04   7.904487e+02
  6.569710e-01   2.385920e+04   7.745025e+02
  6.596140e-01   2.542401e+04   7.891242e+02
  6.622580e-01   2.434110e+04   7.763604e+02
  6.649010e-01   2.449506e+04   7.688570e+02
  6.675440e-01   2.452468e+04   7.739922e+02
  6.701880e-01   2.530195e+04   7.926233e+02
  6.728310e-01   2.348615e+04   7.498550e+02
  6.754750e-01   2.440977e+04   7.711339e+02
  6.781180e-01   2.316813e+04   7.442675e+02
  6.807610e-01   2.466803e+04   7.690009e+02
  6.834050e-01   2.448833e+04   7.626581e+02
  6.860480e-01   2.372621e+04   7.443574e+02
  6.886920e-01   2.444529e+04   7.665398e+02
  6.913350e-01   2.278372e+04   7.252136e+02
  6.939780e-01   2.372827e+04   7.507292e+02
  6.966220e-01   2.269801e+04   7.261735e+02
  6.992650e-01   2.363235e+04   7.367146e+02
  7.019080e-01   2.265943e+04   7.336260e+02
  7.045520e-01   2.303827e+04   7.210029e+02
  7.071950e-01   2.252428e+04   7.187786e+02
  7.098390e-01   2.126429e+04   7.010630e+02
  7.124820e-01   2.174287e+04   6.995654e+02
  7.151250e-01   2.289913e+04   7.270482e+02
  7.177690e-01   2.342718e+04   7.198997e+02
  7.204120e-01   2.121055e+04   6.918120e+02
  7.230560e-01   2.188470e+04   6.983689e+02
  7.256990e-01   2.240725e+04   7.092892e+02
  7.283420e-01   2.249226e+04   7.066890e+02
  7.309860e-01   2.105277e+04   6.816085e+02
  7.336290e-01   2.050298e+04   6.759632e+02
  7.362730e-01   2.157432e+04   6.870663e+02
  7.389160e-01   2.058969e+04   6.712047e+02
  7.415590e-01   2.173237e+04   6.920998e+02
  7.442030e-01   2.107801e+04   6.726264e+02
  7.468460e-01   2.236104e+04   7.011831e+02
  7.494900e-01   2.100002e+04   6.674246e+02
  7.521330e-01   2.022460e+04   6.596539e+02
  7.547760e-01   2.169164e+04   6.795249e+02
  7.574200e-01   2.069795e+04   6.673286e+02
  7.600630e-01   2.088147e+04   6.690854e+02
  7.627060e-01   2.093563e+04   6.590836e+02
  7.653500e-01   2.125834e+04   6.719118e+02
  7.679930e-01   1.966590e+04   6.421144e+02
  7.706370e-01   2.089063e+04   6.652931e+02
  7.732800e-01   1.993535e+04   6.424078e+02
  7.759230e-01   2.135821e+04   6.664685e+02
  7.785670e-01   2.022441e+04   6.500370e+02
  7.812100e-01   2.043648e+04   6.482057e+02
  7.838540e-01   1.974904e+04   6.393988e+02
  7.864970e-01   1.922793e+04   6.244941e+02
  7.891400e-01   1.965206e+04   6.309898e+02
  7.917840e-01   2.040071e+04   6.483771e+02
  7.944270e-01   2.008636e+04   6.361415e+02
  7.970710e-01   2.028513e+04   6.417932e+02
  7.997140e-01   1.976693e+04   6.279172e+02
  8.023570e-01   1.978530e+04   6.352677e+02
  8.050010e-01   1.954917e+04   6.247943e+02
  8.076440e-01   1.989434e+04   6.278597e+02
  8.102870e-01   1.922838e+04   6.193043e+02
  8.129310e-01   1.884154e+04   6.100173e+02
  8.155740e-01   1.888013e+04   6.103079e+02
  8.182180e-01   1.795396e+04   5.919245e+02
  8.208610e-01   1.871433e+04   6.040026e+02
  8.235040e-01   1.926410e+04   6.138052e+02
  8.261480e-01   1.883468e+04   6.072545e+02
  8.287910e-01   1.865196e+04   6.010511e+02
  8.314350e-01   1.862399e+04   5.961395e+02
  8.340780e-01   1.865261e+04   6.013842e+02
  8.367210e-01   1.756939e+04   5.820998e+02
  8.393650e-01   1.866216e+04   5.967500e+02
  8.420080e-01   1.878128e+04   6.005591e+02
  8.446520e-01   1.859122e+04   5.882002e+02
  8.472950e-01   1.930378e+04   6.098295e+02
  8.499380e-01   1.846651e+04   5.901923e+02
  8.525820e-01   1.823763e+04   5.825798e+02
  8.552250e-01   1.805154e+04   5.835233e+02
  8.578690e-01   1.722071e+04   5.702347e+02
  8.605120e-01   1.787162e+04   5.977164e+02
  8.631550e-01   1.811072e+04   5.977429e+02
  8.657990e-01   1.706544e+04   5.860297e+02
  8.684420e-01   1.841744e+04   6.118786e+02
  8.710850e-01   1.725191e+04   5.872619e+02
  8.737290e-01   1.910128e+04   6.270303e+02
  8.763720e-01   1.703986e+04   5.813924e+02
  8.790160e-01   1.774523e+04   6.019657e+02
  8.816590e-01   1.730285e+04   5.998685e+02
  8.843020e-01   1.851491e+04   6.107506e+02
  8.869460e-01   1.819415e+04   6.088442e+02
  8.895890e-01   1.689487e+04   5.659995e+02
  8.922330e-01   1.716344e+04   5.756432e+02
  8.948760e-01   1.679169e+04   5.619124e+02
  8.975190e-01   1.771896e+04   5.721750e+02
  9.001630e-01   1.750509e+04   5.743234e+02
  9.028060e-01   1.792312e+04   5.734114e+02
  9.054500e-01   1.704557e+04   5.635091e+02
  9.080930e-01   1.747157e+04   5.627213e+02
  9.107360e-01   1.691201e+04   5.530819e+02
  9.133800e-01   1.720852e+04   5.615788e+02
  9.160230e-01   1.846672e+04   5.773670e+02
  9.186660e-01   1.619408e+04   5.404036e+02
  9.213100e-01   1.773329e+04   5.599366e+02
  9.239530e-01   1.688170e+04   5.512069e+02
  9.265970e-01   1.790741e+04   5.679886e+02
  9.292400e-01   1.756176e+04   5.542444e+02
  9.318830e-01   1.667533e+04   5.459258e+02
  9.345270e-01   1.726744e+04   5.485184e+02
  9.371700e-01   1.687774e+04   5.478747e+02
  9.398140e-01   1.683536e+04   5.408296e+02
  9.424570e-01   1.623265e+04   5.277691e+02
  9.451000e-01   1.628828e+04   5.332544e+02
  9.477440e-01   1.702002e+04   5.409317e+02
  9.503870e-01   1.603019e+04   5.308125e+02
  9.530310e-01   1.733014e+04   5.392027e+02
  9.556740e-01   1.485079e+04   5.055266e+02
  9.583170e-01   1.623620e+04   5.248419e+02
  9.609610e-01   1.598225e+04   5.185328e+02
  9.636040e-01   1.603823e+04   5.231093e+02
  9.662480e-01   1.578890e+04   5.106495e+02
  9.688910e-01   1.546314e+04   5.098046e+02
  9.715340e-01   1.691601e+04   5.314876e+02
  9.741780e-01   1.661525e+04   5.207544e+02
  9.768210e-01   1.543989e+04   5.035938e+02
  9.794640e-01   1.668764e+04   5.174618e+02
  9.821080e-01   1.626766e+04   5.159788e+02
  9.847510e-01   1.581989e+04   5.113844e+02
  9.873950e-01   1.560847e+04   5.145960e+02
  9.900380e-01   1.533940e+04   5.197558e+02
  9.926810e-01   1.664947e+04   5.401803e+02
  9.953250e-01   1.609217e+04   5.403223e+02
  9.979680e-01   1.508194e+04   5.209970e+02
  1.000610e+00   1.508290e+04   5.273611e+02
  1.003250e+00   1.513880e+04   5.299640e+02
  1.005900e+00   1.573436e+04   5.422419e+02
  1.008540e+00   1.558568e+04   5.416400e+02
  1.011190e+00   1.528451e+04   5.363812e+02
  1.013830e+00   1.431340e+04   5.265268e+02
  1.016470e+00   1.477466e+04   5.320965e+02
  1.019120e+00   1.481698e+04   5.357090e+02
  1.021760e+00   1.626962e+04   5.613554e+02
  1.024400e+00   1.438300e+04   5.283726e+02
  1.027050e+00   1.530928e+04   5.495711e+02
  1.029690e+00   1.548386e+04   5.488109e+02
  1.032330e+00   1.438544e+04   5.353706e+02
  1.034980e+00   1.455256e+04   5.378781e+02
  1.037620e+00   1.481813e+04   5.421670e+02
  1.040260e+00   1.461598e+04   5.387523e+02
  1.042910e+00   1.507964e+04   5.259627e+02
  1.045550e+00   1.481200e+04   5.266540e+02
  1.048190e+00   1.548574e+04   5.308444e+02
  1.050840e+00   1.378089e+04   4.972752e+02
  1.053480e+00   1.424560e+04   5.033434e+02
  1.056120e+00   1.420077e+04   4.974314e+02
  1.058770e+00   1.481422e+04   5.105318e+02
  1.061410e+00   1.430597e+04   4.980700e+02
  1.064050e+00   1.437246e+04   4.970819e+02
  1.066700e+00   1.499195e+04   5.048053e+02
  1.069340e+00   1.439062e+04   4.927253e+02
  1.071980e+00   1.434559e+04   4.949699e+02
  1.074630e+00   1.443793e+04   4.880911e+02
  1.077270e+00   1.425298e+04   4.894494e+02
  1.079910e+00   1.479499e+04   4.945418e+02
  1.082560e+00   1.478121e+04   4.891867e+02
  1.085200e+00   1.460846e+04   4.894019e+02
  1.087840e+00   1.441250e+04   4.796179e+02
  1.090490e+00   1.357112e+04   4.693669e+02
  1.093130e+00   1.371469e+04   4.684847e+02
  1.095770e+00   1.387842e+04   4.710642e+02
  1.098420e+00   1.557044e+04   4.976335e+02
  1.101060e+00   1.458009e+04   4.796496e+02
  1.103700e+00   1.358649e+04   4.654655e+02
  1.106350e+00   1.336568e+04   4.584392e+02
  1.108990e+00   1.427656e+04   4.709402e+02
  1.111630e+00   1.359284e+04   4.587360e+02
  1.114280e+00   1.365060e+04   4.591195e+02
  1.116920e+00   1.409439e+04   4.713868e+02
  1.119560e+00   1.331073e+04   4.497278e+02
  1.122210e+00   1.319151e+04   4.511400e+02
  1.124850e+00   1.371119e+04   4.585708e+02
  1.127490e+00   1.391537e+04   4.625624e+02
  1.130140e+00   1.373888e+04   4.600118e+02
  1.132780e+00   1.292654e+04   4.433767e+02
  1.135420e+00   1.327229e+04   4.494565e+02
  1.138070e+00   1.281418e+04   4.397814e+02
  1.140710e+00   1.267707e+04   4.387080e+02
  1.143350e+00   1.378095e+04   4.568342e+02
  1.146000e+00   1.332553e+04   4.464221e+02
  1.148640e+00   1.378536e+04   4.574833e+02
  1.151280e+00   1.332694e+04   4.449734e+02
  1.153930e+00   1.354238e+04   4.496675e+02
  1.156570e+00   1.333470e+04   4.447372e+02
  1.159220e+00   1.328794e+04   4.426853e+02
  1.161860e+00   1.356854e+04   4.502878e+02
  1.164500e+00   1.368025e+04   4.457265e+02
  1.167150e+00   1.311361e+04   4.403118e+02
  1.169790e+00   1.367584e+04   4.444052e+02
  1.172430e+00   1.324950e+04   4.404284e+02
  1.175080e+00   1.354231e+04   4.452685e+02
  1.177720e+00   1.306587e+04   4.326543e+02
  1.180360e+00   1.304209e+04   4.364368e+02
  1.183010e+00   1.319096e+04   4.348929e+02
  1.185650e+00   1.326679e+04   4.385866e+02
  1.188290e+00   1.325973e+04   4.355065e+02
  1.190940e+00   1.350670e+04   4.379846e+02
  1.193580e+00   1.263320e+04   4.261073e+02
  1.196220e+00   1.261773e+04   4.219999e+02
  1.198870e+00   1.341457e+04   4.361454e+02
  1.201510e+00   1.321153e+04   4.311420e+02
  1.204150e+00   1.294234e+04   4.273939e+02
  1.206800e+00   1.321984e+04   4.327983e+02
  1.209440e+00   1.290984e+04   4.235580e+02
  1.212080e+00   1.340851e+04   4.343441e+02
  1.214730e+00   1.248111e+04   4.174307e+02
  1.217370e+00   1.257507e+04   4.175484e+02
  1.220010e+00   1.409713e+04   4.422662e+02
  1.222660e+00   1.330757e+04   4.253118e+02
  1.225300e+00   1.341011e+04   4.316867e+02
  1.227940e+00   1.254920e+04   4.160018e+02
  1.230590e+00   1.200694e+04   4.056770e+02
  1.233230e+00   1.251829e+04   4.140682e+02
  1.235870e+00   1.283214e+04   4.165489e+02
  1.238520e+00   1.208465e+04   4.071423e+02
  1.241160e+00   1.224731e+04   4.080172e+02
  1.243800e+00   1.361241e+04   4.272697e+02
  1.246450e+00   1.279157e+04   4.158900e+02
  1.249090e+00   1.292880e+04   4.185854e+02
  1.251730e+00   1.243671e+04   4.106963e+02
  1.254380e+00   1.277880e+04   4.109384e+02
  1.257020e+00   1.190433e+04   4.001596e+02
  1.259660e+00   1.210499e+04   4.003975e+02
  1.262310e+00   1.301421e+04   4.170021e+02
  1.264950e+00   1.203436e+04   4.011452e+02
  1.267590e+00   1.270922e+04   4.074389e+02
  1.270240e+00   1.220162e+04   4.014039e+02
  1.272880e+00   1.191165e+04   3.957380e+02
  1.275520e+00   1.178768e+04   3.946807e+02
  1.278170e+00   1.227712e+04   3.995864e+02
  1.280810e+00   1.300289e+04   4.134679e+02
  1.283450e+00   1.262821e+04   4.067274e+02
  1.286100e+00   1.214683e+04   3.970315e+02
  1.288740e+00   1.215157e+04   3.978247e+02
  1.291380e+00   1.210665e+04   3.929984e+02
  1.294030e+00   1.263868e+04   4.060130e+02
  1.296670e+00   1.219453e+04   3.979533e+02
  1.299310e+00   1.227657e+04   3.956071e+02
  1.301960e+00   1.182159e+04   3.884814e+02
  1.304600e+00   1.161996e+04   3.839344e+02
  1.307240e+00   1.221970e+04   3.975069e+02
  1.309890e+00   1.241754e+04   3.960579e+02
  1.312530e+00   1.220350e+04   3.934566e+02
  1.315180e+00   1.238287e+04   3.949524e+02
  1.317820e+00   1.095628e+04   3.706017e+02
  1.320460e+00   1.175684e+04   3.851079e+02
  1.323110e+00   1.251048e+04   3.924886e+02
  1.325750e+00   1.236287e+04   3.927195e+02
  1.328390e+00   1.189423e+04   3.834854e+02
  1.331040e+00   1.151309e+04   3.765182e+02
  1.333680e+00   1.273567e+04   3.981841e+02
  1.336320e+00   1.136443e+04   3.720547e+02
  1.338970e+00   1.234909e+04   3.916893e+02
  1.341610e+00   1.150307e+04   3.769978e+02
  1.344250e+00   1.150283e+04   3.741872e+02
  1.346900e+00   1.206706e+04   3.846838e+02
  1.349540e+00   1.197406e+04   3.799855e+02
  1.352180e+00   1.180815e+04   3.817032e+02
  1.354830e+00   1.222454e+04   3.852281e+02
  1.357470e+00   1.151395e+04   3.747472e+02
  1.360110e+00   1.118756e+04   3.696472e+02
  1.362760e+00   1.156962e+04   3.761606e+02
  1.365400e+00   1.211224e+04   3.859279e+02
  1.368040e+00   1.141230e+04   3.694869e+02
  1.370690e+00   1.164890e+04   3.765555e+02
  1.373330e+00   1.195288e+04   3.822109e+02
  1.375970e+00   1.239305e+04   3.870938e+02
  1.378620e+00   1.138560e+04   3.721501e+02
  1.381260e+00   1.172395e+04   3.741262e+02
  1.383900e+00   1.181225e+04   3.782946e+02
  1.386550e+00   1.127320e+04   3.680829e+02
  1.389190e+00   1.127921e+04   3.676918e+02
  1.391830e+00   1.147323e+04   3.701042e+02
  1.394480e+00   1.170781e+04   3.739924e+02
  1.397120e+00   1.110121e+04   3.659961e+02
  1.399760e+00   1.146035e+04   3.689217e+02
  1.402410e+00   1.149269e+04   3.678721e+02
  1.405050e+00   1.159602e+04   3.723257e+02
  1.407690e+00   1.172162e+04   3.731033e+02
  1.410340e+00   1.074524e+04   3.575794e+02
  1.412980e+00   1.109601e+04   3.607623e+02
  1.415620e+00   1.130571e+04   3.645109e+02
  1.418270e+00   1.108761e+04   3.629921e+02
  1.420910e+00   1.128515e+04   3.644165e+02
  1.423550e+00   1.106157e+04   3.607885e+02
  1.426200e+00   1.110954e+04   3.606309e+02
  1.428840e+00   1.096906e+04   3.583435e+02
  1.431480e+00   1.169141e+04   3.697148e+02
  1.434130e+00   1.063483e+04   3.502396e+02
  1.436770e+00   1.097571e+04   3.579881e+02
  1.439410e+00   1.100474e+04   3.595093e+02
  1.442060e+00   1.200724e+04   3.735879e+02
  1.444700e+00   1.149052e+04   3.659327e+02
  1.447340e+00   1.179413e+04   3.673132e+02
  1.449990e+00   1.138208e+04   3.630319e+02
  1.452630e+00   1.131987e+04   3.621546e+02
  1.455270e+00   1.068568e+04   3.509637e+02
  1.457920e+00   1.141780e+04   3.610624e+02
  1.460560e+00   1.175290e+04   3.662067e+02
  1.463200e+00   1.128365e+04   3.609960e+02
  1.465850e+00   1.092924e+04   3.534768e+02
  1.468490e+00   1.128508e+04   3.597551e+02
  1.471140e+00   1.129210e+04   3.572662e+02
  1.473780e+00   1.102191e+04   3.561016e+02
  1.476420e+00   1.127509e+04   3.583459e+02
  1.479070e+00   1.125526e+04   3.573549e+02
  1.481710e+00   1.078140e+04   3.483313e+02
  1.484350e+00   1.092771e+04   3.506868e+02
  1.487000e+00   1.111215e+04   3.564225e+02
  1.489640e+00   1.130173e+04   3.550916e+02
  1.492280e+00   1.160052e+04   3.623393e+02
  1.494930e+00   1.131989e+04   3.554865e+02
  1.497570e+00   1.112859e+04   3.542268e+02
  1.500210e+00   1.172675e+04   3.632818e+02
  1.502860e+00   1.147117e+04   3.570820e+02
  1.505500e+00   1.080383e+04   3.492381e+02
  1.508140e+00   1.130872e+04   3.553112e+02
  1.510790e+00   1.073755e+04   3.454750e+02
  1.513430e+00   1.154096e+04   3.583874e+02
  1.516070e+00   1.081988e+04   3.456284e+02
  1.518720e+00   1.102777e+04   3.511956e+02
  1.521360e+00   1.085956e+04   3.458387e+02
  1.524000e+00   1.128635e+04   3.532164e+02
  1.526650e+00   1.168302e+04   3.600317e+02
  1.529290e+00   1.164297e+04   3.574423e+02
  1.531930e+00   1.102589e+04   3.514926e+02
  1.534580e+00   1.094429e+04   3.453987e+02
  1.537220e+00   1.090750e+04   3.454441e+02
  1.539860e+00   1.159434e+04   3.571296e+02
  1.542510e+00   1.221004e+04   3.661548e+02
  1.545150e+00   1.048010e+04   3.410983e+02
  1.547790e+00   1.128079e+04   3.579850e+02
  1.550440e+00   1.131449e+04   3.644151e+02
  1.553080e+00   1.098125e+04   3.591254e+02
  1.555720e+00   1.087858e+04   3.600285e+02
  1.558370e+00   1.048076e+04   3.557401e+02
  1.561010e+00   1.096544e+04   3.629030e+02
  1.563650e+00   1.072393e+04   3.652585e+02
  1.566300e+00   1.086008e+04   3.632153e+02
  1.568940e+00   1.088803e+04   3.676627e+02
  1.571580e+00   1.057128e+04   3.615300e+02
  1.574230e+00   1.067605e+04   3.681396e+02
  1.576870e+00   1.109391e+04   3.763350e+02
  1.579510e+00   1.153641e+04   3.805511e+02
  1.582160e+00   1.083604e+04   3.723307e+02
  1.584800e+00   1.091222e+04   3.723202e+02
  1.587440e+00   1.051698e+04   3.709053e+02
  1.590090e+00   1.087771e+04   3.759886e+02
  1.592730e+00   1.147919e+04   3.834927e+02
  1.595370e+00   1.080970e+04   3.786473e+02
  1.598020e+00   1.096221e+04   3.793628e+02
  1.600660e+00   1.145755e+04   3.875573e+02
  1.603300e+00   1.048554e+04   3.609273e+02
  1.605950e+00   1.032750e+04   3.569707e+02
  1.608590e+00   1.109443e+04   3.696090e+02
  1.611230e+00   1.106269e+04   3.635425e+02
  1.613880e+00   1.104088e+04   3.650002e+02
  1.616520e+00   1.055556e+04   3.524398e+02
  1.619160e+00   1.099308e+04   3.620376e+02
  1.621810e+00   1.036115e+04   3.514780e+02
  1.624450e+00   1.091864e+04   3.549956e+02
  1.627100e+00   1.073239e+04   3.548020e+02
  1.629740e+00   1.091166e+04   3.547688e+02
  1.632380e+00   1.063374e+04   3.532823e+02
  1.635030e+00   1.079632e+04   3.528887e+02
  1.637670e+00   1.042927e+04   3.449696e+02
  1.640310e+00   1.094948e+04   3.567534e+02
  1.642960e+00   1.107991e+04   3.541154e+02
  1.645600e+00   1.146347e+04   3.617838e+02
  1.648240e+00   1.146684e+04   3.595699e+02
  1.650890e+00   1.024730e+04   3.404437e+02
  1.653530e+00   1.077856e+04   3.502563e+02
  1.656170e+00   1.074764e+04   3.477855e+02
  1.658820e+00   1.019020e+04   3.402409e+02
  1.661460e+00   1.035670e+04   3.403424e+02
  1.664100e+00   1.111127e+04   3.558453e+02
  1.666750e+00   1.124967e+04   3.568179e+02
  1.669390e+00   1.041648e+04   3.397481e+02
  1.672030e+00   1.086487e+04   3.506623e+02
  1.674680e+00   1.068739e+04   3.435058e+02
  1.677320e+00   1.053948e+04   3.450469e+02
  1.679960e+00   1.087081e+04   3.470784e+02
  1.682610e+00   1.132905e+04   3.533433e+02
  1.685250e+00   1.081748e+04   3.480468e+02
  1.687890e+00   1.081765e+04   3.459102e+02
  1.690540e+00   1.065373e+04   3.434900e+02
  1.693180e+00   1.027482e+04   3.340632e+02
  1.695820e+00   1.048687e+04   3.400601e+02
  1.698470e+00   1.037740e+04   3.404714e+02
  1.701110e+00   1.088290e+04   3.432903e+02
  1.703750e+00   1.051708e+04   3.421206e+02
  1.706400e+00   1.055337e+04   3.369432e+02
  1.709040e+00   1.043878e+04   3.381453e+02
  1.711680e+00   1.079370e+04   3.437415e+02
  1.714330e+00   1.088481e+04   3.424996e+02
  1.716970e+00   1.011715e+04   3.322909e+02
  1.719610e+00   1.081132e+04   3.430870e+02
  1.722260e+00   1.076358e+04   3.419164e+02
  1.724900e+00   1.031823e+04   3.326730e+02
  1.727540e+00   1.060528e+04   3.375697e+02
  1.730190e+00   1.106280e+04   3.462199e+02
  1.732830e+00   1.053814e+04   3.368003e+02
  1.735470e+00   1.018568e+04   3.315158e+02
  1.738120e+00   1.068334e+04   3.380060e+02
  1.740760e+00   1.086951e+04   3.413430e+02
  1.743400e+00   1.065951e+04   3.379292e+02
  1.746050e+00   1.066196e+04   3.376675e+02
  1.748690e+00   1.098233e+04   3.421967e+02
  1.751330e+00   1.044811e+04   3.323985e+02
  1.753980e+00   1.029678e+04   3.323270e+02
  1.756620e+00   1.098100e+04   3.406701e+02
  1.759260e+00   1.067404e+04   3.363677e+02
  1.761910e+00   1.009913e+04   3.268002e+02
  1.764550e+00   1.079064e+04   3.381998e+02
  1.767190e+00   1.087570e+04   3.405315e+02
  1.769840e+00   1.142568e+04   3.452829e+02
  1.772480e+00   1.083303e+04   3.378729e+02
  1.775120e+00   1.063139e+04   3.323932e+02
  1.777770e+00   1.092290e+04   3.378936e+02
  1.780410e+00   1.052129e+04   3.328788e+02
  1.783060e+00   1.022817e+04   3.249086e+02
  1.785700e+00   9.670840e+03   3.184922e+02
  1.788340e+00   1.087053e+04   3.365956e+02
  1.790990e+00   1.044926e+04   3.283075e+02
  1.793630e+00   9.726494e+03   3.189443e+02
  1.796270e+00   1.074082e+04   3.316268e+02
  1.798920e+00   1.033918e+04   3.296010e+02
  1.801560e+00   1.026359e+04   3.253776e+02
  1.804200e+00   1.065979e+04   3.315036e+02
  1.806850e+00   1.105851e+04   3.382264e+02
  1.809490e+00   1.037551e+04   3.269601e+02
  1.812130e+00   1.002981e+04   3.264426e+02
  1.814780e+00   1.081041e+04   3.329828e+02
  1.817420e+00   1.078715e+04   3.353022e+02
  1.820060e+00   1.068676e+04   3.341244e+02
  1.822710e+00   1.078295e+04   3.353338e+02
  1.825350e+00   1.042931e+04   3.311309e+02
  1.827990e+00   1.064232e+04   3.320865e+02
  1.830640e+00   1.068464e+04   3.365346e+02
  1.833280e+00   1.003786e+04   3.227957e+02
  1.835920e+00   1.018157e+04   3.270792e+02
  1.838570e+00   1.035108e+04   3.293118e+02
  1.841210e+00   1.052058e+04   3.298976e+02
  1.843850e+00   1.051142e+04   3.345823e+02
  1.846500e+00   1.047114e+04   3.299736e+02
  1.849140e+00   1.051780e+04   3.324360e+02
  1.851780e+00   1.035138e+04   3.306626e+02
  1.854430e+00   1.126391e+04   3.432268e+02
  1.857070e+00   1.024231e+04   3.298825e+02
  1.859710e+00   1.050252e+04   3.293314e+02
  1.862360e+00   1.092593e+04   3.396161e+02
  1.865000e+00   1.083092e+04   3.371519e+02
  1.867640e+00   1.083092e+04   3.376430e+02
  1.870290e+00   1.039043e+04   3.308988e+02
  1.872930e+00   1.021337e+04   3.247662e+02
  1.875570e+00   1.040168e+04   3.324391e+02
  1.878220e+00   1.074271e+04   3.358738e+02
  1.880860e+00   1.016118e+04   3.260879e+02
  1.883500e+00   1.050175e+04   3.339361e+02
  1.886150e+00   1.022096e+04   3.245158e+02
  1.888790e+00   9.706958e+03   3.214295e+02
  1.891430e+00   1.041155e+04   3.287494e+02
  1.894080e+00   1.020947e+04   3.284845e+02
  1.896720e+00   1.009322e+04   3.266089e+02
  1.899360e+00   1.031367e+04   3.286208e+02
  1.902010e+00   9.874253e+03   3.236156e+02
  1.904650e+00   1.068230e+04   3.320431e+02
  1.907290e+00   1.078019e+04   3.375409e+02
  1.909940e+00   1.031963e+04   3.281453e+02
  1.912580e+00   1.039105e+04   3.322693e+02
  1.915220e+00   1.080357e+04   3.371181e+02
  1.917870e+00   1.038482e+04   3.282328e+02
  1.920510e+00   1.021586e+04   3.280116e+02
  1.923150e+00   1.094256e+04   3.394776e+02
  1.925800e+00   1.060070e+04   3.330656e+02
  1.928440e+00   1.024746e+04   3.285184e+02
  1.931080e+00   1.062039e+04   3.327004e+02
  1.933730e+00   1.060422e+04   3.351673e+02
  1.936370e+00   1.012979e+04   3.255838e+02
  1.939020e+00   1.042722e+04   3.302334e+02
  1.941660e+00   1.077016e+04   3.359119e+02
  1.944300e+00   1.045918e+04   3.314118e+02
  1.946950e+00   1.031516e+04   3.301803e+02
  1.949590e+00   1.065831e+04   3.329096e+02
  1.952230e+00   1.044312e+04   3.317368e+02
  1.954880e+00   9.841538e+03   3.208250e+02
  1.957520e+00   1.084145e+04   3.378070e+02
  1.960160e+00   1.049337e+04   3.316638e+02
  1.962810e+00   1.010844e+04   3.243954e+02
  1.965450e+00   1.031063e+04   3.302045e+02
  1.968090e+00   1.019173e+04   3.257290e+02
  1.970740e+00   1.016840e+04   3.264877e+02
  1.973380e+00   1.040152e+04   3.292544e+02
  1.976020e+00   1.049096e+04   3.307623e+02
  1.978670e+00   1.090945e+04   3.402565e+02
  1.981310e+00   1.083092e+04   3.361760e+02
  1.983950e+00   1.063338e+04   3.342576e+02
  1.986600e+00   1.090354e+04   3.363305e+02
  1.989240e+00   1.009288e+04   3.257463e+02
  1.991880e+00   1.040347e+04   3.301441e+02
  1.994530e+00   1.026822e+04   3.247097e+02
  1.997170e+00   1.051236e+04   3.341049e+02
  1.999810e+00   1.053864e+04   3.293325e+02
  2.002460e+00   9.891824e+03   3.212715e+02
  2.005100e+00   1.000097e+04   3.221094e+02
  2.007740e+00   1.083710e+04   3.339633e+02
  2.010390e+00   1.078253e+04   3.367897e+02
  2.013030e+00   1.114585e+04   3.386872e+02
  2.015670e+00   1.032399e+04   3.261474e+02
  2.018320e+00   1.107963e+04   3.360550e+02
  2.020960e+00   1.084331e+04   3.346319e+02
  2.023600e+00   1.030481e+04   3.266843e+02
  2.026250e+00   1.014635e+04   3.214993e+02
  2.028890e+00   1.001361e+04   3.226841e+02
  2.031530e+00   1.036330e+04   3.252857e+02
  2.034180e+00   1.011508e+04   3.239420e+02
  2.036820e+00   1.031516e+04   3.255437e+02
  2.039460e+00   1.045196e+04   3.263053e+02
  2.042110e+00   1.085994e+04   3.354646e+02
  2.044750e+00   1.042499e+04   3.269003e+02
  2.047390e+00   1.061855e+04   3.324797e+02
  2.050040e+00   1.071905e+04   3.301688e+02
  2.052680e+00   1.059146e+04   3.292196e+02
  2.055320e+00   1.001824e+04   3.226657e+02
  2.057970e+00   1.008192e+04   3.207486e+02
  2.060610e+00   1.014628e+04   3.229596e+02
  2.063250e+00   1.054283e+04   3.281840e+02
  2.065900e+00   1.069721e+04   3.317063e+02
  2.068540e+00   1.028855e+04   3.263329e+02
  2.071180e+00   9.749651e+03   3.141781e+02
  2.073830e+00   1.055942e+04   3.307905e+02
  2.076470e+00   1.050973e+04   3.268372e+02
  2.079110e+00   1.017545e+04   3.253749e+02
  2.081760e+00   1.051050e+04   3.274952e+02
  2.084400e+00   1.000617e+04   3.180170e+02
  2.087040e+00   1.058622e+04   3.313052e+02
  2.089690e+00   9.902205e+03   3.185982e+02
  2.092330e+00   9.615079e+03   3.152909e+02
  2.094980e+00   1.008403e+04   3.203298e+02
  2.097620e+00   1.056402e+04   3.280498e+02
  2.100260e+00   9.939639e+03   3.194721e+02
  2.102910e+00   1.063478e+04   3.296120e+02
  2.105550e+00   1.043832e+04   3.292664e+02
  2.108190e+00   1.084157e+04   3.397961e+02
  2.110840e+00   1.026764e+04   3.374157e+02
  2.113480e+00   1.034401e+04   3.406619e+02
  2.116120e+00   9.832136e+03   3.306905e+02
  2.118770e+00   1.009099e+04   3.399741e+02
  2.121410e+00   1.016813e+04   3.391260e+02
  2.124050e+00   1.121545e+04   3.648386e+02
  2.126700e+00   1.050398e+04   3.489712e+02
  2.129340e+00   1.056646e+04   3.531980e+02
  2.131980e+00   1.010069e+04   3.482998e+02
  2.134630e+00   9.701654e+03   3.406711e+02
  2.137270e+00   1.078885e+04   3.653567e+02
  2.139910e+00   1.078791e+04   3.589993e+02
  2.142560e+00   1.075886e+04   3.656011e+02
  2.145200e+00   1.036131e+04   3.587828e+02
  2.147840e+00   1.052175e+04   3.621736e+02
  2.150490e+00   1.073809e+04   3.670204e+02
  2.153130e+00   1.043470e+04   3.583290e+02
  2.155770e+00   1.034989e+04   3.638827e+02
  2.158420e+00   9.791317e+03   3.549350e+02
  2.161060e+00   1.007296e+04   3.543654e+02
  2.163700e+00   1.010401e+04   3.498734e+02
  2.166350e+00   1.028490e+04   3.478920e+02
  2.168990e+00   1.025384e+04   3.496532e+02
  2.171630e+00   1.070240e+04   3.536172e+02
  2.174280e+00   1.055997e+04   3.496757e+02
  2.176920e+00   1.010933e+04   3.441255e+02
  2.179560e+00   1.043711e+04   3.446638e+02
  2.182210e+00   1.025500e+04   3.416437e+02
  2.184850e+00   9.946995e+03   3.353131e+02
  2.187490e+00   1.027305e+04   3.412991e+02
  2.190140e+00   1.007954e+04   3.397811e+02
  2.192780e+00   1.008762e+04   3.375694e+02
  2.195420e+00   1.037074e+04   3.395228e+02
  2.198070e+00   1.072611e+04   3.458238e+02
  2.200710e+00   1.059742e+04   3.449166e+02
  2.203350e+00   1.032816e+04   3.427521e+02
  2.206000e+00   9.931122e+03   3.321464e+02
  2.208640e+00   1.045266e+04   3.420213e+02
  2.211280e+00   1.037935e+04   3.414556e+02
  2.213930e+00   1.031357e+04   3.391081e+02
  2.216570e+00   9.979984e+03   3.347179e+02
  2.219210e+00   9.979621e+03   3.317338e+02
  2.221860e+00   1.057576e+04   3.440295e+02
  2.224500e+00   1.055527e+04   3.439094e+02
  2.227140e+00   9.607354e+03   3.277987e+02
  2.229790e+00   9.667674e+03   3.285210e+02
  2.232430e+00   1.007191e+04   3.348016e+02
  2.235070e+00   9.931156e+03   3.342100e+02
  2.237720e+00   1.049534e+04   3.437863e+02
  2.240360e+00   1.091619e+04   3.499569e+02
  2.243010e+00   1.008466e+04   3.361552e+02
  2.245650e+00   1.049925e+04   3.429955e+02
  2.248290e+00   1.004236e+04   3.358668e+02
  2.250940e+00   1.042221e+04   3.439841e+02
  2.253580e+00   1.000153e+04   3.330144e+02
  2.256220e+00   1.002362e+04   3.361814e+02
  2.258870e+00   1.026816e+04   3.413251e+02
  2.261510e+00   1.025910e+04   3.391555e+02
  2.264150e+00   1.041696e+04   3.432504e+02
  2.266800e+00   1.019129e+04   3.387700e+02
  2.269440e+00   1.060725e+04   3.461546e+02
  2.272080e+00   1.027286e+04   3.420489e+02
  2.274730e+00   1.002117e+04   3.347839e+02
  2.277370e+00   1.055268e+04   3.454793e+02
  2.280010e+00   1.039705e+04   3.418531e+02
  2.282660e+00   9.545399e+03   3.283717e+02
  2.285300e+00   1.006742e+04   3.367049e+02
  2.287940e+00   1.054684e+04   3.434523e+02
  2.290590e+00   9.990571e+03   3.377430e+02
  2.293230e+00   9.986665e+03   3.330739e+02
  2.295870e+00   1.013838e+04   3.392679e+02
  2.298520e+00   1.042081e+04   3.417119e+02
  2.301160e+00   1.032647e+04   3.417564e+02
  2.303800e+00   9.995287e+03   3.396537e+02
  2.306450e+00   9.930009e+03   3.319236e+02
  2.309090e+00   1.107267e+04   3.553390e+02
  2.311730e+00   9.987392e+03   3.351549e+02
  2.314380e+00   1.074253e+04   3.489013e+02
  2.317020e+00   9.739380e+03   3.334700e+02
  2.319660e+00   9.945627e+03   3.330042e+02
  2.322310e+00   1.011162e+04   3.408626e+02
  2.324950e+00   1.026217e+04   3.396284e+02
  2.327590e+00   9.594141e+03   3.302440e+02
  2.330240e+00   9.971324e+03   3.380596e+02
  2.332880e+00   9.827933e+03   3.320551e+02
  2.335520e+00   1.072460e+04   3.520522e+02
  2.338170e+00   1.012510e+04   3.378788e+02
  2.340810e+00   9.680136e+03   3.304744e+02
  2.343450e+00   1.060513e+04   3.477561e+02
  2.346100e+00   1.004617e+04   3.365594e+02
  2.348740e+00   1.019906e+04   3.416814e+02
  2.351380e+00   1.020645e+04   3.379693e+02
  2.354030e+00   9.494859e+03   3.276038e+02
  2.356670e+00   1.052055e+04   3.464760e+02
  2.359310e+00   1.033932e+04   3.414346e+02
  2.361960e+00   1.046762e+04   3.447327e+02
  2.364600e+00   1.048516e+04   3.430848e+02
  2.367240e+00   1.065018e+04   3.490455e+02
  2.369890e+00   1.062985e+04   3.465231e+02
  2.372530e+00   1.023682e+04   3.419882e+02
  2.375170e+00   1.007422e+04   3.388325e+02
  2.377820e+00   9.592332e+03   3.280508e+02
  2.380460e+00   1.069339e+04   3.500857e+02
  2.383100e+00   1.065868e+04   3.452686e+02
  2.385750e+00   1.056897e+04   3.469436e+02
  2.388390e+00   9.887241e+03   3.336782e+02
  2.391030e+00   1.007396e+04   3.378697e+02
  2.393680e+00   9.957132e+03   3.352741e+02
  2.396320e+00   1.014006e+04   3.361397e+02
  2.398970e+00   9.661545e+03   3.311935e+02
  2.401610e+00   9.369924e+03   3.225261e+02
  2.404250e+00   9.960254e+03   3.369106e+02
  2.406900e+00   9.964897e+03   3.347773e+02
  2.409540e+00   1.065921e+04   3.447436e+02
  2.412180e+00   9.552653e+03   3.307813e+02
  2.414830e+00   1.032312e+04   3.390557e+02
  2.417470e+00   1.005647e+04   3.384272e+02
  2.420110e+00   1.025757e+04   3.389197e+02
  2.422760e+00   9.526262e+03   3.273262e+02
  2.425400e+00   9.926065e+03   3.363319e+02
  2.428040e+00   1.076365e+04   3.473953e+02
  2.430690e+00   1.032493e+04   3.430229e+02
  2.433330e+00   9.724356e+03   3.296866e+02
  2.435970e+00   9.699844e+03   3.328978e+02
  2.438620e+00   1.042268e+04   3.447516e+02
  2.441260e+00   1.026064e+04   3.393917e+02
  2.443900e+00   1.007157e+04   3.383612e+02
  2.446550e+00   9.940124e+03   3.339450e+02
  2.449190e+00   9.720934e+03   3.328384e+02
  2.451830e+00   1.056980e+04   3.464111e+02
  2.454480e+00   1.006373e+04   3.369586e+02
  2.457120e+00   9.651999e+03   3.330256e+02
  2.459760e+00   1.052630e+04   3.446156e+02
  2.462410e+00   1.068030e+04   3.490966e+02
  2.465050e+00   1.028281e+04   3.412469e+02
  2.467690e+00   9.945374e+03   3.360231e+02
  2.470340e+00   1.038566e+04   3.452309e+02
  2.472980e+00   1.023717e+04   3.412389e+02
  2.475620e+00   1.009162e+04   3.382720e+02
  2.478270e+00   1.056122e+04   3.459444e+02
  2.480910e+00   1.027267e+04   3.428036e+02
  2.483550e+00   9.444105e+03   3.290010e+02
  2.486200e+00   1.040470e+04   3.443455e+02
  2.488840e+00   1.007315e+04   3.395657e+02
  2.491480e+00   9.524679e+03   3.286327e+02
  2.494130e+00   1.013822e+04   3.409852e+02
  2.496770e+00   1.032822e+04   3.435115e+02
  2.499410e+00   1.026147e+04   3.418592e+02
  2.502060e+00   9.759147e+03   3.357249e+02
  2.504700e+00   9.666818e+03   3.311797e+02
  2.507340e+00   9.987905e+03   3.382332e+02
  2.509990e+00   9.263885e+03   3.241023e+02
  2.512630e+00   9.951930e+03   3.383758e+02
  2.515270e+00   1.055975e+04   3.483339e+02
  2.517920e+00   1.040726e+04   3.461404e+02
  2.520560e+00   1.086297e+04   3.526270e+02
  2.523200e+00   1.050727e+04   3.460385e+02
  2.525850e+00   1.040768e+04   3.469225e+02
  2.528490e+00   9.784622e+03   3.354125e+02
  2.531130e+00   1.000832e+04   3.381498e+02
  2.533780e+00   9.731533e+03   3.341822e+02
  2.536420e+00   1.022652e+04   3.427938e+02
  2.539060e+00   9.851579e+03   3.385043e+02
  2.541710e+00   1.035576e+04   3.431017e+02
  2.544350e+00   9.830613e+03   3.361999e+02
  2.546990e+00   1.002991e+04   3.402415e+02
  2.549640e+00   9.830503e+03   3.373820e+02
  2.552280e+00   1.091650e+04   3.553017e+02
  2.554930e+00   9.859701e+03   3.344674e+02
  2.557570e+00   1.028880e+04   3.444945e+02
  2.560210e+00   1.067465e+04   3.502239e+02
  2.562860e+00   1.002216e+04   3.417527e+02
  2.565500e+00   1.084249e+04   3.542088e+02
  2.568140e+00   1.026123e+04   3.426126e+02
  2.570790e+00   1.092654e+04   3.569546e+02
  2.573430e+00   1.061855e+04   3.481960e+02
  2.576070e+00   9.782246e+03   3.361219e+02
  2.578720e+00   1.039471e+04   3.472630e+02
  2.581360e+00   9.972204e+03   3.392613e+02
  2.584000e+00   1.037525e+04   3.481706e+02
  2.586650e+00   1.045816e+04   3.468751e+02
  2.589290e+00   9.882899e+03   3.372002e+02
  2.591930e+00   1.006321e+04   3.405881e+02
  2.594580e+00   1.027854e+04   3.460964e+02
  2.597220e+00   1.036032e+04   3.482582e+02
  2.599860e+00   1.016184e+04   3.406256e+02
  2.602510e+00   1.067000e+04   3.527392e+02
  2.605150e+00   9.916773e+03   3.387505e+02
  2.607790e+00   1.022419e+04   3.440712e+02
  2.610440e+00   9.607325e+03   3.342816e+02
  2.613080e+00   1.098289e+04   3.555841e+02
  2.615720e+00   1.053399e+04   3.523093e+02
  2.618370e+00   1.046550e+04   3.478849e+02
  2.621010e+00   9.950302e+03   3.391054e+02
  2.623650e+00   1.038342e+04   3.478577e+02
  2.626300e+00   1.050398e+04   3.489712e+02
  2.628940e+00   1.012820e+04   3.455696e+02
  2.631580e+00   9.210438e+03   3.260460e+02
  2.634230e+00   1.022070e+04   3.443440e+02
  2.636870e+00   1.005579e+04   3.421048e+02
  2.639510e+00   9.448941e+03   3.309820e+02
  2.642160e+00   1.040079e+04   3.496186e+02
  2.644800e+00   1.040063e+04   3.459198e+02
  2.647440e+00   9.952547e+03   3.427839e+02
  2.650090e+00   9.654660e+03   3.353202e+02
  2.652730e+00   9.844166e+03   3.392524e+02
  2.655370e+00   9.523342e+03   3.319628e+02
  2.658020e+00   1.027692e+04   3.458460e+02
  2.660660e+00   9.745255e+03   3.376531e+02
  2.663300e+00   1.011258e+04   3.428485e+02
  2.665950e+00   1.006424e+04   3.456073e+02
  2.668590e+00   1.022715e+04   3.549895e+02
  2.671230e+00   9.781620e+03   3.525051e+02
  2.673880e+00   9.884126e+03   3.585349e+02
  2.676520e+00   1.015076e+04   3.622960e+02
  2.679160e+00   9.916953e+03   3.645545e+02
  2.681810e+00   9.535395e+03   3.576053e+02
  2.684450e+00   1.023512e+04   3.739833e+02
  2.687090e+00   9.342703e+03   3.588043e+02
  2.689740e+00   1.025217e+04   3.758628e+02
  2.692380e+00   1.033354e+04   3.843085e+02
  2.695020e+00   9.445405e+03   3.665528e+02
  2.697670e+00   9.783326e+03   3.757264e+02
  2.700310e+00   9.358982e+03   3.682242e+02
  2.702950e+00   1.011584e+04   3.834398e+02
  2.705600e+00   1.038561e+04   3.939486e+02
  2.708240e+00   8.760304e+03   3.594396e+02
  2.710890e+00   9.753531e+03   3.825650e+02
  2.713530e+00   9.759631e+03   3.842851e+02
  2.716170e+00   9.906707e+03   3.912914e+02
  2.718820e+00   1.017450e+04   3.987702e+02
  2.721460e+00   9.500016e+03   3.781897e+02
  2.724100e+00   9.821308e+03   3.769072e+02
  2.726750e+00   1.010602e+04   3.790052e+02
  2.729390e+00   1.078845e+04   3.908242e+02
  2.732030e+00   1.000116e+04   3.706675e+02
  2.734680e+00   9.538207e+03   3.610265e+02
  2.737320e+00   1.040650e+04   3.762478e+02
  2.739960e+00   9.542484e+03   3.578711e+02
  2.742610e+00   9.809743e+03   3.625785e+02
  2.745250e+00   1.004755e+04   3.627961e+02
  2.747890e+00   1.005082e+04   3.657867e+02
  2.750540e+00   1.018803e+04   3.678683e+02
  2.753180e+00   1.008006e+04   3.600021e+02
  2.755820e+00   9.882227e+03   3.608479e+02
  2.758470e+00   1.030597e+04   3.641436e+02
  2.761110e+00   1.031141e+04   3.677960e+02
  2.763750e+00   9.383675e+03   3.494663e+02
  2.766400e+00   9.543168e+03   3.491663e+02
  2.769040e+00   1.037770e+04   3.655389e+02
  2.771680e+00   1.030246e+04   3.617683e+02
  2.774330e+00   1.009333e+04   3.613992e+02
  2.776970e+00   9.630883e+03   3.502718e+02
  2.779610e+00   1.012307e+04   3.583527e+02
  2.782260e+00   1.036508e+04   3.662319e+02
  2.784900e+00   1.023969e+04   3.589008e+02
  2.787540e+00   9.941797e+03   3.568897e+02
  2.790190e+00   9.690164e+03   3.485310e+02
  2.792830e+00   9.631738e+03   3.505348e+02
  2.795470e+00   9.549186e+03   3.491528e+02
  2.798120e+00   9.677629e+03   3.483055e+02
  2.800760e+00   9.651942e+03   3.494238e+02
  2.803400e+00   9.426357e+03   3.435155e+02
  2.806050e+00   9.632542e+03   3.489502e+02
  2.808690e+00   9.854220e+03   3.503757e+02
  2.811330e+00   1.024950e+04   3.568416e+02
  2.813980e+00   9.793650e+03   3.511194e+02
  2.816620e+00   9.328066e+03   3.392585e+02
  2.819260e+00   1.089666e+04   3.711415e+02
  2.821910e+00   9.124680e+03   3.358841e+02
  2.824550e+00   9.815985e+03   3.481371e+02
  2.827190e+00   9.656059e+03   3.488876e+02
  2.829840e+00   1.020625e+04   3.542641e+02
  2.832480e+00   9.625819e+03   3.468904e+02
  2.835120e+00   1.011868e+04   3.525011e+02
  2.837770e+00   9.368361e+03   3.416290e+02
  2.840410e+00   9.699891e+03   3.479817e+02
  2.843050e+00   9.840680e+03   3.485748e+02
  2.845700e+00   9.542772e+03   3.447944e+02
  2.848340e+00   9.581106e+03   3.419643e+02
  2.850980e+00   9.575814e+03   3.459882e+02
  2.853630e+00   9.507966e+03   3.428660e+02
  2.856270e+00   1.030990e+04   3.559372e+02
  2.858910e+00   9.964246e+03   3.542878e+02
  2.861560e+00   1.050226e+04   3.602246e+02
  2.864200e+00   9.743297e+03   3.502156e+02
  2.866850e+00   9.625836e+03   3.451029e+02
  2.869490e+00   9.582151e+03   3.442010e+02
  2.872130e+00   9.344324e+03   3.416623e+02
  2.874780e+00   9.780514e+03   3.493041e+02
  2.877420e+00   9.573538e+03   3.452306e+02
  2.880060e+00   9.936964e+03   3.497977e+02
  2.882710e+00   9.932663e+03   3.500804e+02
  2.885350e+00   9.263948e+03   3.407798e+02
  2.887990e+00   9.886840e+03   3.499903e+02
  2.890640e+00   9.770096e+03   3.496015e+02
  2.893280e+00   9.998345e+03   3.519584e+02
  2.895920e+00   9.459104e+03   3.422184e+02
  2.898570e+00   1.001761e+04   3.524183e+02
  2.901210e+00   9.543640e+03   3.430390e+02
  2.903850e+00   9.438303e+03   3.434950e+02
  2.906500e+00   1.032572e+04   3.566962e+02
  2.909140e+00   1.011846e+04   3.575182e+02
  2.911780e+00   9.690953e+03   3.439190e+02
  2.914430e+00   1.038088e+04   3.592450e+02
  2.917070e+00   9.653754e+03   3.447769e+02
  2.919710e+00   9.678008e+03   3.467506e+02
  2.922360e+00   1.031872e+04   3.581678e+02
  2.925000e+00   9.846292e+03   3.472519e+02
  2.927640e+00   9.927722e+03   3.514376e+02
  2.930290e+00   9.854160e+03   3.490523e+02
  2.932930e+00   9.741902e+03   3.468209e+02
  2.935570e+00   9.330147e+03   3.404619e+02
  2.938220e+00   9.827378e+03   3.468006e+02
  2.940860e+00   1.023969e+04   3.589008e+02
  2.943500e+00   9.823965e+03   3.473296e+02
  2.946150e+00   9.604263e+03   3.456650e+02
  2.948790e+00   1.018008e+04   3.535689e+02
  2.951430e+00   9.625836e+03   3.451029e+02
  2.954080e+00   1.010534e+04   3.561666e+02
  2.956720e+00   9.489253e+03   3.402062e+02
  2.959360e+00   9.894824e+03   3.504926e+02
  2.962010e+00   1.020625e+04   3.542641e+02
  2.964650e+00   9.739144e+03   3.476050e+02
  2.967290e+00   1.070959e+04   3.641369e+02
  2.969940e+00   1.017316e+04   3.533286e+02
  2.972580e+00   9.590266e+03   3.449379e+02
  2.975220e+00   1.032762e+04   3.586931e+02
  2.977870e+00   9.704861e+03   3.461609e+02
  2.980510e+00   9.973904e+03   3.504473e+02
  2.983150e+00   9.926506e+03   3.487819e+02
  2.985800e+00   9.639892e+03   3.458292e+02
  2.988440e+00   9.605291e+03   3.441453e+02
  2.991080e+00   9.639892e+03   3.458292e+02
  2.993730e+00   9.526170e+03   3.430766e+02
  2.996370e+00   1.013484e+04   3.524229e+02
  2.999010e+00   9.286844e+03   3.397878e+02
  3.001660e+00   9.366013e+03   3.404135e+02
  3.004300e+00   9.487838e+03   3.419179e+02
  3.006940e+00   9.224409e+03   3.384107e+02
  3.009590e+00   9.801849e+03   3.461153e+02
  3.012230e+00   9.342135e+03   3.404463e+02
  3.014870e+00   9.949277e+03   3.500144e+02
  3.017520e+00   1.019118e+04   3.554583e+02
  3.020160e+00   9.272373e+03   3.381287e+02
  3.022810e+00   9.567560e+03   3.432343e+02
  3.025450e+00   9.081368e+03   3.349713e+02
  3.028090e+00   9.371745e+03   3.372965e+02
  3.030740e+00   9.554525e+03   3.427667e+02
  3.033380e+00   9.642132e+03   3.430517e+02
  3.036020e+00   9.873085e+03   3.481968e+02
  3.038670e+00   9.178540e+03   3.349297e+02
  3.041310e+00   1.002727e+04   3.499543e+02
  3.043950e+00   1.006272e+04   3.514054e+02
  3.046600e+00   9.850639e+03   3.431633e+02
  3.049240e+00   9.666542e+03   3.434856e+02
  3.051880e+00   9.841863e+03   3.462355e+02
  3.054530e+00   9.129653e+03   3.340365e+02
  3.057170e+00   9.147082e+03   3.331171e+02
  3.059810e+00   1.024320e+04   3.505150e+02
  3.062460e+00   9.110574e+03   3.322284e+02
  3.065100e+00   1.009333e+04   3.499233e+02
  3.067740e+00   9.383404e+03   3.372795e+02
  3.070390e+00   9.236509e+03   3.335110e+02
  3.073030e+00   1.022678e+04   3.522289e+02
  3.075670e+00   9.268722e+03   3.355503e+02
  3.078320e+00   9.667869e+03   3.422389e+02
  3.080960e+00   9.677361e+03   3.417195e+02
  3.083600e+00   1.017735e+04   3.503189e+02
  3.086250e+00   1.013270e+04   3.510773e+02
  3.088890e+00   9.062260e+03   3.320155e+02
  3.091530e+00   9.326226e+03   3.347920e+02
  3.094180e+00   1.058152e+04   3.579252e+02
  3.096820e+00   9.867204e+03   3.456331e+02
  3.099460e+00   9.651797e+03   3.425295e+02
  3.102110e+00   9.597481e+03   3.416794e+02
  3.104750e+00   9.491263e+03   3.387577e+02
  3.107390e+00   9.359606e+03   3.370780e+02
  3.110040e+00   9.813251e+03   3.448025e+02
  3.112680e+00   9.765388e+03   3.426979e+02
  3.115320e+00   9.327835e+03   3.357161e+02
  3.117970e+00   9.468267e+03   3.388012e+02
  3.120610e+00   9.774365e+03   3.449298e+02
  3.123250e+00   9.985439e+03   3.482822e+02
  3.125900e+00   1.007276e+04   3.481654e+02
  3.128540e+00   9.316921e+03   3.361954e+02
  3.131180e+00   9.232002e+03   3.346598e+02
  3.133830e+00   9.700421e+03   3.433912e+02
  3.136470e+00   9.516760e+03   3.396677e+02
  3.139110e+00   9.437130e+03   3.379034e+02
  3.141760e+00   9.804271e+03   3.453407e+02
  3.144400e+00   9.563807e+03   3.400498e+02
  3.147040e+00   9.080249e+03   3.315638e+02
  3.149690e+00   9.532562e+03   3.391533e+02
  3.152330e+00   9.292659e+03   3.357574e+02
  3.154970e+00   9.522093e+03   3.416032e+02
  3.157620e+00   1.007415e+04   3.484219e+02
  3.160260e+00   9.996475e+03   3.471919e+02
  3.162900e+00   1.037933e+04   3.549656e+02
  3.165550e+00   9.318100e+03   3.368966e+02
  3.168190e+00   1.041435e+04   3.561632e+02
  3.170830e+00   9.650721e+03   3.405665e+02
  3.173480e+00   1.027175e+04   3.533589e+02
  3.176120e+00   9.783471e+03   3.443945e+02
  3.178770e+00   9.806669e+03   3.445712e+02
  3.181410e+00   9.049998e+03   3.311221e+02
  3.184050e+00   9.791481e+03   3.436136e+02
  3.186700e+00   9.025768e+03   3.309007e+02
  3.189340e+00   9.643639e+03   3.418097e+02
  3.191980e+00   9.465759e+03   3.355049e+02
  3.194630e+00   9.793532e+03   3.441096e+02
  3.197270e+00   9.945059e+03   3.445759e+02
  3.199910e+00   9.471039e+03   3.376061e+02
  3.202560e+00   9.607495e+03   3.394641e+02
  3.205200e+00   9.604419e+03   3.385113e+02
  3.207840e+00   9.593238e+03   3.385380e+02
  3.210490e+00   1.020252e+04   3.491231e+02
  3.213130e+00   9.631444e+03   3.382057e+02
  3.215770e+00   1.015621e+04   3.467272e+02
  3.218420e+00   9.672585e+03   3.388159e+02
  3.221060e+00   9.371537e+03   3.342716e+02
  3.223700e+00   9.551139e+03   3.358002e+02
  3.226350e+00   9.715444e+03   3.413659e+02
  3.228990e+00   9.809232e+03   3.535002e+02
  3.231630e+00   9.944087e+03   3.611855e+02
  3.234280e+00   9.423468e+03   3.564283e+02
  3.236920e+00   9.194537e+03   3.523354e+02
  3.239560e+00   9.721127e+03   3.676868e+02
  3.242210e+00   1.019630e+04   3.792044e+02
  3.244850e+00   9.313212e+03   3.658575e+02
  3.247490e+00   9.983486e+03   3.806168e+02
  3.250140e+00   9.854291e+03   3.801375e+02
  3.252780e+00   9.655472e+03   3.804789e+02
  3.255420e+00   9.252926e+03   3.743333e+02
  3.258070e+00   1.017202e+04   3.929793e+02
  3.260710e+00   9.679148e+03   3.835018e+02
  3.263350e+00   9.182465e+03   3.793241e+02
  3.266000e+00   9.270990e+03   3.829811e+02
  3.268640e+00   1.012803e+04   4.022354e+02
  3.271280e+00   9.313314e+03   3.857181e+02
  3.273930e+00   9.146973e+03   3.844760e+02
  3.276570e+00   9.777227e+03   4.018415e+02
  3.279210e+00   9.788391e+03   4.050465e+02
  3.281860e+00   9.987331e+03   4.017494e+02
  3.284500e+00   1.019764e+04   3.978479e+02
  3.287140e+00   9.523014e+03   3.788051e+02
  3.289790e+00   9.816455e+03   3.826852e+02
  3.292430e+00   1.003671e+04   3.820911e+02
  3.295070e+00   9.851560e+03   3.777901e+02
  3.297720e+00   9.932663e+03   3.781300e+02
  3.300360e+00   8.982788e+03   3.587380e+02
  3.303000e+00   9.427383e+03   3.644837e+02
  3.305650e+00   9.353850e+03   3.613708e+02
  3.308290e+00   9.647993e+03   3.672928e+02
  3.310930e+00   9.994318e+03   3.745529e+02
  3.313580e+00   9.834780e+03   3.719856e+02
  3.316220e+00   9.700787e+03   3.674435e+02
  3.318860e+00   8.565412e+03   3.456719e+02
  3.321510e+00   9.828821e+03   3.673203e+02
  3.324150e+00   9.965664e+03   3.711407e+02
  3.326800e+00   9.338879e+03   3.565600e+02
  3.329440e+00   1.012043e+04   3.732975e+02
  3.332080e+00   9.197622e+03   3.556006e+02
  3.334730e+00   9.655791e+03   3.636581e+02
  3.337370e+00   9.296812e+03   3.549539e+02
  3.340010e+00   1.006437e+04   3.672540e+02
  3.342660e+00   8.971721e+03   3.481703e+02
  3.345300e+00   1.014723e+04   3.702778e+02
  3.347940e+00   9.681944e+03   3.600754e+02
  3.350590e+00   8.866020e+03   3.435513e+02
  3.353230e+00   9.325959e+03   3.527402e+02
  3.355870e+00   9.545716e+03   3.567402e+02
  3.358520e+00   9.729247e+03   3.593579e+02
  3.361160e+00   9.421635e+03   3.525958e+02
  3.363800e+00   1.004050e+04   3.661393e+02
  3.366450e+00   9.895801e+03   3.625541e+02
  3.369090e+00   9.569968e+03   3.564042e+02
  3.371730e+00   9.625746e+03   3.543286e+02
  3.374380e+00   9.065181e+03   3.451056e+02
  3.377020e+00   9.138507e+03   3.481494e+02
  3.379660e+00   9.385201e+03   3.534671e+02
  3.382310e+00   9.255849e+03   3.488429e+02
  3.384950e+00   8.679878e+03   3.365912e+02
  3.387590e+00   9.032313e+03   3.438543e+02
  3.390240e+00   9.131332e+03   3.471212e+02
  3.392880e+00   9.084760e+03   3.451015e+02
  3.395520e+00   9.452440e+03   3.522717e+02
  3.398170e+00   9.507758e+03   3.543332e+02
  3.400810e+00   9.309680e+03   3.506228e+02
  3.403450e+00   9.553590e+03   3.550564e+02
  3.406100e+00   9.598007e+03   3.533075e+02
  3.408740e+00   9.783959e+03   3.591804e+02
  3.411380e+00   9.071784e+03   3.453569e+02
  3.414030e+00   9.932286e+03   3.612337e+02
  3.416670e+00   9.847487e+03   3.598194e+02
  3.419310e+00   9.562081e+03   3.536664e+02
  3.421960e+00   9.586990e+03   3.558066e+02
  3.424600e+00   9.164220e+03   3.476187e+02
  3.427240e+00   9.573574e+03   3.533671e+02
  3.429890e+00   9.482273e+03   3.516780e+02
  3.432530e+00   9.305990e+03   3.482679e+02
  3.435170e+00   9.433044e+03   3.520381e+02
  3.437820e+00   9.776836e+03   3.558155e+02
  3.440460e+00   9.375403e+03   3.484341e+02
  3.443100e+00   1.010367e+04   3.622339e+02
  3.445750e+00   1.004012e+04   3.601872e+02
  3.448390e+00   9.090608e+03   3.433475e+02
  3.451030e+00   9.635183e+03   3.515928e+02
  3.453680e+00   9.449452e+03   3.483114e+02
  3.456320e+00   9.629216e+03   3.534996e+02
  3.458960e+00   9.242795e+03   3.435058e+02
  3.461610e+00   9.941057e+03   3.554915e+02
  3.464250e+00   9.808942e+03   3.548751e+02
  3.466890e+00   9.357222e+03   3.453814e+02
  3.469540e+00   9.352463e+03   3.461502e+02
  3.472180e+00   9.333536e+03   3.424142e+02
  3.474820e+00   9.051121e+03   3.387297e+02
  3.477470e+00   9.782685e+03   3.527727e+02
  3.480110e+00   9.523653e+03   3.486857e+02
  3.482760e+00   9.927075e+03   3.549915e+02
  3.485400e+00   9.603216e+03   3.472050e+02
  3.488040e+00   9.575272e+03   3.477895e+02
  3.490690e+00   9.543902e+03   3.494271e+02
  3.493330e+00   9.478944e+03   3.454319e+02
  3.495970e+00   9.798328e+03   3.508364e+02
  3.498620e+00   8.677405e+03   3.315466e+02
  3.501260e+00   9.373642e+03   3.443494e+02
  3.503900e+00   9.574504e+03   3.475325e+02
  3.506550e+00   1.023424e+04   3.589304e+02
  3.509190e+00   9.952464e+03   3.554451e+02
  3.511830e+00   9.640153e+03   3.494553e+02
  3.514480e+00   9.637577e+03   3.486753e+02
  3.517120e+00   9.226899e+03   3.405711e+02
  3.519760e+00   9.289019e+03   3.412406e+02
  3.522410e+00   9.518082e+03   3.466281e+02
  3.525050e+00   9.369971e+03   3.456166e+02
  3.527690e+00   8.818783e+03   3.326067e+02
  3.530340e+00   9.959903e+03   3.545819e+02
  3.532980e+00   9.196304e+03   3.408377e+02
  3.535620e+00   9.543329e+03   3.470875e+02
  3.538270e+00   9.247142e+03   3.420179e+02
  3.540910e+00   9.262305e+03   3.395726e+02
  3.543550e+00   9.589482e+03   3.485357e+02
  3.546200e+00   9.460972e+03   3.454659e+02
  3.548840e+00   9.472339e+03   3.451912e+02
  3.551480e+00   9.690164e+03   3.485310e+02
  3.554130e+00   9.647585e+03   3.481272e+02
  3.556770e+00   8.759558e+03   3.332293e+02
  3.559410e+00   1.012401e+04   3.574911e+02
  3.562060e+00   9.731589e+03   3.486704e+02
  3.564700e+00   9.504121e+03   3.458904e+02
  3.567340e+00   9.525119e+03   3.448324e+02
  3.569990e+00   9.019416e+03   3.384926e+02
  3.572630e+00   9.744081e+03   3.488941e+02
  3.575270e+00   9.510077e+03   3.458782e+02
  3.577920e+00   8.956290e+03   3.363605e+02
  3.580560e+00   9.448949e+03   3.454878e+02
  3.583200e+00   9.462700e+03   3.437007e+02
  3.585850e+00   9.506061e+03   3.443682e+02
  3.588490e+00   8.696175e+03   3.320215e+02
  3.591130e+00   9.674514e+03   3.490990e+02
  3.593780e+00   9.684354e+03   3.485475e+02
  3.596420e+00   9.589096e+03   3.464681e+02
  3.599060e+00   9.132693e+03   3.389460e+02
  3.601710e+00   1.019381e+04   3.568547e+02
  3.604350e+00   9.044611e+03   3.370727e+02
  3.606990e+00   9.848576e+03   3.517349e+02
  3.609640e+00   9.441760e+03   3.449944e+02
  3.612280e+00   9.126333e+03   3.387100e+02
  3.614920e+00   9.364234e+03   3.426194e+02
  3.617570e+00   8.938139e+03   3.345014e+02
  3.620210e+00   9.868005e+03   3.522042e+02
  3.622850e+00   9.007055e+03   3.352079e+02
  3.625500e+00   9.645859e+03   3.476126e+02
  3.628140e+00   9.833765e+03   3.509821e+02
  3.630780e+00   8.850023e+03   3.333111e+02
  3.633430e+00   9.406786e+03   3.428023e+02
  3.636070e+00   9.651688e+03   3.475970e+02
  3.638720e+00   9.504789e+03   3.461440e+02
  3.641360e+00   9.422021e+03   3.442732e+02
  3.644000e+00   9.485559e+03   3.456730e+02
  3.646650e+00   9.523741e+03   3.443316e+02
  3.649290e+00   9.163470e+03   3.386916e+02
  3.651930e+00   9.188507e+03   3.391540e+02
  3.654580e+00   9.481741e+03   3.441654e+02
  3.657220e+00   9.208680e+03   3.408285e+02
  3.659860e+00   9.641732e+03   3.481428e+02
  3.662510e+00   9.811159e+03   3.497300e+02
  3.665150e+00   9.031962e+03   3.345171e+02
  3.667790e+00   9.905265e+03   3.515247e+02
  3.670440e+00   9.506726e+03   3.446185e+02
  3.673080e+00   9.468635e+03   3.436897e+02
  3.675720e+00   9.476131e+03   3.419404e+02
  3.678370e+00   9.143630e+03   3.368099e+02
  3.681010e+00   1.004094e+04   3.515031e+02
  3.683650e+00   8.926719e+03   3.324484e+02
  3.686300e+00   9.368673e+03   3.387251e+02
  3.688940e+00   9.495602e+03   3.426430e+02
  3.691580e+00   9.204924e+03   3.372423e+02
  3.694230e+00   9.489253e+03   3.402062e+02
  3.696870e+00   9.195836e+03   3.342283e+02
  3.699510e+00   8.757434e+03   3.268245e+02
  3.702160e+00   9.865231e+03   3.477037e+02
  3.704800e+00   9.265064e+03   3.371902e+02
  3.707440e+00   9.995180e+03   3.469378e+02
  3.710090e+00   9.639641e+03   3.423137e+02
  3.712730e+00   9.924700e+03   3.472213e+02
  3.715370e+00   9.226882e+03   3.353567e+02
  3.718020e+00   8.489825e+03   3.215750e+02
  3.720660e+00   9.617819e+03   3.408946e+02
  3.723300e+00   9.404899e+03   3.391493e+02
  3.725950e+00   9.464859e+03   3.397686e+02
  3.728590e+00   9.640339e+03   3.408375e+02
  3.731230e+00   8.959179e+03   3.293460e+02
  3.733880e+00   9.400833e+03   3.372530e+02
  3.736520e+00   8.616892e+03   3.243010e+02
  3.739160e+00   9.666542e+03   3.434856e+02
  3.741810e+00   9.460744e+03   3.380994e+02
  3.744450e+00   1.001781e+04   3.491989e+02
  3.747090e+00   9.505926e+03   3.399312e+02
  3.749740e+00   9.336162e+03   3.371093e+02
  3.752380e+00   9.158855e+03   3.328843e+02
  3.755020e+00   9.171345e+03   3.335586e+02
  3.757670e+00   9.393167e+03   3.391676e+02
  3.760310e+00   9.080469e+03   3.322370e+02
  3.762950e+00   9.729309e+03   3.420643e+02
  3.765600e+00   9.487382e+03   3.394852e+02
  3.768240e+00   9.001274e+03   3.320170e+02
  3.770880e+00   9.301879e+03   3.378595e+02
  3.773530e+00   9.328240e+03   3.359483e+02
  3.776170e+00   9.013749e+03   3.291356e+02
  3.778810e+00   9.336162e+03   3.371093e+02
  3.781460e+00   9.438791e+03   3.386147e+02
  3.784100e+00   8.916291e+03   3.293307e+02
  3.786740e+00   9.718155e+03   3.466351e+02
  3.789390e+00   9.601880e+03   3.566049e+02
  3.792030e+00   9.599266e+03   3.620432e+02
  3.794680e+00   9.206006e+03   3.572623e+02
  3.797320e+00   9.272373e+03   3.614747e+02
  3.799960e+00   9.127671e+03   3.645241e+02
  3.802610e+00   9.196908e+03   3.699539e+02
  3.805250e+00   9.446104e+03   3.799780e+02
  3.807890e+00   8.700447e+03   3.628337e+02
  3.810540e+00   8.624622e+03   3.647827e+02
  3.813180e+00   1.007930e+04   3.981083e+02
  3.815820e+00   9.152445e+03   3.806915e+02
  3.818470e+00   8.864305e+03   3.783193e+02
  3.821110e+00   9.494010e+03   3.915264e+02
  3.823750e+00   9.166925e+03   3.901702e+02
  3.826400e+00   8.857690e+03   3.858470e+02
  3.829040e+00   8.957777e+03   3.902069e+02
  3.831680e+00   9.342912e+03   4.002064e+02
  3.834330e+00   8.536945e+03   3.860540e+02
  3.836970e+00   8.804765e+03   3.945509e+02
  3.839610e+00   9.168750e+03   4.048102e+02
  3.842260e+00   9.448985e+03   4.040094e+02
  3.844900e+00   9.180962e+03   3.872755e+02
  3.847540e+00   8.688506e+03   3.735480e+02
  3.850190e+00   8.924179e+03   3.734653e+02
  3.852830e+00   8.638728e+03   3.657065e+02
  3.855470e+00   8.819770e+03   3.668541e+02
  3.858120e+00   9.554032e+03   3.797387e+02
  3.860760e+00   9.137565e+03   3.690628e+02
  3.863400e+00   9.627486e+03   3.758902e+02
  3.866050e+00   8.555369e+03   3.546315e+02
  3.868690e+00   9.426583e+03   3.740825e+02
  3.871330e+00   9.210570e+03   3.690137e+02
  3.873980e+00   8.807754e+03   3.577905e+02
  3.876620e+00   9.257569e+03   3.662238e+02
  3.879260e+00   8.643381e+03   3.531590e+02
  3.881910e+00   8.794338e+03   3.566575e+02
  3.884550e+00   8.338090e+03   3.456250e+02
  3.887190e+00   9.082179e+03   3.578880e+02
  3.889840e+00   8.983459e+03   3.559376e+02
  3.892480e+00   9.039783e+03   3.559411e+02
  3.895120e+00   9.088689e+03   3.564877e+02
  3.897770e+00   9.157784e+03   3.567366e+02
  3.900410e+00   8.722612e+03   3.466927e+02
  3.903050e+00   8.531682e+03   3.445914e+02
  3.905700e+00   8.257617e+03   3.365554e+02
  3.908340e+00   9.032600e+03   3.513274e+02
  3.910980e+00   8.971559e+03   3.486895e+02
  3.913630e+00   8.166820e+03   3.336872e+02
  3.916270e+00   8.687471e+03   3.428671e+02
  3.918910e+00   8.561355e+03   3.394798e+02
  3.921560e+00   9.797488e+03   3.626213e+02
  3.924200e+00   9.166273e+03   3.502253e+02
  3.926840e+00   8.665271e+03   3.401416e+02
  3.929490e+00   9.412396e+03   3.542402e+02
  3.932130e+00   8.932719e+03   3.445871e+02
  3.934770e+00   9.185280e+03   3.494245e+02
  3.937420e+00   9.219225e+03   3.507158e+02
  3.940060e+00   8.652472e+03   3.396392e+02
  3.942700e+00   9.547374e+03   3.550707e+02
  3.945350e+00   9.896205e+03   3.640378e+02
  3.947990e+00   9.292014e+03   3.517079e+02
  3.950640e+00   8.683527e+03   3.413847e+02
  3.953280e+00   8.662092e+03   3.384559e+02
  3.955920e+00   9.132110e+03   3.484117e+02
  3.958570e+00   9.178073e+03   3.486462e+02
  3.961210e+00   9.185280e+03   3.494245e+02
  3.963850e+00   8.854225e+03   3.418136e+02
  3.966500e+00   9.012572e+03   3.448565e+02
  3.969140e+00   8.839669e+03   3.427877e+02
  3.971780e+00   8.762242e+03   3.397852e+02
  3.974430e+00   8.960364e+03   3.423579e+02
  3.977070e+00   8.860702e+03   3.420636e+02
  3.979710e+00   8.172783e+03   3.287575e+02
  3.982360e+00   9.171773e+03   3.489107e+02
  3.985000e+00   8.762626e+03   3.395449e+02
  3.987640e+00   9.327063e+03   3.495465e+02
  3.990290e+00   9.189634e+03   3.470877e+02
  3.992930e+00   9.413619e+03   3.518035e+02
  3.995570e+00   8.704122e+03   3.380401e+02
  3.998220e+00   8.791670e+03   3.381412e+02
  4.000860e+00   8.316319e+03   3.305440e+02
  4.003500e+00   9.025768e+03   3.448569e+02
  4.006150e+00   8.730379e+03   3.385496e+02
  4.008790e+00   8.582945e+03   3.343441e+02
  4.011430e+00   8.740060e+03   3.369046e+02
  4.014080e+00   8.317350e+03   3.303242e+02
  4.016720e+00   8.822278e+03   3.403267e+02
  4.019360e+00   8.967201e+03   3.416232e+02
  4.022010e+00   8.862848e+03   3.398747e+02
  4.024650e+00   9.313129e+03   3.487794e+02
  4.027290e+00   9.045403e+03   3.441034e+02
  4.029940e+00   9.038717e+03   3.421205e+02
  4.032580e+00   9.084166e+03   3.433492e+02
  4.035220e+00   8.823747e+03   3.391241e+02
  4.037870e+00   8.386660e+03   3.307376e+02
  4.040510e+00   8.791670e+03   3.381412e+02
  4.043150e+00   9.406411e+03   3.483856e+02
  4.045800e+00   9.240822e+03   3.470464e+02
  4.048440e+00   8.573496e+03   3.352502e+02
  4.051080e+00   8.501691e+03   3.316825e+02
  4.053730e+00   8.425770e+03   3.297259e+02
  4.056370e+00   8.928437e+03   3.403935e+02
  4.059010e+00   8.817980e+03   3.384030e+02
  4.061660e+00   8.569262e+03   3.343188e+02
  4.064300e+00   8.889701e+03   3.394104e+02
  4.066940e+00   9.207844e+03   3.460520e+02
  4.069590e+00   8.337472e+03   3.290538e+02
  4.072230e+00   8.774873e+03   3.360073e+02
  4.074870e+00   9.212864e+03   3.447828e+02
  4.077520e+00   9.161058e+03   3.435665e+02
  4.080160e+00   8.889505e+03   3.396505e+02
  4.082800e+00   8.498668e+03   3.325786e+02
  4.085450e+00   9.064560e+03   3.423637e+02
  4.088090e+00   8.948734e+03   3.389575e+02
  4.090730e+00   9.471564e+03   3.498402e+02
  4.093380e+00   8.473435e+03   3.318453e+02
  4.096020e+00   8.573186e+03   3.329550e+02
  4.098660e+00   9.392460e+03   3.476305e+02
  4.101310e+00   8.335448e+03   3.279538e+02
  4.103950e+00   8.608205e+03   3.325640e+02
  4.106600e+00   8.947959e+03   3.406430e+02
  4.109240e+00   8.923493e+03   3.377592e+02
  4.111880e+00   8.754219e+03   3.364520e+02
  4.114530e+00   9.155262e+03   3.443191e+02
  4.117170e+00   8.870374e+03   3.389196e+02
  4.119810e+00   8.699997e+03   3.333846e+02
  4.122460e+00   9.391417e+03   3.471168e+02
  4.125100e+00   9.077343e+03   3.421153e+02
  4.127740e+00   9.077789e+03   3.435994e+02
  4.130390e+00   9.147824e+03   3.428292e+02
  4.133030e+00   9.076905e+03   3.406502e+02
  4.135670e+00   8.567705e+03   3.324914e+02
  4.138320e+00   9.121855e+03   3.418560e+02
  4.140960e+00   8.562247e+03   3.320297e+02
  4.143600e+00   9.294620e+03   3.449557e+02
  4.146250e+00   8.627194e+03   3.330491e+02
  4.148890e+00   8.211121e+03   3.258484e+02
  4.151530e+00   8.413742e+03   3.292552e+02
  4.154180e+00   8.866527e+03   3.360848e+02
  4.156820e+00   8.743712e+03   3.348141e+02
  4.159460e+00   8.980799e+03   3.396850e+02
  4.162110e+00   8.883528e+03   3.389277e+02
  4.164750e+00   9.166595e+03   3.425717e+02
  4.167390e+00   8.554082e+03   3.302267e+02
  4.170040e+00   8.815866e+03   3.348871e+02
  4.172680e+00   8.564223e+03   3.313597e+02
  4.175320e+00   9.171651e+03   3.410974e+02
  4.177970e+00   8.797588e+03   3.339519e+02
  4.180610e+00   9.171651e+03   3.410974e+02
  4.183250e+00   9.088797e+03   3.384845e+02
  4.185900e+00   9.057173e+03   3.373067e+02
  4.188540e+00   8.599551e+03   3.283324e+02
  4.191180e+00   9.290121e+03   3.419741e+02
  4.193830e+00   9.000661e+03   3.361359e+02
  4.196470e+00   8.647064e+03   3.303873e+02
  4.199110e+00   9.680713e+03   3.475173e+02
  4.201760e+00   8.225545e+03   3.194537e+02
  4.204400e+00   8.691021e+03   3.282553e+02
  4.207040e+00   9.056870e+03   3.356699e+02
  4.209690e+00   9.192113e+03   3.365472e+02
  4.212330e+00   9.205910e+03   3.381876e+02
  4.214970e+00   9.118435e+03   3.356542e+02
  4.217620e+00   8.833466e+03   3.310481e+02
  4.220260e+00   8.620529e+03   3.253609e+02
  4.222900e+00   9.056784e+03   3.352066e+02
  4.225550e+00   8.542244e+03   3.254336e+02
  4.228190e+00   8.518146e+03   3.247513e+02
  4.230830e+00   9.038132e+03   3.342874e+02
  4.233480e+00   9.106079e+03   3.354267e+02
  4.236120e+00   9.007260e+03   3.333736e+02
  4.238760e+00   8.730245e+03   3.278712e+02
  4.241410e+00   9.337431e+03   3.411823e+02
  4.244050e+00   9.596862e+03   3.451751e+02
  4.246690e+00   9.112316e+03   3.356565e+02
  4.249340e+00   9.327653e+03   3.390193e+02
  4.251980e+00   8.631737e+03   3.260162e+02
  4.254620e+00   8.871534e+03   3.308524e+02
  4.257270e+00   8.610148e+03   3.268368e+02
  4.259910e+00   8.442259e+03   3.237458e+02
  4.262560e+00   9.587948e+03   3.441873e+02
  4.265200e+00   9.161216e+03   3.358665e+02
  4.267840e+00   8.872164e+03   3.301877e+02
  4.270490e+00   9.038064e+03   3.333740e+02
  4.273130e+00   8.963778e+03   3.333665e+02
  4.275770e+00   8.870472e+03   3.319691e+02
  4.278420e+00   9.007132e+03   3.345165e+02
  4.281060e+00   9.358685e+03   3.396988e+02
  4.283700e+00   9.056614e+03   3.342857e+02
  4.286350e+00   8.802296e+03   3.305772e+02
  4.288990e+00   9.216496e+03   3.367634e+02
  4.291630e+00   8.433914e+03   3.224788e+02
  4.294280e+00   9.261330e+03   3.388544e+02
  4.296920e+00   9.038098e+03   3.338298e+02
  4.299560e+00   9.161216e+03   3.358665e+02
  4.302210e+00   9.476131e+03   3.419404e+02
  4.304850e+00   8.982345e+03   3.338262e+02
  4.307490e+00   9.688607e+03   3.464639e+02
  4.310140e+00   8.778825e+03   3.292316e+02
  4.312780e+00   8.766122e+03   3.292186e+02
  4.315420e+00   8.958090e+03   3.320089e+02
  4.318070e+00   8.926990e+03   3.319983e+02
  4.320710e+00   9.558883e+03   3.442548e+02
  4.323350e+00   8.779162e+03   3.290130e+02
  4.326000e+00   8.913878e+03   3.328949e+02
  4.328640e+00   8.988574e+03   3.338272e+02
  4.331280e+00   8.747386e+03   3.289793e+02
  4.333930e+00   9.447990e+03   3.400406e+02
  4.336570e+00   8.637629e+03   3.262387e+02
  4.339210e+00   9.317322e+03   3.399939e+02
  4.341860e+00   9.466807e+03   3.429462e+02
  4.344500e+00   8.564328e+03   3.246300e+02
  4.347140e+00   8.797267e+03   3.341805e+02
  4.349790e+00   9.261340e+03   3.530853e+02
  4.352430e+00   8.942067e+03   3.531904e+02
  4.355070e+00   8.819179e+03   3.544728e+02
  4.357720e+00   8.893683e+03   3.612812e+02
  4.360360e+00   9.071199e+03   3.706392e+02
  4.363000e+00   8.727711e+03   3.652433e+02
  4.365650e+00   8.653571e+03   3.663349e+02
  4.368290e+00   9.364136e+03   3.838921e+02
  4.370930e+00   8.969905e+03   3.783726e+02
  4.373580e+00   9.834528e+03   3.988428e+02
  4.376220e+00   8.502655e+03   3.757678e+02
  4.378860e+00   9.247511e+03   3.897361e+02
  4.381510e+00   8.144181e+03   3.698082e+02
  4.384150e+00   8.683234e+03   3.856360e+02
  4.386790e+00   9.104253e+03   3.984823e+02
  4.389440e+00   9.172880e+03   3.984444e+02
  4.392080e+00   9.061302e+03   4.012412e+02
  4.394720e+00   9.007930e+03   4.008476e+02
  4.397370e+00   8.546923e+03   3.929879e+02
  4.400010e+00   8.836793e+03   3.987989e+02
  4.402650e+00   9.109082e+03   4.106692e+02
  4.405300e+00   8.642289e+03   4.020757e+02
  4.407940e+00   9.490818e+03   4.244423e+02
  4.410590e+00   8.873112e+03   4.114807e+02
  4.413230e+00   8.389335e+03   4.022378e+02
  4.415870e+00   8.595037e+03   4.102187e+02
  4.418520e+00   8.265282e+03   4.067079e+02
  4.421160e+00   8.724909e+03   4.183274e+02
  4.423800e+00   8.763273e+03   4.206506e+02
  4.426450e+00   8.851208e+03   4.263477e+02
  4.429090e+00   9.256659e+03   4.407933e+02
  4.431730e+00   9.742768e+03   4.532746e+02
  4.434380e+00   8.962943e+03   4.332402e+02
  4.437020e+00   9.551645e+03   4.527914e+02
  4.439660e+00   9.777008e+03   4.614055e+02
  4.442310e+00   8.600127e+03   4.332681e+02
  4.444950e+00   9.190271e+03   4.489741e+02
  4.447590e+00   9.369079e+03   4.555402e+02
  4.450240e+00   9.230382e+03   4.580962e+02
  4.452880e+00   8.260086e+03   4.377837e+02
  4.455520e+00   8.713737e+03   4.487803e+02
  4.458170e+00   1.004689e+04   4.856347e+02
  4.460810e+00   8.931009e+03   4.599704e+02
  4.463450e+00   9.708993e+03   4.824437e+02
  4.466100e+00   1.054833e+04   5.069205e+02
  4.468740e+00   8.697779e+03   4.596919e+02
  4.471380e+00   8.157179e+03   4.531766e+02
  4.474030e+00   9.434868e+03   4.911596e+02
  4.476670e+00   9.166197e+03   4.837734e+02
  4.479310e+00   1.036245e+04   5.136474e+02
  4.481960e+00   9.285876e+03   4.914607e+02
  4.484600e+00   8.246758e+03   4.706673e+02
  4.487240e+00   8.158427e+03   4.702439e+02
  4.489890e+00   8.337705e+03   4.743154e+02
  4.492530e+00   9.490731e+03   5.094892e+02
  4.495170e+00   8.192620e+03   4.769928e+02
  4.497820e+00   9.825519e+03   5.297565e+02
  4.500460e+00   8.063774e+03   4.776567e+02
  4.503100e+00   8.880659e+03   5.076735e+02
  4.505750e+00   8.555369e+03   5.015246e+02
  4.508390e+00   7.663670e+03   4.789794e+02
  4.511030e+00   9.130198e+03   5.219387e+02
  4.513680e+00   9.175697e+03   5.245397e+02
  4.516320e+00   9.196651e+03   5.345445e+02
  4.518960e+00   7.736372e+03   4.962885e+02
  4.521610e+00   9.267098e+03   5.460690e+02
  4.524250e+00   9.183011e+03   5.373951e+02
  4.526890e+00   9.123168e+03   5.442426e+02
  4.529540e+00   9.570284e+03   5.619864e+02
  4.532180e+00   9.399014e+03   5.647320e+02
  4.534820e+00   9.797488e+03   5.733546e+02
  4.537470e+00   9.060482e+03   5.608298e+02
  4.540110e+00   8.955800e+03   5.597375e+02
  4.542750e+00   9.025768e+03   5.697014e+02
  4.545400e+00   8.554403e+03   5.465207e+02
  4.548040e+00   9.207008e+03   5.776991e+02
  4.550680e+00   9.528233e+03   5.955146e+02
  4.553330e+00   8.987523e+03   5.862813e+02
  4.555970e+00   9.121583e+03   5.912644e+02
  4.558610e+00   9.842837e+03   6.116041e+02
  4.561260e+00   9.606826e+03   6.100340e+02
  4.563900e+00   8.523219e+03   5.853771e+02
  4.566550e+00   8.922498e+03   6.070991e+02
  4.569190e+00   9.732483e+03   6.269244e+02
  4.571830e+00   7.934279e+03   5.771339e+02
  4.574480e+00   9.174427e+03   6.242407e+02
  4.577120e+00   7.816574e+03   5.810014e+02
  4.579760e+00   8.874979e+03   6.183491e+02
  4.582410e+00   8.602337e+03   6.192097e+02
  4.585050e+00   9.368518e+03   6.543257e+02
  4.587690e+00   8.721001e+03   6.394549e+02
  4.590340e+00   9.048970e+03   6.480102e+02
  4.592980e+00   9.309300e+03   6.632601e+02
  4.595620e+00   8.878608e+03   6.599418e+02
  4.598270e+00   1.044555e+04   7.277760e+02
  4.600910e+00   8.515837e+03   6.589753e+02
  4.603550e+00   9.954132e+03   7.165141e+02
  4.606200e+00   9.245908e+03   7.133373e+02
  4.608840e+00   1.017145e+04   7.539583e+02
  4.611480e+00   8.366743e+03   6.924366e+02
  4.614130e+00   9.082533e+03   7.180373e+02
  4.616770e+00   8.844041e+03   7.319380e+02
  4.619410e+00   8.994537e+03   7.495447e+02
  4.622060e+00   8.701100e+03   7.516605e+02
  4.624700e+00   1.026960e+04   8.093580e+02
  4.627340e+00   1.017083e+04   8.276902e+02
  4.629990e+00   8.990919e+03   7.916063e+02
  4.632630e+00   7.411403e+03   7.374621e+02
  4.635270e+00   8.809149e+03   7.975429e+02
  4.637920e+00   9.177461e+03   8.343147e+02
  4.640560e+00   9.432334e+03   8.757702e+02
  4.643200e+00   8.106477e+03   8.230880e+02
  4.645850e+00   9.643971e+03   8.915854e+02
  4.648490e+00   8.440764e+03   8.398874e+02
  4.651130e+00   9.325201e+03   8.931922e+02
  4.653780e+00   8.447763e+03   8.667222e+02
  4.656420e+00   1.077704e+04   9.838043e+02
  4.659060e+00   9.941425e+03   9.310998e+02
  4.661710e+00   1.006895e+04   9.557021e+02
  4.664350e+00   8.281374e+03   8.778239e+02
  4.666990e+00   1.014789e+04   9.950825e+02
  4.669640e+00   1.052250e+04   9.769899e+02
  4.672280e+00   7.790663e+03   8.603348e+02
  4.674920e+00   7.750942e+03   8.890940e+02
  4.677570e+00   1.046169e+04   1.035861e+03
  4.680210e+00   8.976447e+03   9.409873e+02
  4.682850e+00   8.362858e+03   9.235232e+02
  4.685500e+00   1.040618e+04   1.051183e+03
  4.688140e+00   9.413377e+03   1.021024e+03
  4.690780e+00   1.029999e+04   1.045806e+03
  4.693430e+00   8.264558e+03   9.480099e+02
  4.696070e+00   6.994970e+03   8.883621e+02
  4.698710e+00   8.674114e+03   1.008345e+03
  4.701360e+00   9.202744e+03   1.042006e+03
  4.704000e+00   1.015399e+04   1.070324e+03
  4.706640e+00   1.056076e+04   1.138796e+03
  4.709290e+00   1.037003e+04   1.152226e+03
  4.711930e+00   1.059547e+04   1.177274e+03
  4.714570e+00   9.449797e+03   1.069979e+03
  4.717220e+00   8.502535e+03   1.054610e+03
  4.719860e+00   9.783657e+03   1.161106e+03
  4.722510e+00   9.598832e+03   1.172684e+03
  4.725150e+00   9.418192e+03   1.109945e+03
  4.727790e+00   8.882502e+03   1.128079e+03
  4.730440e+00   6.415008e+03   9.782796e+02
  4.733080e+00   1.151563e+04   1.338665e+03
  4.735720e+00   8.953562e+03   1.137103e+03
  4.738370e+00   7.342997e+03   1.059870e+03
  4.741010e+00   9.108573e+03   1.228200e+03
  4.743650e+00   8.514875e+03   1.204185e+03
  4.746300e+00   9.936625e+03   1.282813e+03
  4.748940e+00   9.111727e+03   1.251592e+03
  4.751580e+00   1.049936e+04   1.390675e+03
  4.754230e+00   1.026087e+04   1.396328e+03
  4.756870e+00   9.418192e+03   1.359399e+03
  4.759510e+00   1.004931e+04   1.367538e+03
  4.762160e+00   7.857727e+03   1.291802e+03
  4.764800e+00   1.025149e+04   1.511500e+03
  4.767440e+00   6.942898e+03   1.267594e+03
  4.770090e+00   1.049508e+04   1.484228e+03
  4.772730e+00   8.424050e+03   1.423924e+03
  4.775370e+00   1.103149e+04   1.663060e+03
  4.778020e+00   8.371727e+03   1.479926e+03
  4.780660e+00   7.838167e+03   1.364450e+03
  4.783300e+00   1.281921e+04   1.831315e+03
  4.785950e+00   8.743712e+03   1.570417e+03
  4.788590e+00   7.342997e+03   1.498883e+03
  4.791230e+00   1.013420e+04   1.791490e+03
  4.793880e+00   8.331478e+03   1.700656e+03
  4.796520e+00   6.418324e+03   1.604581e+03
  4.799160e+00   1.140097e+04   2.327213e+03
  4.801810e+00   1.114948e+04   2.433016e+03
  4.804450e+00   8.152306e+03   2.178796e+03
  4.807090e+00   6.278795e+03   2.219889e+03
  4.809740e+00   1.203436e+04   3.805598e+03
  4.812380e+00   1.110864e+04   3.927496e+03
creator: radaver
creator-version: 6572
working-directory: /dataInt/p12/vives/2015-10-17/NEW
header-file: images/header/img_0009_00002.txt
image-file: images/pilatus2m/img_0009_00002.tiff
angular-axis-file: etc/radial-averaging/saxs-2/saxis-saxs2-20150921.dat
beamstop-mask-file: etc/radial-averaging/saxs-2/mask-saxs2-20151008.msk
detector-response-file: none
beam-center-x: 656.1000
beam-center-y: 1645.9000
unit-time: 100.0000
channel-first: 8
channel-last: 1819
angular-unit: nanometer
Run Number: 9
Frame Number: 2
Sample: ADR
Buffer: NAPI
Code: ADR_NAPI
Concentration [mg/ml]: 3
Plate Row: 2
Plate Column: 1
Well Row: 1
Well Column: 2
Load Volume: 20
Load Viscosity: low
Exposure time [s]: 0.035
Exposure period [s]: 0.04
Detector Position: saxs-2
Detector Distance [m]: 3
Timestamp (begin): 2015-10-17 03:33:01.763
Timestamp (end): 2015-10-17 03:33:01.798
PETRA Current: 94.1409
Transmitted Beam: 0.158277
Wavelength [nm]: 0.123987
Flytube Vacuum [mbar]: 0.000285457
Crystal Temperature 1 [C]: -181.4
Crystal Temperature 2 [C]: -156.3
Cell Target Temperature [C]: 20
Cell Temperature [C]: 20
Storage Temperature [C]: 20.1
