
Sample:   c= .0000 mg/ml  Code: NAPI
  2.520060e-02   5.092820e+07   2.863124e+05
  2.784400e-02   7.552490e+06   6.094683e+04
  3.048740e-02   3.107577e+06   3.663332e+04
  3.313080e-02   1.383309e+06   2.282801e+04
  3.577420e-02   6.134717e+05   1.418266e+04
  3.841750e-02   4.259404e+05   1.192872e+04
  4.106090e-02   2.858215e+05   8.962609e+03
  4.370430e-02   2.232586e+05   7.859073e+03
  4.634770e-02   1.722722e+05   6.420208e+03
  4.899110e-02   1.442372e+05   5.580703e+03
  5.163450e-02   1.286756e+05   5.147023e+03
  5.427790e-02   1.058769e+05   4.351512e+03
  5.692130e-02   8.723775e+04   4.011196e+03
  5.956470e-02   7.744201e+04   3.579758e+03
  6.220810e-02   6.580640e+04   3.116023e+03
  6.485140e-02   5.731075e+04   2.983478e+03
  6.749480e-02   5.338759e+04   2.686221e+03
  7.013820e-02   4.996044e+04   2.618638e+03
  7.278160e-02   4.363205e+04   2.349071e+03
  7.542500e-02   4.365803e+04   2.300980e+03
  7.806840e-02   4.242252e+04   2.245238e+03
  8.071180e-02   3.724687e+04   2.005304e+03
  8.335520e-02   3.277215e+04   1.898440e+03
  8.599860e-02   3.119096e+04   1.791874e+03
  8.864200e-02   3.005607e+04   1.812449e+03
  9.128530e-02   2.848318e+04   1.769858e+03
  9.392870e-02   2.498359e+04   1.647369e+03
  9.657210e-02   2.323881e+04   1.603630e+03
  9.921550e-02   2.506538e+04   1.635085e+03
  1.018590e-01   2.251473e+04   1.568676e+03
  1.045020e-01   2.079397e+04   1.463059e+03
  1.071460e-01   2.051785e+04   1.461836e+03
  1.097890e-01   2.150761e+04   1.528479e+03
  1.124320e-01   1.858616e+04   1.348381e+03
  1.150760e-01   1.880612e+04   1.371577e+03
  1.177190e-01   1.780199e+04   1.308828e+03
  1.203630e-01   1.740566e+04   1.319520e+03
  1.230060e-01   1.850152e+04   1.356597e+03
  1.256490e-01   1.367746e+04   1.131955e+03
  1.282930e-01   1.612985e+04   1.222801e+03
  1.309360e-01   1.743336e+04   1.258145e+03
  1.335800e-01   1.464665e+04   1.165225e+03
  1.362230e-01   1.570952e+04   1.167680e+03
  1.388660e-01   1.484422e+04   1.152135e+03
  1.415100e-01   1.474026e+04   1.133866e+03
  1.441530e-01   1.346635e+04   1.058017e+03
  1.467970e-01   1.538510e+04   1.149936e+03
  1.494400e-01   1.406759e+04   1.066461e+03
  1.520830e-01   1.257605e+04   1.020053e+03
  1.547270e-01   1.429456e+04   1.077493e+03
  1.573700e-01   1.349766e+04   1.035224e+03
  1.600130e-01   1.219212e+04   9.730374e+02
  1.626570e-01   1.069880e+04   8.978233e+02
  1.653000e-01   1.133790e+04   9.383311e+02
  1.679440e-01   1.103832e+04   9.042943e+02
  1.705870e-01   1.344741e+04   1.002311e+03
  1.732300e-01   1.027371e+04   8.652026e+02
  1.758740e-01   1.055119e+04   8.732224e+02
  1.785170e-01   1.221336e+04   9.394892e+02
  1.811610e-01   1.219424e+04   9.165751e+02
  1.838040e-01   1.189942e+04   9.235739e+02
  1.864470e-01   1.189606e+04   9.070658e+02
  1.890910e-01   1.386839e+04   9.662564e+02
  1.917340e-01   1.092194e+04   8.607697e+02
  1.943780e-01   1.171705e+04   8.733371e+02
  1.970210e-01   1.139681e+04   8.792830e+02
  1.996640e-01   1.049230e+04   8.294893e+02
  2.023080e-01   1.087082e+04   8.412089e+02
  2.049510e-01   1.044827e+04   8.085118e+02
  2.075950e-01   1.139540e+04   8.355514e+02
  2.102380e-01   1.069988e+04   8.255139e+02
  2.128810e-01   1.186345e+04   8.409780e+02
  2.155250e-01   9.809114e+03   7.779133e+02
  2.181680e-01   1.095202e+04   8.163150e+02
  2.208110e-01   1.136518e+04   8.245170e+02
  2.234550e-01   1.034357e+04   7.933156e+02
  2.260980e-01   1.022365e+04   7.641513e+02
  2.287420e-01   1.047301e+04   7.784530e+02
  2.313850e-01   1.066885e+04   7.781062e+02
  2.340280e-01   1.037535e+04   7.648809e+02
  2.366720e-01   9.595379e+03   7.402996e+02
  2.393150e-01   1.052479e+04   7.595610e+02
  2.419590e-01   1.145010e+04   7.997094e+02
  2.446020e-01   1.075184e+04   7.583760e+02
  2.472450e-01   9.776186e+03   7.286739e+02
  2.498890e-01   1.055848e+04   7.561085e+02
  2.525320e-01   1.093591e+04   7.546495e+02
  2.551760e-01   1.069949e+04   7.623073e+02
  2.578190e-01   1.187091e+04   7.727302e+02
  2.604620e-01   1.134195e+04   7.629421e+02
  2.631060e-01   1.100769e+04   7.560110e+02
  2.657490e-01   1.123051e+04   7.537425e+02
  2.683920e-01   1.046017e+04   7.305703e+02
  2.710360e-01   1.152820e+04   7.488371e+02
  2.736790e-01   9.748114e+03   6.962939e+02
  2.763230e-01   9.533870e+03   6.809907e+02
  2.789660e-01   1.215763e+04   7.658589e+02
  2.816090e-01   1.190059e+04   7.587540e+02
  2.842530e-01   1.136198e+04   7.334129e+02
  2.868960e-01   1.104801e+04   7.300729e+02
  2.895400e-01   1.263380e+04   7.632356e+02
  2.921830e-01   1.149484e+04   7.299229e+02
  2.948260e-01   1.068852e+04   7.047799e+02
  2.974700e-01   1.076948e+04   7.010336e+02
  3.001130e-01   9.965283e+03   6.796267e+02
  3.027570e-01   1.055281e+04   6.826045e+02
  3.054000e-01   1.013688e+04   6.757923e+02
  3.080430e-01   1.012384e+04   6.660996e+02
  3.106870e-01   1.077547e+04   6.941093e+02
  3.133300e-01   1.120783e+04   6.991254e+02
  3.159740e-01   1.072439e+04   6.715874e+02
  3.186170e-01   1.081534e+04   6.867748e+02
  3.212600e-01   1.003326e+04   6.503599e+02
  3.239040e-01   1.083678e+04   6.799599e+02
  3.265470e-01   1.089585e+04   6.809907e+02
  3.291900e-01   9.732034e+03   6.308340e+02
  3.318340e-01   9.996553e+03   6.507202e+02
  3.344770e-01   9.746289e+03   6.291203e+02
  3.371210e-01   9.571791e+03   6.270689e+02
  3.397640e-01   1.114658e+04   6.697331e+02
  3.424070e-01   1.180384e+04   6.837780e+02
  3.450510e-01   1.095876e+04   6.694128e+02
  3.476940e-01   1.018370e+04   6.267637e+02
  3.503380e-01   9.650436e+03   6.203535e+02
  3.529810e-01   9.915225e+03   6.246005e+02
  3.556240e-01   1.060786e+04   6.431957e+02
  3.582680e-01   1.162304e+04   6.710563e+02
  3.609110e-01   1.051752e+04   6.307991e+02
  3.635550e-01   9.985894e+03   6.192989e+02
  3.661980e-01   1.073528e+04   6.325825e+02
  3.688410e-01   9.231207e+03   5.909675e+02
  3.714850e-01   9.873652e+03   6.053924e+02
  3.741280e-01   1.104309e+04   6.375733e+02
  3.767710e-01   1.018175e+04   6.173591e+02
  3.794150e-01   9.812394e+03   5.960605e+02
  3.820580e-01   1.085904e+04   6.322378e+02
  3.847020e-01   9.796949e+03   5.907782e+02
  3.873450e-01   1.107968e+04   6.333830e+02
  3.899880e-01   9.318820e+03   5.779287e+02
  3.926320e-01   1.051170e+04   6.058845e+02
  3.952750e-01   1.092331e+04   6.244441e+02
  3.979190e-01   9.491391e+03   5.723524e+02
  4.005620e-01   1.044005e+04   6.068155e+02
  4.032050e-01   1.103205e+04   6.128916e+02
  4.058490e-01   9.604861e+03   5.729780e+02
  4.084920e-01   1.070744e+04   6.121033e+02
  4.111360e-01   1.002085e+04   5.824501e+02
  4.137790e-01   8.835756e+03   5.500901e+02
  4.164220e-01   9.892422e+03   5.759591e+02
  4.190660e-01   1.108274e+04   6.073304e+02
  4.217090e-01   1.106610e+04   6.091687e+02
  4.243530e-01   1.144115e+04   6.141932e+02
  4.269960e-01   1.137705e+04   6.451332e+02
  4.296390e-01   1.013325e+04   6.088483e+02
  4.322830e-01   1.031171e+04   6.419788e+02
  4.349260e-01   1.078289e+04   6.726183e+02
  4.375690e-01   9.297544e+03   6.130619e+02
  4.402130e-01   1.063203e+04   6.751345e+02
  4.428560e-01   9.850686e+03   6.467292e+02
  4.455000e-01   1.060548e+04   6.903579e+02
  4.481430e-01   9.861435e+03   6.648578e+02
  4.507860e-01   8.964941e+03   6.339171e+02
  4.534300e-01   1.055718e+04   7.069609e+02
  4.560730e-01   1.035878e+04   6.875365e+02
  4.587170e-01   1.022188e+04   6.829782e+02
  4.613600e-01   1.040992e+04   6.805177e+02
  4.640030e-01   9.661661e+03   6.499136e+02
  4.666470e-01   9.831475e+03   6.689472e+02
  4.692900e-01   9.946092e+03   6.529929e+02
  4.719340e-01   1.144064e+04   7.206928e+02
  4.745770e-01   1.040487e+04   6.744473e+02
  4.772200e-01   9.836533e+03   6.708460e+02
  4.798640e-01   1.183306e+04   7.201369e+02
  4.825070e-01   9.889703e+03   6.279968e+02
  4.851500e-01   9.723986e+03   6.276806e+02
  4.877940e-01   1.047969e+04   6.296636e+02
  4.904370e-01   1.069319e+04   6.436546e+02
  4.930810e-01   1.077742e+04   6.285518e+02
  4.957240e-01   1.125427e+04   6.351151e+02
  4.983670e-01   1.063079e+04   6.242613e+02
  5.010110e-01   1.092860e+04   6.227150e+02
  5.036540e-01   1.036088e+04   6.063249e+02
  5.062980e-01   9.688700e+03   5.749186e+02
  5.089410e-01   1.000016e+04   5.852150e+02
  5.115840e-01   1.043744e+04   5.996153e+02
  5.142280e-01   1.047619e+04   5.921490e+02
  5.168710e-01   1.045321e+04   5.965961e+02
  5.195150e-01   1.027451e+04   5.761659e+02
  5.221580e-01   1.046549e+04   5.868753e+02
  5.248010e-01   1.048625e+04   5.852855e+02
  5.274450e-01   1.050881e+04   5.784911e+02
  5.300880e-01   1.013591e+04   5.701892e+02
  5.327320e-01   9.149537e+03   5.345216e+02
  5.353750e-01   9.350954e+03   5.481626e+02
  5.380180e-01   1.114242e+04   5.832208e+02
  5.406620e-01   9.593190e+03   5.439799e+02
  5.433050e-01   1.037275e+04   5.701381e+02
  5.459480e-01   1.028474e+04   5.627557e+02
  5.485920e-01   9.884432e+03   5.516952e+02
  5.512350e-01   9.813542e+03   5.385881e+02
  5.538790e-01   1.060563e+04   5.613095e+02
  5.565220e-01   1.013046e+04   5.518413e+02
  5.591650e-01   1.017640e+04   5.470866e+02
  5.618090e-01   9.770736e+03   5.378613e+02
  5.644520e-01   1.100472e+04   5.637889e+02
  5.670960e-01   1.028927e+04   5.492008e+02
  5.697390e-01   1.035945e+04   5.452341e+02
  5.723820e-01   1.017506e+04   5.407985e+02
  5.750260e-01   9.678389e+03   5.248843e+02
  5.776690e-01   9.861795e+03   5.294089e+02
  5.803130e-01   9.986392e+03   5.353268e+02
  5.829560e-01   1.000047e+04   5.227332e+02
  5.855990e-01   9.936618e+03   5.288728e+02
  5.882430e-01   1.058466e+04   5.415585e+02
  5.908860e-01   1.100703e+04   5.531243e+02
  5.935290e-01   1.141340e+04   5.575813e+02
  5.961730e-01   9.450313e+03   5.065899e+02
  5.988160e-01   1.054236e+04   5.338332e+02
  6.014600e-01   9.633224e+03   5.091317e+02
  6.041030e-01   1.072996e+04   5.344972e+02
  6.067460e-01   1.135189e+04   5.493565e+02
  6.093900e-01   1.058155e+04   5.264517e+02
  6.120330e-01   1.066580e+04   5.313014e+02
  6.146770e-01   1.025748e+04   5.141612e+02
  6.173200e-01   1.102145e+04   5.302699e+02
  6.199630e-01   1.033046e+04   5.108086e+02
  6.226070e-01   9.981942e+03   5.061046e+02
  6.252500e-01   1.120264e+04   5.334590e+02
  6.278940e-01   1.083822e+04   5.202513e+02
  6.305370e-01   1.056352e+04   5.136159e+02
  6.331800e-01   9.518695e+03   4.844888e+02
  6.358240e-01   1.061347e+04   5.148287e+02
  6.384670e-01   1.014213e+04   4.990618e+02
  6.411110e-01   1.018081e+04   5.003596e+02
  6.437540e-01   9.615211e+03   4.862621e+02
  6.463970e-01   1.024036e+04   5.014727e+02
  6.490410e-01   1.043811e+04   5.045449e+02
  6.516840e-01   1.081342e+04   5.131822e+02
  6.543270e-01   1.063803e+04   5.083046e+02
  6.569710e-01   1.154080e+04   5.334737e+02
  6.596140e-01   1.037841e+04   4.993315e+02
  6.622580e-01   1.007941e+04   4.947788e+02
  6.649010e-01   1.074654e+04   5.043603e+02
  6.675440e-01   1.114097e+04   5.166502e+02
  6.701880e-01   9.961011e+03   4.925403e+02
  6.728310e-01   1.101326e+04   5.085453e+02
  6.754750e-01   1.058522e+04   5.029192e+02
  6.781180e-01   9.896464e+03   4.817523e+02
  6.807610e-01   1.029897e+04   4.921037e+02
  6.834050e-01   1.018081e+04   4.870142e+02
  6.860480e-01   1.026155e+04   4.848128e+02
  6.886920e-01   1.039712e+04   4.951011e+02
  6.913350e-01   9.509487e+03   4.640154e+02
  6.939780e-01   1.062346e+04   4.974889e+02
  6.966220e-01   1.011758e+04   4.801589e+02
  6.992650e-01   9.911621e+03   4.725180e+02
  7.019080e-01   1.046038e+04   4.936557e+02
  7.045520e-01   1.015868e+04   4.741665e+02
  7.071950e-01   1.030399e+04   4.814737e+02
  7.098390e-01   1.056451e+04   4.893915e+02
  7.124820e-01   1.055281e+04   4.826742e+02
  7.151250e-01   1.091327e+04   4.970857e+02
  7.177690e-01   1.021987e+04   4.709067e+02
  7.204120e-01   1.009228e+04   4.726144e+02
  7.230560e-01   1.082019e+04   4.863312e+02
  7.256990e-01   1.004207e+04   4.702631e+02
  7.283420e-01   1.003980e+04   4.676000e+02
  7.309860e-01   1.090917e+04   4.859331e+02
  7.336290e-01   1.062346e+04   4.818897e+02
  7.362730e-01   1.064492e+04   4.779709e+02
  7.389160e-01   1.070930e+04   4.794142e+02
  7.415590e-01   1.013920e+04   4.681845e+02
  7.442030e-01   9.873961e+03   4.559371e+02
  7.468460e-01   9.532211e+03   4.534010e+02
  7.494900e-01   9.757933e+03   4.505795e+02
  7.521330e-01   1.139584e+04   4.903989e+02
  7.547760e-01   1.060675e+04   4.705985e+02
  7.574200e-01   9.770878e+03   4.540912e+02
  7.600630e-01   1.049308e+04   4.697348e+02
  7.627060e-01   9.565180e+03   4.412089e+02
  7.653500e-01   1.006104e+04   4.577930e+02
  7.679930e-01   1.017927e+04   4.575241e+02
  7.706370e-01   1.047383e+04   4.665414e+02
  7.732800e-01   9.725984e+03   4.443916e+02
  7.759230e-01   9.995186e+03   4.515365e+02
  7.785670e-01   1.088166e+04   4.722240e+02
  7.812100e-01   1.107114e+04   4.725048e+02
  7.838540e-01   1.088336e+04   4.700894e+02
  7.864970e-01   1.048420e+04   4.566988e+02
  7.891400e-01   1.005512e+04   4.470047e+02
  7.917840e-01   9.721998e+03   4.432849e+02
  7.944270e-01   9.524750e+03   4.338405e+02
  7.970710e-01   9.798913e+03   4.417691e+02
  7.997140e-01   1.021260e+04   4.469935e+02
  8.023570e-01   1.062346e+04   4.610187e+02
  8.050010e-01   1.043935e+04   4.521783e+02
  8.076440e-01   1.033970e+04   4.482827e+02
  8.102870e-01   1.011478e+04   4.448476e+02
  8.129310e-01   9.840837e+03   4.366166e+02
  8.155740e-01   1.023644e+04   4.450628e+02
  8.182180e-01   1.008750e+04   4.394183e+02
  8.208610e-01   1.011484e+04   4.397759e+02
  8.235040e-01   1.010936e+04   4.403704e+02
  8.261480e-01   1.013952e+04   4.412661e+02
  8.287910e-01   1.060066e+04   4.487616e+02
  8.314350e-01   9.863567e+03   4.296637e+02
  8.340780e-01   9.775252e+03   4.311679e+02
  8.367210e-01   9.912198e+03   4.330164e+02
  8.393650e-01   1.003202e+04   4.333171e+02
  8.420080e-01   9.832347e+03   4.303501e+02
  8.446520e-01   1.040441e+04   4.357930e+02
  8.472950e-01   1.010948e+04   4.370708e+02
  8.499380e-01   9.861201e+03   4.271360e+02
  8.525820e-01   1.027664e+04   4.331088e+02
  8.552250e-01   1.050875e+04   4.409372e+02
  8.578690e-01   1.020489e+04   4.347428e+02
  8.605120e-01   1.025483e+04   4.484124e+02
  8.631550e-01   9.946186e+03   4.387074e+02
  8.657990e-01   1.040238e+04   4.531348e+02
  8.684420e-01   1.082683e+04   4.646238e+02
  8.710850e-01   1.147051e+04   4.742471e+02
  8.737290e-01   9.852235e+03   4.459897e+02
  8.763720e-01   9.572784e+03   4.315744e+02
  8.790160e-01   1.021486e+04   4.523216e+02
  8.816590e-01   1.003598e+04   4.524571e+02
  8.843020e-01   9.840924e+03   4.409823e+02
  8.869460e-01   9.552317e+03   4.369128e+02
  8.895890e-01   1.034076e+04   4.385458e+02
  8.922330e-01   1.088857e+04   4.540847e+02
  8.948760e-01   1.032836e+04   4.364528e+02
  8.975190e-01   1.054734e+04   4.372013e+02
  9.001630e-01   9.924835e+03   4.282883e+02
  9.028060e-01   1.036435e+04   4.318478e+02
  9.054500e-01   1.065269e+04   4.411894e+02
  9.080930e-01   9.617285e+03   4.134794e+02
  9.107360e-01   9.473823e+03   4.099724e+02
  9.133800e-01   9.437079e+03   4.118679e+02
  9.160230e-01   1.067657e+04   4.347836e+02
  9.186660e-01   9.303925e+03   4.056704e+02
  9.213100e-01   9.902045e+03   4.143877e+02
  9.239530e-01   1.015036e+04   4.232993e+02
  9.265970e-01   1.097333e+04   4.403445e+02
  9.292400e-01   9.693560e+03   4.078111e+02
  9.318830e-01   1.041309e+04   4.272542e+02
  9.345270e-01   9.912490e+03   4.115938e+02
  9.371700e-01   1.025713e+04   4.229969e+02
  9.398140e-01   9.048853e+03   3.926868e+02
  9.424570e-01   9.946866e+03   4.091594e+02
  9.451000e-01   1.008578e+04   4.155771e+02
  9.477440e-01   1.048855e+04   4.205527e+02
  9.503870e-01   1.005108e+04   4.162731e+02
  9.530310e-01   1.066295e+04   4.188801e+02
  9.556740e-01   9.857162e+03   4.078923e+02
  9.583170e-01   9.934528e+03   4.065932e+02
  9.609610e-01   1.084127e+04   4.229583e+02
  9.636040e-01   1.052639e+04   4.197147e+02
  9.662480e-01   9.994925e+03   4.023805e+02
  9.688910e-01   1.041903e+04   4.144468e+02
  9.715340e-01   9.876570e+03   4.022050e+02
  9.741780e-01   1.018161e+04   4.037272e+02
  9.768210e-01   9.473145e+03   3.906659e+02
  9.794640e-01   1.040312e+04   4.046343e+02
  9.821080e-01   9.583262e+03   3.922168e+02
  9.847510e-01   9.306873e+03   3.884614e+02
  9.873950e-01   1.016750e+04   4.113330e+02
  9.900380e-01   1.017433e+04   4.192261e+02
  9.926810e-01   1.052031e+04   4.252585e+02
  9.953250e-01   9.715924e+03   4.158032e+02
  9.979680e-01   9.920874e+03   4.184868e+02
  1.000610e+00   1.077899e+04   4.415247e+02
  1.003250e+00   1.042693e+04   4.355911e+02
  1.005900e+00   1.006259e+04   4.294609e+02
  1.008540e+00   1.033913e+04   4.369079e+02
  1.011190e+00   9.766784e+03   4.246428e+02
  1.013830e+00   1.006873e+04   4.373575e+02
  1.016470e+00   1.107080e+04   4.561643e+02
  1.019120e+00   1.029670e+04   4.422810e+02
  1.021760e+00   9.764764e+03   4.307053e+02
  1.024400e+00   1.037596e+04   4.444571e+02
  1.027050e+00   9.926835e+03   4.382805e+02
  1.029690e+00   1.062727e+04   4.502919e+02
  1.032330e+00   1.045539e+04   4.520258e+02
  1.034980e+00   1.025686e+04   4.472204e+02
  1.037620e+00   1.052617e+04   4.525554e+02
  1.040260e+00   1.044036e+04   4.509548e+02
  1.042910e+00   1.083218e+04   4.414868e+02
  1.045550e+00   1.043244e+04   4.377354e+02
  1.048190e+00   1.056634e+04   4.342739e+02
  1.050840e+00   1.036649e+04   4.271439e+02
  1.053480e+00   1.076301e+04   4.333024e+02
  1.056120e+00   1.078411e+04   4.293085e+02
  1.058770e+00   1.054407e+04   4.265675e+02
  1.061410e+00   1.015402e+04   4.155765e+02
  1.064050e+00   9.830912e+03   4.071548e+02
  1.066700e+00   1.032002e+04   4.147968e+02
  1.069340e+00   1.045798e+04   4.159961e+02
  1.071980e+00   1.011758e+04   4.116783e+02
  1.074630e+00   1.055224e+04   4.132578e+02
  1.077270e+00   1.032012e+04   4.124748e+02
  1.079910e+00   1.063643e+04   4.152827e+02
  1.082560e+00   9.353087e+03   3.853872e+02
  1.085200e+00   9.664996e+03   3.942434e+02
  1.087840e+00   1.011310e+04   3.978947e+02
  1.090490e+00   1.015852e+04   4.021796e+02
  1.093130e+00   1.035975e+04   4.032528e+02
  1.095770e+00   1.035058e+04   4.028956e+02
  1.098420e+00   1.003066e+04   3.955707e+02
  1.101060e+00   1.075656e+04   4.080195e+02
  1.103700e+00   1.044827e+04   4.042559e+02
  1.106350e+00   1.013300e+04   3.953260e+02
  1.108990e+00   9.569033e+03   3.818460e+02
  1.111630e+00   9.839907e+03   3.865481e+02
  1.114280e+00   1.119295e+04   4.117392e+02
  1.116920e+00   1.043789e+04   4.017547e+02
  1.119560e+00   1.003028e+04   3.866390e+02
  1.122210e+00   9.881932e+03   3.867099e+02
  1.124850e+00   1.033463e+04   3.942906e+02
  1.127490e+00   1.060234e+04   3.998749e+02
  1.130140e+00   1.012189e+04   3.910428e+02
  1.132780e+00   9.800070e+03   3.823372e+02
  1.135420e+00   9.897907e+03   3.844029e+02
  1.138070e+00   1.031849e+04   3.908407e+02
  1.140710e+00   1.097489e+04   4.042653e+02
  1.143350e+00   1.087300e+04   4.018776e+02
  1.146000e+00   1.037114e+04   3.900470e+02
  1.148640e+00   9.738912e+03   3.808216e+02
  1.151280e+00   1.043401e+04   3.899373e+02
  1.153930e+00   1.038328e+04   3.899522e+02
  1.156570e+00   9.427553e+03   3.703492e+02
  1.159220e+00   1.006798e+04   3.816258e+02
  1.161860e+00   1.040653e+04   3.905501e+02
  1.164500e+00   1.017048e+04   3.806208e+02
  1.167150e+00   1.026673e+04   3.858473e+02
  1.169790e+00   1.015602e+04   3.792836e+02
  1.172430e+00   1.039657e+04   3.863854e+02
  1.175080e+00   1.010937e+04   3.810112e+02
  1.177720e+00   9.892741e+03   3.728467e+02
  1.180360e+00   1.052891e+04   3.883647e+02
  1.183010e+00   9.492762e+03   3.653766e+02
  1.185650e+00   1.002615e+04   3.776067e+02
  1.188290e+00   1.032602e+04   3.806222e+02
  1.190940e+00   9.584234e+03   3.653955e+02
  1.193580e+00   9.994732e+03   3.753600e+02
  1.196220e+00   1.031336e+04   3.778524e+02
  1.198870e+00   1.008380e+04   3.745029e+02
  1.201510e+00   9.535993e+03   3.627663e+02
  1.204150e+00   1.002265e+04   3.724889e+02
  1.206800e+00   1.000639e+04   3.729163e+02
  1.209440e+00   1.008642e+04   3.707842e+02
  1.212080e+00   1.047441e+04   3.801971e+02
  1.214730e+00   9.599178e+03   3.625559e+02
  1.217370e+00   1.022637e+04   3.729173e+02
  1.220010e+00   1.117327e+04   3.899499e+02
  1.222660e+00   1.005282e+04   3.661020e+02
  1.225300e+00   1.016820e+04   3.722844e+02
  1.227940e+00   9.901158e+03   3.659573e+02
  1.230590e+00   1.025778e+04   3.713565e+02
  1.233230e+00   1.014252e+04   3.691243e+02
  1.235870e+00   9.336969e+03   3.519003e+02
  1.238520e+00   9.861946e+03   3.642593e+02
  1.241160e+00   1.027947e+04   3.702062e+02
  1.243800e+00   1.019462e+04   3.662017e+02
  1.246450e+00   1.045104e+04   3.723029e+02
  1.249090e+00   9.836533e+03   3.615981e+02
  1.251730e+00   1.046915e+04   3.731847e+02
  1.254380e+00   1.131561e+04   3.829755e+02
  1.257020e+00   9.802816e+03   3.596304e+02
  1.259660e+00   1.010644e+04   3.623335e+02
  1.262310e+00   1.023553e+04   3.662560e+02
  1.264950e+00   1.024311e+04   3.665273e+02
  1.267590e+00   9.954685e+03   3.571223e+02
  1.270240e+00   1.104829e+04   3.782862e+02
  1.272880e+00   1.047129e+04   3.674701e+02
  1.275520e+00   1.009721e+04   3.617700e+02
  1.278170e+00   1.065152e+04   3.686110e+02
  1.280810e+00   9.723337e+03   3.541031e+02
  1.283450e+00   9.790848e+03   3.546850e+02
  1.286100e+00   9.724802e+03   3.518310e+02
  1.288740e+00   9.555489e+03   3.493833e+02
  1.291380e+00   9.710013e+03   3.485692e+02
  1.294030e+00   1.050320e+04   3.665642e+02
  1.296670e+00   1.071262e+04   3.694007e+02
  1.299310e+00   1.034086e+04   3.595870e+02
  1.301960e+00   1.064349e+04   3.650687e+02
  1.304600e+00   1.015313e+04   3.554305e+02
  1.307240e+00   9.956318e+03   3.553562e+02
  1.309890e+00   1.063089e+04   3.629326e+02
  1.312530e+00   1.010336e+04   3.545583e+02
  1.315180e+00   9.822804e+03   3.483790e+02
  1.317820e+00   1.025459e+04   3.550872e+02
  1.320460e+00   1.020772e+04   3.553873e+02
  1.323110e+00   1.064036e+04   3.584830e+02
  1.325750e+00   1.080455e+04   3.636021e+02
  1.328390e+00   9.944330e+03   3.472711e+02
  1.331040e+00   9.819087e+03   3.443704e+02
  1.333680e+00   1.040366e+04   3.564235e+02
  1.336320e+00   1.016707e+04   3.485227e+02
  1.338970e+00   9.748525e+03   3.446624e+02
  1.341610e+00   1.007083e+04   3.493533e+02
  1.344250e+00   1.001695e+04   3.458234e+02
  1.346900e+00   9.755007e+03   3.425446e+02
  1.349540e+00   9.450168e+03   3.343229e+02
  1.352180e+00   1.002076e+04   3.482454e+02
  1.354830e+00   9.585162e+03   3.378326e+02
  1.357470e+00   1.038419e+04   3.524623e+02
  1.360110e+00   9.823222e+03   3.430418e+02
  1.362760e+00   9.608613e+03   3.395036e+02
  1.365400e+00   1.009518e+04   3.489404e+02
  1.368040e+00   1.007902e+04   3.438918e+02
  1.370690e+00   9.969190e+03   3.449980e+02
  1.373330e+00   1.053714e+04   3.554090e+02
  1.375970e+00   9.926135e+03   3.430974e+02
  1.378620e+00   9.950541e+03   3.445591e+02
  1.381260e+00   9.508648e+03   3.336881e+02
  1.383900e+00   1.045709e+04   3.525085e+02
  1.386550e+00   9.784141e+03   3.396125e+02
  1.389190e+00   1.020491e+04   3.463773e+02
  1.391830e+00   1.024639e+04   3.463911e+02
  1.394480e+00   1.079219e+04   3.556149e+02
  1.397120e+00   9.953572e+03   3.432266e+02
  1.399760e+00   1.058851e+04   3.511987e+02
  1.402410e+00   9.771084e+03   3.359368e+02
  1.405050e+00   9.802658e+03   3.390320e+02
  1.407690e+00   1.027400e+04   3.459436e+02
  1.410340e+00   9.944170e+03   3.406817e+02
  1.412980e+00   9.963084e+03   3.385594e+02
  1.415620e+00   1.028225e+04   3.442752e+02
  1.418270e+00   9.488142e+03   3.325592e+02
  1.420910e+00   1.006481e+04   3.408375e+02
  1.423550e+00   1.000710e+04   3.398590e+02
  1.426200e+00   9.759984e+03   3.347647e+02
  1.428840e+00   1.009297e+04   3.404275e+02
  1.431480e+00   9.816146e+03   3.355090e+02
  1.434130e+00   9.605233e+03   3.296507e+02
  1.436770e+00   9.883616e+03   3.364422e+02
  1.439410e+00   9.837813e+03   3.366430e+02
  1.442060e+00   9.918873e+03   3.362813e+02
  1.444700e+00   1.050458e+04   3.465141e+02
  1.447340e+00   1.014322e+04   3.373586e+02
  1.449990e+00   9.698985e+03   3.318924e+02
  1.452630e+00   1.017115e+04   3.399841e+02
  1.455270e+00   1.005135e+04   3.371116e+02
  1.457920e+00   1.051594e+04   3.431749e+02
  1.460560e+00   9.871352e+03   3.323857e+02
  1.463200e+00   9.651508e+03   3.306552e+02
  1.465850e+00   1.071989e+04   3.467060e+02
  1.468490e+00   9.674049e+03   3.298823e+02
  1.471140e+00   1.006689e+04   3.340816e+02
  1.473780e+00   1.017884e+04   3.389182e+02
  1.476420e+00   1.006491e+04   3.353109e+02
  1.479070e+00   9.503908e+03   3.252170e+02
  1.481710e+00   9.471035e+03   3.233358e+02
  1.484350e+00   9.956730e+03   3.315228e+02
  1.487000e+00   1.055169e+04   3.439753e+02
  1.489640e+00   1.045056e+04   3.381720e+02
  1.492280e+00   9.679888e+03   3.278024e+02
  1.494930e+00   1.004093e+04   3.315807e+02
  1.497570e+00   1.027398e+04   3.370785e+02
  1.500210e+00   9.758037e+03   3.281983e+02
  1.502860e+00   1.034653e+04   3.358626e+02
  1.505500e+00   1.019825e+04   3.360438e+02
  1.508140e+00   9.964280e+03   3.303127e+02
  1.510790e+00   1.045556e+04   3.376275e+02
  1.513430e+00   9.977228e+03   3.300174e+02
  1.516070e+00   9.334779e+03   3.179438e+02
  1.518720e+00   1.059713e+04   3.409570e+02
  1.521360e+00   1.051111e+04   3.369706e+02
  1.524000e+00   9.855808e+03   3.268965e+02
  1.526650e+00   1.049069e+04   3.378823e+02
  1.529290e+00   1.028979e+04   3.327956e+02
  1.531930e+00   1.001238e+04   3.317250e+02
  1.534580e+00   1.008245e+04   3.283296e+02
  1.537220e+00   1.068784e+04   3.386572e+02
  1.539860e+00   1.063856e+04   3.388008e+02
  1.542510e+00   1.011296e+04   3.300240e+02
  1.545150e+00   9.963573e+03   3.293856e+02
  1.547790e+00   1.020672e+04   3.372395e+02
  1.550440e+00   9.693270e+03   3.340521e+02
  1.553080e+00   9.688057e+03   3.340709e+02
  1.555720e+00   9.524880e+03   3.336420e+02
  1.558370e+00   9.604930e+03   3.372747e+02
  1.561010e+00   1.028418e+04   3.480669e+02
  1.563650e+00   1.021345e+04   3.530286e+02
  1.566300e+00   9.806083e+03   3.418186e+02
  1.568940e+00   9.534807e+03   3.407462e+02
  1.571580e+00   9.920076e+03   3.468473e+02
  1.574230e+00   9.637312e+03   3.464060e+02
  1.576870e+00   1.013010e+04   3.561553e+02
  1.579510e+00   9.899464e+03   3.491272e+02
  1.582160e+00   9.499121e+03   3.452514e+02
  1.584800e+00   1.015496e+04   3.557126e+02
  1.587440e+00   1.053364e+04   3.676267e+02
  1.590090e+00   9.993747e+03   3.569195e+02
  1.592730e+00   1.012835e+04   3.567558e+02
  1.595370e+00   9.770040e+03   3.565138e+02
  1.598020e+00   9.413025e+03   3.481533e+02
  1.600660e+00   1.005512e+04   3.595704e+02
  1.603300e+00   9.724154e+03   3.442313e+02
  1.605950e+00   9.827120e+03   3.448643e+02
  1.608590e+00   1.012103e+04   3.496251e+02
  1.611230e+00   1.012427e+04   3.444347e+02
  1.613880e+00   9.728699e+03   3.393273e+02
  1.616520e+00   9.522328e+03   3.315249e+02
  1.619160e+00   1.010421e+04   3.437522e+02
  1.621810e+00   9.811844e+03   3.387425e+02
  1.624450e+00   1.020006e+04   3.398132e+02
  1.627100e+00   1.013566e+04   3.414789e+02
  1.629740e+00   9.774936e+03   3.325501e+02
  1.632380e+00   1.018829e+04   3.424758e+02
  1.635030e+00   9.684428e+03   3.310069e+02
  1.637670e+00   9.916120e+03   3.331386e+02
  1.640310e+00   9.964477e+03   3.370535e+02
  1.642960e+00   1.010172e+04   3.348687e+02
  1.645600e+00   9.944790e+03   3.337253e+02
  1.648240e+00   1.036246e+04   3.385268e+02
  1.650890e+00   9.740386e+03   3.287221e+02
  1.653530e+00   1.023719e+04   3.380617e+02
  1.656170e+00   9.978807e+03   3.318902e+02
  1.658820e+00   9.939293e+03   3.327921e+02
  1.661460e+00   9.620787e+03   3.248709e+02
  1.664100e+00   1.045132e+04   3.417946e+02
  1.666750e+00   1.037924e+04   3.394374e+02
  1.669390e+00   9.151779e+03   3.153911e+02
  1.672030e+00   9.446772e+03   3.238312e+02
  1.674680e+00   1.035272e+04   3.348311e+02
  1.677320e+00   9.794675e+03   3.294306e+02
  1.679960e+00   9.912616e+03   3.282395e+02
  1.682610e+00   9.923008e+03   3.275081e+02
  1.685250e+00   1.081897e+04   3.447209e+02
  1.687890e+00   9.384486e+03   3.190821e+02
  1.690540e+00   1.010206e+04   3.312596e+02
  1.693180e+00   1.036565e+04   3.323073e+02
  1.695820e+00   1.044824e+04   3.361665e+02
  1.698470e+00   1.043062e+04   3.380583e+02
  1.701110e+00   1.021772e+04   3.294325e+02
  1.703750e+00   1.044662e+04   3.376911e+02
  1.706400e+00   1.004522e+04   3.255675e+02
  1.709040e+00   1.014213e+04   3.300983e+02
  1.711680e+00   9.781653e+03   3.240806e+02
  1.714330e+00   9.830660e+03   3.223600e+02
  1.716970e+00   9.837722e+03   3.245165e+02
  1.719610e+00   9.781951e+03   3.232048e+02
  1.722260e+00   1.003539e+04   3.269708e+02
  1.724900e+00   1.022579e+04   3.279922e+02
  1.727540e+00   1.020189e+04   3.279011e+02
  1.730190e+00   1.027699e+04   3.304858e+02
  1.732830e+00   1.020958e+04   3.283180e+02
  1.735470e+00   1.006466e+04   3.263690e+02
  1.738120e+00   1.016403e+04   3.265156e+02
  1.740760e+00   1.010406e+04   3.259374e+02
  1.743400e+00   9.688255e+03   3.190657e+02
  1.746050e+00   1.005914e+04   3.248265e+02
  1.748690e+00   1.001897e+04   3.236982e+02
  1.751330e+00   9.542647e+03   3.146117e+02
  1.753980e+00   1.072024e+04   3.358285e+02
  1.756620e+00   9.661456e+03   3.164715e+02
  1.759260e+00   1.064633e+04   3.326978e+02
  1.761910e+00   9.978289e+03   3.217130e+02
  1.764550e+00   1.024085e+04   3.263007e+02
  1.767190e+00   1.005034e+04   3.242047e+02
  1.769840e+00   9.835395e+03   3.172708e+02
  1.772480e+00   1.021208e+04   3.248895e+02
  1.775120e+00   9.591893e+03   3.126868e+02
  1.777770e+00   1.034459e+04   3.256625e+02
  1.780410e+00   1.030942e+04   3.263390e+02
  1.783060e+00   1.001200e+04   3.183632e+02
  1.785700e+00   1.057613e+04   3.298604e+02
  1.788340e+00   1.035562e+04   3.253654e+02
  1.790990e+00   9.986048e+03   3.178594e+02
  1.793630e+00   1.006335e+04   3.212982e+02
  1.796270e+00   1.048486e+04   3.244983e+02
  1.798920e+00   9.543383e+03   3.136150e+02
  1.801560e+00   9.196877e+03   3.050412e+02
  1.804200e+00   9.939898e+03   3.170335e+02
  1.806850e+00   9.963928e+03   3.179617e+02
  1.809490e+00   1.036878e+04   3.237085e+02
  1.812130e+00   9.733478e+03   3.184891e+02
  1.814780e+00   9.778408e+03   3.136426e+02
  1.817420e+00   9.537802e+03   3.122536e+02
  1.820060e+00   9.334460e+03   3.092644e+02
  1.822710e+00   9.348968e+03   3.092364e+02
  1.825350e+00   9.188020e+03   3.078103e+02
  1.827990e+00   9.981088e+03   3.185093e+02
  1.830640e+00   1.047998e+04   3.300883e+02
  1.833280e+00   9.896491e+03   3.174301e+02
  1.835920e+00   9.976237e+03   3.206484e+02
  1.838570e+00   1.012198e+04   3.225131e+02
  1.841210e+00   1.022774e+04   3.221435e+02
  1.843850e+00   9.422180e+03   3.137243e+02
  1.846500e+00   9.842199e+03   3.168316e+02
  1.849140e+00   9.924706e+03   3.198192e+02
  1.851780e+00   9.852649e+03   3.194940e+02
  1.854430e+00   9.663282e+03   3.148467e+02
  1.857070e+00   1.016075e+04   3.254044e+02
  1.859710e+00   9.916440e+03   3.169308e+02
  1.862360e+00   9.826178e+03   3.189712e+02
  1.865000e+00   9.223465e+03   3.081343e+02
  1.867640e+00   1.007628e+04   3.225339e+02
  1.870290e+00   9.095778e+03   3.066186e+02
  1.872930e+00   9.875924e+03   3.162827e+02
  1.875570e+00   9.983588e+03   3.225551e+02
  1.878220e+00   9.918933e+03   3.196331e+02
  1.880860e+00   9.638091e+03   3.145272e+02
  1.883500e+00   1.005062e+04   3.235410e+02
  1.886150e+00   9.762422e+03   3.141008e+02
  1.888790e+00   9.949050e+03   3.222813e+02
  1.891430e+00   9.825220e+03   3.162850e+02
  1.894080e+00   9.557792e+03   3.147691e+02
  1.896720e+00   9.941348e+03   3.210229e+02
  1.899360e+00   9.458819e+03   3.116787e+02
  1.902010e+00   9.695515e+03   3.175872e+02
  1.904650e+00   9.748797e+03   3.141506e+02
  1.907290e+00   9.889516e+03   3.201849e+02
  1.909940e+00   9.927506e+03   3.187530e+02
  1.912580e+00   9.910639e+03   3.213745e+02
  1.915220e+00   1.008073e+04   3.225110e+02
  1.917870e+00   9.829749e+03   3.162670e+02
  1.920510e+00   9.338393e+03   3.105903e+02
  1.923150e+00   9.379713e+03   3.112767e+02
  1.925800e+00   1.036685e+04   3.262016e+02
  1.928440e+00   1.007183e+04   3.225567e+02
  1.931080e+00   9.394684e+03   3.099020e+02
  1.933730e+00   9.819215e+03   3.194191e+02
  1.936370e+00   9.853640e+03   3.180248e+02
  1.939020e+00   1.021723e+04   3.237453e+02
  1.941660e+00   9.659555e+03   3.150599e+02
  1.944300e+00   9.506931e+03   3.129245e+02
  1.946950e+00   9.651090e+03   3.163017e+02
  1.949590e+00   9.852398e+03   3.169957e+02
  1.952230e+00   9.447206e+03   3.124858e+02
  1.954880e+00   1.024800e+04   3.242325e+02
  1.957520e+00   9.301976e+03   3.098937e+02
  1.960160e+00   1.011758e+04   3.225366e+02
  1.962810e+00   1.017009e+04   3.222516e+02
  1.965450e+00   1.010276e+04   3.237133e+02
  1.968090e+00   9.322582e+03   3.085324e+02
  1.970740e+00   1.007645e+04   3.218803e+02
  1.973380e+00   9.926265e+03   3.185490e+02
  1.976020e+00   9.829713e+03   3.170875e+02
  1.978670e+00   9.201582e+03   3.094827e+02
  1.981310e+00   9.600001e+03   3.134511e+02
  1.983950e+00   9.522771e+03   3.132762e+02
  1.986600e+00   9.778870e+03   3.154474e+02
  1.989240e+00   9.590190e+03   3.144747e+02
  1.991880e+00   1.061523e+04   3.302778e+02
  1.994530e+00   9.940605e+03   3.164129e+02
  1.997170e+00   9.456958e+03   3.138402e+02
  1.999810e+00   9.932991e+03   3.166522e+02
  2.002460e+00   9.671643e+03   3.146186e+02
  2.005100e+00   9.483774e+03   3.106514e+02
  2.007740e+00   9.549400e+03   3.104778e+02
  2.010390e+00   9.884683e+03   3.193596e+02
  2.013030e+00   9.811857e+03   3.147155e+02
  2.015670e+00   9.327863e+03   3.070303e+02
  2.018320e+00   9.987607e+03   3.159939e+02
  2.020960e+00   9.713857e+03   3.136768e+02
  2.023600e+00   9.894096e+03   3.170273e+02
  2.026250e+00   9.822100e+03   3.132763e+02
  2.028890e+00   9.842199e+03   3.168316e+02
  2.031530e+00   9.994540e+03   3.163716e+02
  2.034180e+00   1.002309e+04   3.193621e+02
  2.036820e+00   9.825336e+03   3.146626e+02
  2.039460e+00   9.462389e+03   3.074863e+02
  2.042110e+00   9.787971e+03   3.154130e+02
  2.044750e+00   9.752746e+03   3.131418e+02
  2.047390e+00   9.537012e+03   3.120606e+02
  2.050040e+00   9.596022e+03   3.093882e+02
  2.052680e+00   9.665899e+03   3.114792e+02
  2.055320e+00   1.053987e+04   3.277744e+02
  2.057970e+00   9.718650e+03   3.118863e+02
  2.060610e+00   1.009309e+04   3.190120e+02
  2.063250e+00   1.032084e+04   3.215856e+02
  2.065900e+00   1.011902e+04   3.195125e+02
  2.068540e+00   9.888423e+03   3.168455e+02
  2.071180e+00   1.019844e+04   3.182353e+02
  2.073830e+00   9.869283e+03   3.167204e+02
  2.076470e+00   1.008909e+04   3.171479e+02
  2.079110e+00   9.041673e+03   3.037609e+02
  2.081760e+00   9.628570e+03   3.104375e+02
  2.084400e+00   9.695539e+03   3.100291e+02
  2.087040e+00   9.966481e+03   3.183676e+02
  2.089690e+00   9.360625e+03   3.067821e+02
  2.092330e+00   9.836533e+03   3.158320e+02
  2.094980e+00   9.202204e+03   3.030584e+02
  2.097620e+00   9.652236e+03   3.105556e+02
  2.100260e+00   9.376599e+03   3.073056e+02
  2.102910e+00   9.649488e+03   3.109504e+02
  2.105550e+00   1.006518e+04   3.202162e+02
  2.108190e+00   9.683326e+03   3.180422e+02
  2.110840e+00   9.940457e+03   3.288011e+02
  2.113480e+00   9.342566e+03   3.206360e+02
  2.116120e+00   9.720167e+03   3.256378e+02
  2.118770e+00   1.013363e+04   3.374128e+02
  2.121410e+00   9.829137e+03   3.302163e+02
  2.124050e+00   9.452384e+03   3.317136e+02
  2.126700e+00   9.267947e+03   3.246420e+02
  2.129340e+00   9.831386e+03   3.374123e+02
  2.131980e+00   9.977896e+03   3.428446e+02
  2.134630e+00   9.410218e+03   3.322863e+02
  2.137270e+00   1.067928e+04   3.599984e+02
  2.139910e+00   9.725863e+03   3.375896e+02
  2.142560e+00   1.012628e+04   3.512768e+02
  2.145200e+00   9.955681e+03   3.483052e+02
  2.147840e+00   9.684365e+03   3.441189e+02
  2.150490e+00   9.621892e+03   3.440782e+02
  2.153130e+00   9.824463e+03   3.443473e+02
  2.155770e+00   9.197960e+03   3.397344e+02
  2.158420e+00   9.679485e+03   3.495059e+02
  2.161060e+00   9.635454e+03   3.432488e+02
  2.163700e+00   9.922355e+03   3.433772e+02
  2.166350e+00   9.510786e+03   3.313239e+02
  2.168990e+00   9.613034e+03   3.352931e+02
  2.171630e+00   9.168030e+03   3.241388e+02
  2.174280e+00   9.721699e+03   3.322808e+02
  2.176920e+00   9.823766e+03   3.359657e+02
  2.179560e+00   9.656672e+03   3.283367e+02
  2.182210e+00   9.857620e+03   3.317353e+02
  2.184850e+00   1.034407e+04   3.386495e+02
  2.187490e+00   9.375600e+03   3.229128e+02
  2.190140e+00   9.785353e+03   3.315640e+02
  2.192780e+00   9.783595e+03   3.292442e+02
  2.195420e+00   9.583351e+03   3.232384e+02
  2.198070e+00   9.766055e+03   3.268086e+02
  2.200710e+00   9.942973e+03   3.308814e+02
  2.203350e+00   9.739841e+03   3.296437e+02
  2.206000e+00   1.018762e+04   3.331708e+02
  2.208640e+00   9.341352e+03   3.202174e+02
  2.211280e+00   9.486408e+03   3.232959e+02
  2.213930e+00   9.383287e+03   3.203401e+02
  2.216570e+00   9.998028e+03   3.317962e+02
  2.219210e+00   9.658670e+03   3.232151e+02
  2.221860e+00   9.549913e+03   3.237724e+02
  2.224500e+00   9.748608e+03   3.273262e+02
  2.227140e+00   1.007056e+04   3.323781e+02
  2.229790e+00   9.427742e+03   3.212966e+02
  2.232430e+00   9.518756e+03   3.223457e+02
  2.235070e+00   9.432040e+03   3.225689e+02
  2.237720e+00   1.019489e+04   3.355690e+02
  2.240360e+00   9.793738e+03   3.282869e+02
  2.243010e+00   9.232053e+03   3.185361e+02
  2.245650e+00   9.308987e+03   3.198606e+02
  2.248290e+00   9.827963e+03   3.290645e+02
  2.250940e+00   9.676921e+03   3.282671e+02
  2.253580e+00   9.722941e+03   3.251838e+02
  2.256220e+00   9.875854e+03   3.304829e+02
  2.258870e+00   9.359235e+03   3.227322e+02
  2.261510e+00   1.023855e+04   3.355548e+02
  2.264150e+00   9.629448e+03   3.268448e+02
  2.266800e+00   9.786215e+03   3.287743e+02
  2.269440e+00   9.816835e+03   3.298030e+02
  2.272080e+00   9.327639e+03   3.227963e+02
  2.274730e+00   9.390415e+03   3.209578e+02
  2.277370e+00   9.928981e+03   3.318892e+02
  2.280010e+00   9.514365e+03   3.238727e+02
  2.282660e+00   9.417957e+03   3.230333e+02
  2.285300e+00   9.775169e+03   3.285887e+02
  2.287940e+00   9.993771e+03   3.311084e+02
  2.290590e+00   9.575221e+03   3.274656e+02
  2.293230e+00   9.588349e+03   3.232232e+02
  2.295870e+00   9.398528e+03   3.235107e+02
  2.298520e+00   1.024318e+04   3.355266e+02
  2.301160e+00   1.023961e+04   3.370408e+02
  2.303800e+00   9.928357e+03   3.352568e+02
  2.306450e+00   9.815977e+03   3.268363e+02
  2.309090e+00   1.021185e+04   3.379629e+02
  2.311730e+00   9.476166e+03   3.233226e+02
  2.314380e+00   9.825418e+03   3.304646e+02
  2.317020e+00   1.009038e+04   3.361592e+02
  2.319660e+00   9.645756e+03   3.247895e+02
  2.322310e+00   9.613630e+03   3.291644e+02
  2.324950e+00   9.878182e+03   3.300069e+02
  2.327590e+00   9.577611e+03   3.267839e+02
  2.330240e+00   9.937708e+03   3.342413e+02
  2.332880e+00   9.584659e+03   3.247638e+02
  2.335520e+00   9.861722e+03   3.343437e+02
  2.338170e+00   9.533019e+03   3.246959e+02
  2.340810e+00   1.020294e+04   3.360160e+02
  2.343450e+00   1.012237e+04   3.364790e+02
  2.346100e+00   9.643611e+03   3.265739e+02
  2.348740e+00   1.004861e+04   3.358879e+02
  2.351380e+00   9.615775e+03   3.248869e+02
  2.354030e+00   1.011124e+04   3.348166e+02
  2.356670e+00   9.031951e+03   3.179397e+02
  2.359310e+00   1.005280e+04   3.334304e+02
  2.361960e+00   9.988720e+03   3.335137e+02
  2.364600e+00   9.931962e+03   3.306981e+02
  2.367240e+00   9.963697e+03   3.343598e+02
  2.369890e+00   9.506596e+03   3.245498e+02
  2.372530e+00   9.995909e+03   3.346878e+02
  2.375170e+00   9.624153e+03   3.279903e+02
  2.377820e+00   9.540642e+03   3.240172e+02
  2.380460e+00   9.791566e+03   3.317745e+02
  2.383100e+00   9.916980e+03   3.298339e+02
  2.385750e+00   9.606910e+03   3.275929e+02
  2.388390e+00   9.222900e+03   3.191716e+02
  2.391030e+00   1.058122e+04   3.429393e+02
  2.393680e+00   1.007645e+04   3.340310e+02
  2.396320e+00   9.683520e+03   3.253242e+02
  2.398970e+00   9.521021e+03   3.256121e+02
  2.401610e+00   9.647787e+03   3.241238e+02
  2.404250e+00   1.007127e+04   3.355226e+02
  2.406900e+00   9.840210e+03   3.294746e+02
  2.409540e+00   9.394223e+03   3.205267e+02
  2.412180e+00   1.004375e+04   3.359132e+02
  2.414830e+00   1.017999e+04   3.334567e+02
  2.417470e+00   9.763302e+03   3.302486e+02
  2.420110e+00   9.687642e+03   3.261999e+02
  2.422760e+00   9.288629e+03   3.201073e+02
  2.425400e+00   1.027247e+04   3.388575e+02
  2.428040e+00   9.567708e+03   3.243757e+02
  2.430690e+00   9.288817e+03   3.222255e+02
  2.433330e+00   1.060153e+04   3.409222e+02
  2.435970e+00   9.401982e+03   3.245925e+02
  2.438620e+00   9.540753e+03   3.266692e+02
  2.441260e+00   9.205233e+03   3.183696e+02
  2.443900e+00   9.488413e+03   3.252586e+02
  2.446550e+00   9.210516e+03   3.183620e+02
  2.449190e+00   9.624153e+03   3.279903e+02
  2.451830e+00   9.409664e+03   3.237023e+02
  2.454480e+00   9.616440e+03   3.262154e+02
  2.457120e+00   9.816496e+03   3.326193e+02
  2.459760e+00   9.361920e+03   3.218694e+02
  2.462410e+00   9.266984e+03   3.220499e+02
  2.465050e+00   9.252758e+03   3.205891e+02
  2.467690e+00   9.843956e+03   3.310881e+02
  2.470340e+00   9.747735e+03   3.312415e+02
  2.472980e+00   9.706371e+03   3.290768e+02
  2.475620e+00   9.097557e+03   3.180886e+02
  2.478270e+00   9.836533e+03   3.306514e+02
  2.480910e+00   1.017688e+04   3.379179e+02
  2.483550e+00   9.409346e+03   3.252346e+02
  2.486200e+00   9.601797e+03   3.276091e+02
  2.488840e+00   9.509688e+03   3.267567e+02
  2.491480e+00   9.687007e+03   3.282317e+02
  2.494130e+00   9.347831e+03   3.242727e+02
  2.496770e+00   1.022003e+04   3.384191e+02
  2.499410e+00   9.830327e+03   3.313802e+02
  2.502060e+00   9.039792e+03   3.200052e+02
  2.504700e+00   1.013824e+04   3.358950e+02
  2.507340e+00   9.392141e+03   3.248340e+02
  2.509990e+00   9.520182e+03   3.253931e+02
  2.512630e+00   9.727447e+03   3.313182e+02
  2.515270e+00   9.985552e+03   3.354712e+02
  2.517920e+00   9.372308e+03   3.253176e+02
  2.520560e+00   9.958788e+03   3.343834e+02
  2.523200e+00   9.344706e+03   3.231934e+02
  2.525850e+00   1.027637e+04   3.414096e+02
  2.528490e+00   9.631030e+03   3.295671e+02
  2.531130e+00   9.648518e+03   3.288206e+02
  2.533780e+00   9.443822e+03   3.260369e+02
  2.536420e+00   9.264248e+03   3.231278e+02
  2.539060e+00   9.468930e+03   3.286714e+02
  2.541710e+00   1.021315e+04   3.374518e+02
  2.544350e+00   9.901692e+03   3.341659e+02
  2.546990e+00   1.016609e+04   3.392470e+02
  2.549640e+00   1.028956e+04   3.418476e+02
  2.552280e+00   9.561790e+03   3.293255e+02
  2.554930e+00   9.381492e+03   3.231158e+02
  2.557570e+00   1.026142e+04   3.407249e+02
  2.560210e+00   9.827767e+03   3.328102e+02
  2.562860e+00   9.933056e+03   3.369559e+02
  2.565500e+00   9.953814e+03   3.361164e+02
  2.568140e+00   9.683187e+03   3.296195e+02
  2.570790e+00   9.413333e+03   3.281282e+02
  2.573430e+00   9.160854e+03   3.203018e+02
  2.576070e+00   9.481587e+03   3.277316e+02
  2.578720e+00   1.005906e+04   3.383227e+02
  2.581360e+00   9.237787e+03   3.233872e+02
  2.584000e+00   9.683732e+03   3.331305e+02
  2.586650e+00   9.671023e+03   3.303559e+02
  2.589290e+00   9.930572e+03   3.347595e+02
  2.591930e+00   9.712163e+03   3.313747e+02
  2.594580e+00   9.167217e+03   3.237057e+02
  2.597220e+00   9.139938e+03   3.239565e+02
  2.599860e+00   9.799202e+03   3.312735e+02
  2.602510e+00   9.596338e+03   3.313024e+02
  2.605150e+00   9.533870e+03   3.289498e+02
  2.607790e+00   9.687628e+03   3.316981e+02
  2.610440e+00   9.206538e+03   3.240855e+02
  2.613080e+00   9.970781e+03   3.355435e+02
  2.615720e+00   9.580988e+03   3.327615e+02
  2.618370e+00   9.777299e+03   3.330161e+02
  2.621010e+00   9.873057e+03   3.345358e+02
  2.623650e+00   9.532991e+03   3.301005e+02
  2.626300e+00   9.961621e+03   3.365720e+02
  2.628940e+00   9.945756e+03   3.391475e+02
  2.631580e+00   9.362316e+03   3.255596e+02
  2.634230e+00   9.603895e+03   3.305797e+02
  2.636870e+00   1.027413e+04   3.424712e+02
  2.639510e+00   1.020043e+04   3.405824e+02
  2.642160e+00   1.004018e+04   3.401985e+02
  2.644800e+00   1.002085e+04   3.362777e+02
  2.647440e+00   9.634527e+03   3.340171e+02
  2.650090e+00   9.663917e+03   3.322523e+02
  2.652730e+00   9.506525e+03   3.301752e+02
  2.655370e+00   9.726817e+03   3.322618e+02
  2.658020e+00   1.058236e+04   3.475703e+02
  2.660660e+00   9.891357e+03   3.369010e+02
  2.663300e+00   9.839066e+03   3.349257e+02
  2.665950e+00   9.813251e+03   3.379863e+02
  2.668590e+00   9.668674e+03   3.418392e+02
  2.671230e+00   9.195531e+03   3.384922e+02
  2.673880e+00   1.001370e+04   3.574044e+02
  2.676520e+00   8.814830e+03   3.343655e+02
  2.679160e+00   9.332657e+03   3.502484e+02
  2.681810e+00   9.957845e+03   3.619240e+02
  2.684450e+00   9.958652e+03   3.653475e+02
  2.687090e+00   9.339450e+03   3.552894e+02
  2.689740e+00   9.920631e+03   3.661772e+02
  2.692380e+00   1.024775e+04   3.790268e+02
  2.695020e+00   9.641197e+03   3.667684e+02
  2.697670e+00   9.751613e+03   3.715069e+02
  2.700310e+00   9.634434e+03   3.700082e+02
  2.702950e+00   9.565672e+03   3.692787e+02
  2.705600e+00   9.028764e+03   3.637793e+02
  2.708240e+00   9.894395e+03   3.783216e+02
  2.710890e+00   9.816909e+03   3.801122e+02
  2.713530e+00   1.059674e+04   3.965731e+02
  2.716170e+00   1.027783e+04   3.947176e+02
  2.718820e+00   9.381753e+03   3.792349e+02
  2.721460e+00   9.775823e+03   3.799482e+02
  2.724100e+00   9.562245e+03   3.683239e+02
  2.726750e+00   9.243242e+03   3.589778e+02
  2.729390e+00   9.998546e+03   3.726238e+02
  2.732030e+00   9.647887e+03   3.605585e+02
  2.734680e+00   8.832774e+03   3.440760e+02
  2.737320e+00   9.486657e+03   3.557774e+02
  2.739960e+00   9.662473e+03   3.566484e+02
  2.742610e+00   9.503536e+03   3.534403e+02
  2.745250e+00   9.533870e+03   3.499994e+02
  2.747890e+00   9.127084e+03   3.452180e+02
  2.750540e+00   9.471734e+03   3.512872e+02
  2.753180e+00   8.903323e+03   3.350810e+02
  2.755820e+00   9.473227e+03   3.499016e+02
  2.758470e+00   9.376606e+03   3.439943e+02
  2.761110e+00   9.161701e+03   3.433492e+02
  2.763750e+00   9.420944e+03   3.467898e+02
  2.766400e+00   9.786410e+03   3.501853e+02
  2.769040e+00   8.789735e+03   3.331740e+02
  2.771680e+00   9.893295e+03   3.510999e+02
  2.774330e+00   9.531917e+03   3.478246e+02
  2.776970e+00   9.871242e+03   3.512030e+02
  2.779610e+00   9.692752e+03   3.472789e+02
  2.782260e+00   9.366917e+03   3.448010e+02
  2.784900e+00   9.142834e+03   3.358704e+02
  2.787540e+00   9.085354e+03   3.378879e+02
  2.790190e+00   8.754514e+03   3.280893e+02
  2.792830e+00   9.171958e+03   3.387740e+02
  2.795470e+00   9.015662e+03   3.359939e+02
  2.798120e+00   1.005785e+04   3.516646e+02
  2.800760e+00   1.002541e+04   3.526925e+02
  2.803400e+00   1.011758e+04   3.524625e+02
  2.806050e+00   9.311642e+03   3.397866e+02
  2.808690e+00   9.347761e+03   3.379690e+02
  2.811330e+00   9.322027e+03   3.370386e+02
  2.813980e+00   9.396152e+03   3.406103e+02
  2.816620e+00   9.754505e+03   3.435878e+02
  2.819260e+00   9.844799e+03   3.493788e+02
  2.821910e+00   9.277332e+03   3.354227e+02
  2.824550e+00   9.337305e+03   3.362748e+02
  2.827190e+00   9.483461e+03   3.424279e+02
  2.829840e+00   9.564487e+03   3.396449e+02
  2.832480e+00   8.963234e+03   3.315172e+02
  2.835120e+00   9.178087e+03   3.324870e+02
  2.837770e+00   9.628805e+03   3.430120e+02
  2.840410e+00   9.403888e+03   3.393336e+02
  2.843050e+00   8.804437e+03   3.265385e+02
  2.845700e+00   9.518831e+03   3.410475e+02
  2.848340e+00   9.301808e+03   3.337005e+02
  2.850980e+00   8.705740e+03   3.267206e+02
  2.853630e+00   9.022661e+03   3.307868e+02
  2.856270e+00   9.316917e+03   3.351062e+02
  2.858910e+00   9.217373e+03   3.374720e+02
  2.861560e+00   8.931652e+03   3.290016e+02
  2.864200e+00   8.655326e+03   3.269071e+02
  2.866850e+00   9.441453e+03   3.384925e+02
  2.869490e+00   8.949897e+03   3.294503e+02
  2.872130e+00   9.667712e+03   3.441797e+02
  2.874780e+00   9.275028e+03   3.368842e+02
  2.877420e+00   9.145940e+03   3.341854e+02
  2.880060e+00   9.372216e+03   3.364429e+02
  2.882710e+00   9.669789e+03   3.420925e+02
  2.885350e+00   9.811941e+03   3.473390e+02
  2.887990e+00   9.454413e+03   3.389571e+02
  2.890640e+00   9.595221e+03   3.431244e+02
  2.893280e+00   9.442261e+03   3.387392e+02
  2.895920e+00   9.605799e+03   3.415429e+02
  2.898570e+00   9.546031e+03   3.407124e+02
  2.901210e+00   8.840785e+03   3.269883e+02
  2.903850e+00   9.735715e+03   3.455076e+02
  2.906500e+00   8.798493e+03   3.260938e+02
  2.909140e+00   8.660829e+03   3.275827e+02
  2.911780e+00   9.289837e+03   3.334857e+02
  2.914430e+00   9.486970e+03   3.401243e+02
  2.917070e+00   8.889112e+03   3.276570e+02
  2.919710e+00   9.492626e+03   3.401086e+02
  2.922360e+00   9.230895e+03   3.355026e+02
  2.925000e+00   9.141168e+03   3.313671e+02
  2.927640e+00   9.273864e+03   3.363984e+02
  2.930290e+00   9.544132e+03   3.402115e+02
  2.932930e+00   9.797509e+03   3.444621e+02
  2.935570e+00   1.001661e+04   3.493694e+02
  2.938220e+00   9.543104e+03   3.384590e+02
  2.940860e+00   9.167511e+03   3.363234e+02
  2.943500e+00   9.696011e+03   3.417395e+02
  2.946150e+00   9.334876e+03   3.375032e+02
  2.948790e+00   9.780324e+03   3.432221e+02
  2.951430e+00   9.320098e+03   3.363101e+02
  2.954080e+00   9.394641e+03   3.401088e+02
  2.956720e+00   9.427120e+03   3.358272e+02
  2.959360e+00   9.157311e+03   3.339328e+02
  2.962010e+00   9.178530e+03   3.327215e+02
  2.964650e+00   9.297044e+03   3.363553e+02
  2.967290e+00   9.447929e+03   3.387247e+02
  2.969940e+00   8.846861e+03   3.263214e+02
  2.972580e+00   9.297044e+03   3.363553e+02
  2.975220e+00   9.641024e+03   3.432295e+02
  2.977870e+00   9.349416e+03   3.364928e+02
  2.980510e+00   8.840802e+03   3.267654e+02
  2.983150e+00   9.267576e+03   3.337636e+02
  2.985800e+00   9.710787e+03   3.437581e+02
  2.988440e+00   9.385020e+03   3.369026e+02
  2.991080e+00   8.944146e+03   3.299098e+02
  2.993730e+00   9.004366e+03   3.303381e+02
  2.996370e+00   9.447879e+03   3.369947e+02
  2.999010e+00   9.633298e+03   3.427374e+02
  3.001660e+00   9.344369e+03   3.367477e+02
  3.004300e+00   9.390699e+03   3.368895e+02
  3.006940e+00   9.400857e+03   3.383442e+02
  3.009590e+00   8.858873e+03   3.258789e+02
  3.012230e+00   9.613436e+03   3.420307e+02
  3.014870e+00   8.780414e+03   3.256475e+02
  3.017520e+00   9.716278e+03   3.437372e+02
  3.020160e+00   9.372925e+03   3.366854e+02
  3.022810e+00   9.021966e+03   3.300965e+02
  3.025450e+00   9.598194e+03   3.410570e+02
  3.028090e+00   9.025531e+03   3.278221e+02
  3.030740e+00   9.238836e+03   3.338127e+02
  3.033380e+00   9.122237e+03   3.304638e+02
  3.036020e+00   8.587895e+03   3.216192e+02
  3.038670e+00   9.410305e+03   3.358682e+02
  3.041310e+00   8.972675e+03   3.278544e+02
  3.043950e+00   9.388506e+03   3.361624e+02
  3.046600e+00   9.568145e+03   3.349521e+02
  3.049240e+00   9.218008e+03   3.321940e+02
  3.051880e+00   9.545817e+03   3.377067e+02
  3.054530e+00   9.961737e+03   3.455688e+02
  3.057170e+00   9.233648e+03   3.314687e+02
  3.059810e+00   1.009405e+04   3.446051e+02
  3.062460e+00   9.375734e+03   3.337850e+02
  3.065100e+00   8.936173e+03   3.260856e+02
  3.067740e+00   9.631742e+03   3.384249e+02
  3.070390e+00   9.780099e+03   3.398819e+02
  3.073030e+00   1.029266e+04   3.499610e+02
  3.075670e+00   9.150755e+03   3.301994e+02
  3.078320e+00   9.862939e+03   3.423476e+02
  3.080960e+00   9.409143e+03   3.337079e+02
  3.083600e+00   9.036205e+03   3.269184e+02
  3.086250e+00   9.342055e+03   3.338578e+02
  3.088890e+00   9.699988e+03   3.401934e+02
  3.091530e+00   9.171159e+03   3.288020e+02
  3.094180e+00   9.001318e+03   3.269426e+02
  3.096820e+00   9.428821e+03   3.346163e+02
  3.099460e+00   9.335764e+03   3.336330e+02
  3.102110e+00   9.318192e+03   3.334311e+02
  3.104750e+00   8.941823e+03   3.256420e+02
  3.107390e+00   8.596878e+03   3.199427e+02
  3.110040e+00   8.959827e+03   3.262976e+02
  3.112680e+00   9.318820e+03   3.315487e+02
  3.115320e+00   9.232119e+03   3.307750e+02
  3.117970e+00   8.502094e+03   3.179603e+02
  3.120610e+00   8.763336e+03   3.234606e+02
  3.123250e+00   9.126925e+03   3.297692e+02
  3.125900e+00   9.348641e+03   3.321895e+02
  3.128540e+00   9.162254e+03   3.301847e+02
  3.131180e+00   8.995668e+03   3.271693e+02
  3.133830e+00   9.288071e+03   3.327797e+02
  3.136470e+00   9.310684e+03   3.327367e+02
  3.139110e+00   9.185159e+03   3.301537e+02
  3.141760e+00   9.759643e+03   3.412379e+02
  3.144400e+00   1.003287e+04   3.449371e+02
  3.147040e+00   9.250695e+03   3.314405e+02
  3.149690e+00   9.219777e+03   3.303328e+02
  3.152330e+00   8.674394e+03   3.212738e+02
  3.154970e+00   9.856566e+03   3.442062e+02
  3.157620e+00   9.254746e+03   3.307376e+02
  3.160260e+00   8.882448e+03   3.241251e+02
  3.162900e+00   9.263672e+03   3.321187e+02
  3.165550e+00   9.856445e+03   3.431574e+02
  3.168190e+00   8.793143e+03   3.241196e+02
  3.170830e+00   9.300828e+03   3.311182e+02
  3.173480e+00   9.788840e+03   3.416329e+02
  3.176120e+00   9.798217e+03   3.413371e+02
  3.178770e+00   8.965693e+03   3.262950e+02
  3.181410e+00   9.387617e+03   3.339964e+02
  3.184050e+00   9.379203e+03   3.330653e+02
  3.186700e+00   9.495427e+03   3.361345e+02
  3.189340e+00   8.805347e+03   3.234725e+02
  3.191980e+00   8.631266e+03   3.172916e+02
  3.194630e+00   9.783825e+03   3.406291e+02
  3.197270e+00   9.532068e+03   3.340988e+02
  3.199910e+00   9.100760e+03   3.277559e+02
  3.202560e+00   9.552874e+03   3.352402e+02
  3.205200e+00   9.209803e+03   3.282940e+02
  3.207840e+00   9.233711e+03   3.289373e+02
  3.210490e+00   9.081379e+03   3.262127e+02
  3.213130e+00   8.992662e+03   3.236530e+02
  3.215770e+00   8.510374e+03   3.143379e+02
  3.218420e+00   9.848173e+03   3.385872e+02
  3.221060e+00   9.496087e+03   3.332473e+02
  3.223700e+00   9.599787e+03   3.334144e+02
  3.226350e+00   9.282288e+03   3.304582e+02
  3.228990e+00   9.084041e+03   3.369084e+02
  3.231630e+00   8.762806e+03   3.357915e+02
  3.234280e+00   9.295854e+03   3.505998e+02
  3.236920e+00   8.621129e+03   3.378887e+02
  3.239560e+00   9.439434e+03   3.588334e+02
  3.242210e+00   9.461515e+03   3.617701e+02
  3.244850e+00   9.134818e+03   3.588495e+02
  3.247490e+00   8.966743e+03   3.572436e+02
  3.250140e+00   8.816921e+03   3.561121e+02
  3.252780e+00   9.485228e+03   3.734805e+02
  3.255420e+00   8.867733e+03   3.629322e+02
  3.258070e+00   9.500651e+03   3.761344e+02
  3.260710e+00   1.019422e+04   3.897859e+02
  3.263350e+00   1.017466e+04   3.954495e+02
  3.266000e+00   9.310653e+03   3.801058e+02
  3.268640e+00   9.087912e+03   3.773550e+02
  3.271280e+00   9.651989e+03   3.888897e+02
  3.273930e+00   9.288787e+03   3.837162e+02
  3.276570e+00   9.103967e+03   3.840277e+02
  3.279210e+00   9.469375e+03   3.945573e+02
  3.281860e+00   9.685066e+03   3.918158e+02
  3.284500e+00   9.667375e+03   3.836381e+02
  3.287140e+00   9.606630e+03   3.768030e+02
  3.289790e+00   8.882145e+03   3.605151e+02
  3.292430e+00   8.646003e+03   3.512199e+02
  3.295070e+00   9.804955e+03   3.732682e+02
  3.297720e+00   8.415177e+03   3.446991e+02
  3.300360e+00   9.063662e+03   3.568813e+02
  3.303000e+00   8.984187e+03   3.523888e+02
  3.305650e+00   9.462242e+03   3.599607e+02
  3.308290e+00   9.175176e+03   3.547328e+02
  3.310930e+00   1.010578e+04   3.730110e+02
  3.313580e+00   8.887380e+03   3.502118e+02
  3.316220e+00   8.914310e+03   3.488439e+02
  3.318860e+00   9.824370e+03   3.666422e+02
  3.321510e+00   9.196223e+03   3.518837e+02
  3.324150e+00   9.273154e+03   3.545679e+02
  3.326800e+00   9.013112e+03   3.469149e+02
  3.329440e+00   9.237787e+03   3.532156e+02
  3.332080e+00   8.751742e+03   3.435359e+02
  3.334730e+00   9.766378e+03   3.622149e+02
  3.337370e+00   9.650436e+03   3.581613e+02
  3.340010e+00   9.188066e+03   3.475246e+02
  3.342660e+00   8.229997e+03   3.302584e+02
  3.345300e+00   9.621542e+03   3.570889e+02
  3.347940e+00   8.787205e+03   3.397330e+02
  3.350590e+00   8.239184e+03   3.279967e+02
  3.353230e+00   9.448306e+03   3.516295e+02
  3.355870e+00   9.506711e+03   3.525844e+02
  3.358520e+00   9.764205e+03   3.565384e+02
  3.361160e+00   9.344706e+03   3.477739e+02
  3.363800e+00   9.402910e+03   3.509135e+02
  3.366450e+00   9.341449e+03   3.488628e+02
  3.369090e+00   9.516845e+03   3.519932e+02
  3.371730e+00   8.929638e+03   3.379918e+02
  3.374380e+00   9.252354e+03   3.452948e+02
  3.377020e+00   8.651234e+03   3.354805e+02
  3.379660e+00   9.140141e+03   3.454649e+02
  3.382310e+00   9.271989e+03   3.457868e+02
  3.384950e+00   8.897688e+03   3.375085e+02
  3.387590e+00   9.347203e+03   3.464304e+02
  3.390240e+00   9.629448e+03   3.530327e+02
  3.392880e+00   8.936458e+03   3.389792e+02
  3.395520e+00   8.576026e+03   3.323142e+02
  3.398170e+00   9.558778e+03   3.518635e+02
  3.400810e+00   9.001830e+03   3.414589e+02
  3.403450e+00   8.904651e+03   3.394866e+02
  3.406100e+00   8.776341e+03   3.345949e+02
  3.408740e+00   9.105080e+03   3.431606e+02
  3.411380e+00   8.781953e+03   3.365252e+02
  3.414030e+00   9.291013e+03   3.460154e+02
  3.416670e+00   9.388050e+03   3.479443e+02
  3.419310e+00   8.852879e+03   3.370234e+02
  3.421960e+00   9.118401e+03   3.436627e+02
  3.424600e+00   9.286147e+03   3.465559e+02
  3.427240e+00   8.955225e+03   3.384757e+02
  3.429890e+00   8.648188e+03   3.326226e+02
  3.432530e+00   9.856419e+03   3.549702e+02
  3.435170e+00   9.522966e+03   3.503080e+02
  3.437820e+00   9.538755e+03   3.480741e+02
  3.440460e+00   9.017998e+03   3.384394e+02
  3.443100e+00   8.305147e+03   3.252547e+02
  3.445750e+00   8.529689e+03   3.287953e+02
  3.448390e+00   8.916478e+03   3.367707e+02
  3.451030e+00   8.645242e+03   3.298366e+02
  3.453680e+00   9.054367e+03   3.376709e+02
  3.456320e+00   9.101091e+03   3.403615e+02
  3.458960e+00   8.890445e+03   3.336524e+02
  3.461610e+00   9.202007e+03   3.387306e+02
  3.464250e+00   9.583273e+03   3.473934e+02
  3.466890e+00   8.990424e+03   3.352862e+02
  3.469540e+00   8.934560e+03   3.350722e+02
  3.472180e+00   9.191716e+03   3.365326e+02
  3.474820e+00   9.039387e+03   3.352523e+02
  3.477470e+00   8.859118e+03   3.324768e+02
  3.480110e+00   8.552357e+03   3.272469e+02
  3.482760e+00   8.890233e+03   3.327086e+02
  3.485400e+00   8.926756e+03   3.315314e+02
  3.488040e+00   8.846684e+03   3.310788e+02
  3.490690e+00   9.047379e+03   3.369420e+02
  3.493330e+00   9.198598e+03   3.370106e+02
  3.495970e+00   8.587971e+03   3.252926e+02
  3.498620e+00   9.617023e+03   3.456767e+02
  3.501260e+00   8.834268e+03   3.310782e+02
  3.503900e+00   8.846693e+03   3.308476e+02
  3.506550e+00   8.346648e+03   3.210249e+02
  3.509190e+00   9.114357e+03   3.368763e+02
  3.511830e+00   9.430646e+03   3.423108e+02
  3.514480e+00   8.735336e+03   3.287587e+02
  3.517120e+00   8.581621e+03   3.252855e+02
  3.519760e+00   8.852879e+03   3.299273e+02
  3.522410e+00   8.964314e+03   3.331561e+02
  3.525050e+00   8.702831e+03   3.298799e+02
  3.527690e+00   9.215854e+03   3.367400e+02
  3.530340e+00   9.298619e+03   3.393114e+02
  3.532980e+00   8.982978e+03   3.336194e+02
  3.535620e+00   9.112894e+03   3.359057e+02
  3.538270e+00   9.057606e+03   3.352370e+02
  3.540910e+00   9.133729e+03   3.339622e+02
  3.543550e+00   8.573315e+03   3.263805e+02
  3.546200e+00   9.502462e+03   3.428905e+02
  3.548840e+00   8.328493e+03   3.205638e+02
  3.551480e+00   8.742218e+03   3.278588e+02
  3.554130e+00   9.105467e+03   3.349500e+02
  3.556770e+00   9.213460e+03   3.384649e+02
  3.559410e+00   9.397672e+03   3.411139e+02
  3.562060e+00   9.214346e+03   3.360126e+02
  3.564700e+00   8.865226e+03   3.308473e+02
  3.567340e+00   9.305931e+03   3.375616e+02
  3.569990e+00   8.921410e+03   3.334087e+02
  3.572630e+00   9.140828e+03   3.346695e+02
  3.575270e+00   9.327912e+03   3.392529e+02
  3.577920e+00   9.144052e+03   3.365972e+02
  3.580560e+00   9.181223e+03   3.372806e+02
  3.583200e+00   8.265136e+03   3.181252e+02
  3.585850e+00   8.516384e+03   3.228127e+02
  3.588490e+00   9.126423e+03   3.368624e+02
  3.591130e+00   8.760211e+03   3.289966e+02
  3.593780e+00   8.994378e+03   3.326691e+02
  3.596420e+00   9.258074e+03   3.371592e+02
  3.599060e+00   9.031788e+03   3.338245e+02
  3.601710e+00   8.920271e+03   3.306073e+02
  3.604350e+00   9.117788e+03   3.351766e+02
  3.606990e+00   9.413500e+03   3.405685e+02
  3.609640e+00   8.630321e+03   3.266625e+02
  3.612280e+00   8.803560e+03   3.294649e+02
  3.614920e+00   8.951245e+03   3.317552e+02
  3.617570e+00   8.852879e+03   3.296985e+02
  3.620210e+00   9.272096e+03   3.381186e+02
  3.622850e+00   8.626510e+03   3.248932e+02
  3.625500e+00   8.859023e+03   3.299273e+02
  3.628140e+00   8.945033e+03   3.315250e+02
  3.630780e+00   9.567020e+03   3.432149e+02
  3.633430e+00   8.944778e+03   3.310611e+02
  3.636070e+00   9.282631e+03   3.376060e+02
  3.638720e+00   9.310361e+03   3.392884e+02
  3.641360e+00   9.512989e+03   3.426019e+02
  3.644000e+00   8.957903e+03   3.326882e+02
  3.646650e+00   8.230125e+03   3.170126e+02
  3.649290e+00   9.356302e+03   3.389431e+02
  3.651930e+00   8.803765e+03   3.287826e+02
  3.654580e+00   8.895765e+03   3.301528e+02
  3.657220e+00   8.710590e+03   3.282927e+02
  3.659860e+00   8.951519e+03   3.322220e+02
  3.662510e+00   9.170800e+03   3.348703e+02
  3.665150e+00   8.628064e+03   3.238055e+02
  3.667790e+00   8.944651e+03   3.308299e+02
  3.670440e+00   9.532927e+03   3.417720e+02
  3.673080e+00   9.152666e+03   3.346546e+02
  3.675720e+00   8.532167e+03   3.213400e+02
  3.678370e+00   8.822457e+03   3.276578e+02
  3.681010e+00   8.750290e+03   3.249776e+02
  3.683650e+00   8.743585e+03   3.258542e+02
  3.686300e+00   9.225253e+03   3.328876e+02
  3.688940e+00   9.422859e+03   3.380432e+02
  3.691580e+00   8.931652e+03   3.290016e+02
  3.694230e+00   9.104110e+03   3.300237e+02
  3.696870e+00   8.864794e+03   3.249991e+02
  3.699510e+00   8.924659e+03   3.267550e+02
  3.702160e+00   8.654546e+03   3.225359e+02
  3.704800e+00   8.618167e+03   3.220760e+02
  3.707440e+00   9.295819e+03   3.313601e+02
  3.710090e+00   8.727687e+03   3.225846e+02
  3.712730e+00   8.983945e+03   3.271760e+02
  3.715370e+00   8.954499e+03   3.271903e+02
  3.718020e+00   8.960404e+03   3.271877e+02
  3.720660e+00   8.758069e+03   3.221708e+02
  3.723300e+00   8.660947e+03   3.223271e+02
  3.725950e+00   9.080183e+03   3.295898e+02
  3.728590e+00   9.160189e+03   3.290437e+02
  3.731230e+00   9.500072e+03   3.358783e+02
  3.733880e+00   9.113956e+03   3.288716e+02
  3.736520e+00   9.313780e+03   3.339152e+02
  3.739160e+00   8.870836e+03   3.258783e+02
  3.741810e+00   8.995094e+03   3.265012e+02
  3.744450e+00   9.025997e+03   3.282723e+02
  3.747090e+00   8.036149e+03   3.095409e+02
  3.749740e+00   8.166378e+03   3.122493e+02
  3.752380e+00   8.971551e+03   3.262921e+02
  3.755020e+00   9.031365e+03   3.278178e+02
  3.757670e+00   8.900928e+03   3.269837e+02
  3.760310e+00   9.013841e+03   3.278302e+02
  3.762950e+00   8.929553e+03   3.245501e+02
  3.765600e+00   8.983945e+03   3.271760e+02
  3.768240e+00   9.249277e+03   3.333208e+02
  3.770880e+00   8.858898e+03   3.265433e+02
  3.773530e+00   9.588641e+03   3.373272e+02
  3.776170e+00   8.947184e+03   3.247622e+02
  3.778810e+00   9.097632e+03   3.295724e+02
  3.781460e+00   8.614578e+03   3.203796e+02
  3.784100e+00   9.043777e+03   3.284848e+02
  3.786740e+00   9.022661e+03   3.307868e+02
  3.789390e+00   7.833142e+03   3.189902e+02
  3.792030e+00   9.388606e+03   3.546027e+02
  3.794680e+00   8.988868e+03   3.496265e+02
  3.797320e+00   8.707750e+03   3.469251e+02
  3.799960e+00   8.510187e+03   3.485909e+02
  3.802610e+00   8.363891e+03   3.494066e+02
  3.805250e+00   8.260688e+03   3.519172e+02
  3.807890e+00   8.904824e+03   3.635379e+02
  3.810540e+00   9.367406e+03   3.765078e+02
  3.813180e+00   8.313070e+03   3.580693e+02
  3.815820e+00   8.682034e+03   3.672109e+02
  3.818470e+00   9.898121e+03   3.959248e+02
  3.821110e+00   8.282748e+03   3.621793e+02
  3.823750e+00   7.851128e+03   3.576091e+02
  3.826400e+00   8.918823e+03   3.834501e+02
  3.829040e+00   8.869551e+03   3.845438e+02
  3.831680e+00   8.760399e+03   3.838001e+02
  3.834330e+00   8.715891e+03   3.863251e+02
  3.836970e+00   8.428010e+03   3.823023e+02
  3.839610e+00   8.730166e+03   3.912081e+02
  3.842260e+00   8.776634e+03   3.856232e+02
  3.844900e+00   8.476332e+03   3.685362e+02
  3.847540e+00   8.774117e+03   3.717713e+02
  3.850190e+00   8.983181e+03   3.710918e+02
  3.852830e+00   9.703242e+03   3.838543e+02
  3.855470e+00   7.992287e+03   3.458601e+02
  3.858120e+00   8.719642e+03   3.592866e+02
  3.860760e+00   8.845569e+03   3.596235e+02
  3.863400e+00   8.939249e+03   3.587197e+02
  3.866050e+00   8.564512e+03   3.514062e+02
  3.868690e+00   8.532545e+03   3.524762e+02
  3.871330e+00   8.091575e+03   3.425437e+02
  3.873980e+00   9.209275e+03   3.623341e+02
  3.876620e+00   9.165501e+03   3.608913e+02
  3.879260e+00   8.704270e+03   3.509900e+02
  3.881910e+00   8.640070e+03   3.501133e+02
  3.884550e+00   8.712357e+03   3.498967e+02
  3.887190e+00   8.161248e+03   3.359933e+02
  3.889840e+00   8.424068e+03   3.413605e+02
  3.892480e+00   7.601929e+03   3.232669e+02
  3.895120e+00   8.900881e+03   3.493901e+02
  3.897770e+00   8.696131e+03   3.442831e+02
  3.900410e+00   9.461092e+03   3.575957e+02
  3.903050e+00   8.354606e+03   3.377149e+02
  3.905700e+00   9.202689e+03   3.518736e+02
  3.908340e+00   8.497692e+03   3.374865e+02
  3.910980e+00   8.626905e+03   3.386356e+02
  3.913630e+00   8.598794e+03   3.391033e+02
  3.916270e+00   8.653789e+03   3.389085e+02
  3.918910e+00   8.595413e+03   3.368808e+02
  3.921560e+00   8.819969e+03   3.407451e+02
  3.924200e+00   8.518189e+03   3.343682e+02
  3.926840e+00   8.525480e+03   3.341399e+02
  3.929490e+00   8.944416e+03   3.419983e+02
  3.932130e+00   8.487812e+03   3.326636e+02
  3.934770e+00   8.500850e+03   3.329190e+02
  3.937420e+00   8.924854e+03   3.417503e+02
  3.940060e+00   8.512887e+03   3.336463e+02
  3.942700e+00   8.587358e+03   3.335053e+02
  3.945350e+00   8.682126e+03   3.376956e+02
  3.947990e+00   8.918166e+03   3.412441e+02
  3.950640e+00   8.661999e+03   3.376799e+02
  3.953280e+00   9.261474e+03   3.466019e+02
  3.955920e+00   8.513888e+03   3.331742e+02
  3.958570e+00   8.547608e+03   3.332204e+02
  3.961210e+00   8.214012e+03   3.272541e+02
  3.963850e+00   9.176449e+03   3.446288e+02
  3.966500e+00   9.150564e+03   3.441424e+02
  3.969140e+00   8.735536e+03   3.374832e+02
  3.971780e+00   8.516858e+03   3.317697e+02
  3.974430e+00   8.686086e+03   3.338334e+02
  3.977070e+00   7.900887e+03   3.198976e+02
  3.979710e+00   8.950164e+03   3.407269e+02
  3.982360e+00   8.774766e+03   3.379913e+02
  3.985000e+00   9.072266e+03   3.421670e+02
  3.987640e+00   8.968519e+03   3.394635e+02
  3.990290e+00   8.383555e+03   3.283253e+02
  3.992930e+00   8.678788e+03   3.345427e+02
  3.995570e+00   9.696317e+03   3.533534e+02
  3.998220e+00   9.120762e+03   3.410972e+02
  4.000860e+00   9.175036e+03   3.438490e+02
  4.003500e+00   8.775336e+03   3.367665e+02
  4.006150e+00   9.155487e+03   3.433576e+02
  4.008790e+00   8.418539e+03   3.279397e+02
  4.011430e+00   8.241457e+03   3.240051e+02
  4.014080e+00   8.363912e+03   3.280596e+02
  4.016720e+00   8.730549e+03   3.352947e+02
  4.019360e+00   8.259283e+03   3.247059e+02
  4.022010e+00   9.102166e+03   3.411181e+02
  4.024650e+00   8.724762e+03   3.343336e+02
  4.027290e+00   8.807941e+03   3.362887e+02
  4.029940e+00   8.344823e+03   3.255626e+02
  4.032580e+00   8.795600e+03   3.346004e+02
  4.035220e+00   8.923191e+03   3.377478e+02
  4.037870e+00   8.840086e+03   3.362927e+02
  4.040510e+00   8.406408e+03   3.274672e+02
  4.043150e+00   8.340311e+03   3.248924e+02
  4.045800e+00   8.693080e+03   3.333644e+02
  4.048440e+00   8.344980e+03   3.275691e+02
  4.051080e+00   8.427687e+03   3.270577e+02
  4.053730e+00   8.644055e+03   3.307556e+02
  4.056370e+00   8.299177e+03   3.250208e+02
  4.059010e+00   8.470741e+03   3.284812e+02
  4.061660e+00   8.840086e+03   3.362927e+02
  4.064300e+00   8.668577e+03   3.319370e+02
  4.066940e+00   8.266089e+03   3.247226e+02
  4.069590e+00   9.031211e+03   3.391742e+02
  4.072230e+00   8.139853e+03   3.205064e+02
  4.074870e+00   8.542807e+03   3.288128e+02
  4.077520e+00   7.999818e+03   3.179642e+02
  4.080160e+00   9.393853e+03   3.457925e+02
  4.082800e+00   8.463531e+03   3.286963e+02
  4.085450e+00   8.916295e+03   3.362844e+02
  4.088090e+00   8.386938e+03   3.249873e+02
  4.090730e+00   8.631082e+03   3.307438e+02
  4.093380e+00   8.731782e+03   3.336242e+02
  4.096020e+00   8.523116e+03   3.287863e+02
  4.098660e+00   8.581551e+03   3.290875e+02
  4.101310e+00   8.428903e+03   3.266134e+02
  4.103950e+00   8.959996e+03   3.360261e+02
  4.106600e+00   8.623926e+03   3.311999e+02
  4.109240e+00   8.652247e+03   3.293854e+02
  4.111880e+00   8.332868e+03   3.250961e+02
  4.114530e+00   8.700462e+03   3.324276e+02
  4.117170e+00   8.738567e+03   3.331547e+02
  4.119810e+00   9.210002e+03   3.397160e+02
  4.122460e+00   8.116712e+03   3.195952e+02
  4.125100e+00   8.498764e+03   3.278469e+02
  4.127740e+00   8.061988e+03   3.206887e+02
  4.130390e+00   8.796170e+03   3.329400e+02
  4.133030e+00   8.526853e+03   3.269899e+02
  4.135670e+00   8.302343e+03   3.241520e+02
  4.138320e+00   8.532442e+03   3.274451e+02
  4.140960e+00   8.840250e+03   3.341301e+02
  4.143600e+00   8.413375e+03   3.250370e+02
  4.146250e+00   8.726770e+03   3.317420e+02
  4.148890e+00   8.662631e+03   3.314664e+02
  4.151530e+00   8.745457e+03   3.324524e+02
  4.154180e+00   8.834136e+03   3.322419e+02
  4.156820e+00   8.991206e+03   3.362520e+02
  4.159460e+00   8.758365e+03   3.322237e+02
  4.162110e+00   8.383601e+03   3.260843e+02
  4.164750e+00   9.053796e+03   3.371810e+02
  4.167390e+00   8.065123e+03   3.175639e+02
  4.170040e+00   8.809208e+03   3.315389e+02
  4.172680e+00   8.098373e+03   3.191206e+02
  4.175320e+00   8.548037e+03   3.261279e+02
  4.177970e+00   8.380394e+03   3.228007e+02
  4.180610e+00   8.050334e+03   3.164913e+02
  4.183250e+00   8.667414e+03   3.273637e+02
  4.185900e+00   9.080824e+03   3.344965e+02
  4.188540e+00   8.373348e+03   3.208674e+02
  4.191180e+00   8.470119e+03   3.233906e+02
  4.193830e+00   8.569686e+03   3.248331e+02
  4.196470e+00   8.171889e+03   3.180903e+02
  4.199110e+00   8.173771e+03   3.162527e+02
  4.201760e+00   7.897620e+03   3.100087e+02
  4.204400e+00   8.694792e+03   3.251668e+02
  4.207040e+00   8.553919e+03   3.230771e+02
  4.209690e+00   7.855797e+03   3.081297e+02
  4.212330e+00   8.627445e+03   3.242392e+02
  4.214970e+00   8.277230e+03   3.167194e+02
  4.217620e+00   8.360039e+03   3.189554e+02
  4.220260e+00   8.961282e+03   3.285365e+02
  4.222900e+00   8.420883e+03   3.201139e+02
  4.225550e+00   8.402939e+03   3.196629e+02
  4.228190e+00   8.488563e+03   3.210670e+02
  4.230830e+00   9.071169e+03   3.316748e+02
  4.233480e+00   8.386300e+03   3.187993e+02
  4.236120e+00   8.713702e+03   3.247405e+02
  4.238760e+00   8.007447e+03   3.109835e+02
  4.241410e+00   8.742830e+03   3.269633e+02
  4.244050e+00   8.365788e+03   3.191747e+02
  4.246690e+00   8.040355e+03   3.122615e+02
  4.249340e+00   8.484261e+03   3.202178e+02
  4.251980e+00   8.683793e+03   3.238508e+02
  4.254620e+00   8.507962e+03   3.208839e+02
  4.257270e+00   8.615586e+03   3.237935e+02
  4.259910e+00   8.353611e+03   3.189424e+02
  4.262560e+00   8.289349e+03   3.169512e+02
  4.265200e+00   8.261077e+03   3.158702e+02
  4.267840e+00   8.545530e+03   3.209341e+02
  4.270490e+00   8.261883e+03   3.156703e+02
  4.273130e+00   8.427260e+03   3.201251e+02
  4.275770e+00   7.847563e+03   3.092373e+02
  4.278420e+00   8.761487e+03   3.267483e+02
  4.281060e+00   9.010103e+03   3.301046e+02
  4.283700e+00   8.701600e+03   3.245149e+02
  4.286350e+00   8.475384e+03   3.212586e+02
  4.288990e+00   8.762359e+03   3.252016e+02
  4.291630e+00   8.030481e+03   3.116431e+02
  4.294280e+00   8.646150e+03   3.242560e+02
  4.296920e+00   8.441680e+03   3.195223e+02
  4.299560e+00   8.732103e+03   3.247504e+02
  4.302210e+00   8.350631e+03   3.179031e+02
  4.304850e+00   8.737275e+03   3.260722e+02
  4.307490e+00   8.457933e+03   3.205971e+02
  4.310140e+00   8.247347e+03   3.160390e+02
  4.312780e+00   7.846319e+03   3.084706e+02
  4.315420e+00   8.907191e+03   3.278782e+02
  4.318070e+00   7.980913e+03   3.108922e+02
  4.320710e+00   8.439421e+03   3.203560e+02
  4.323350e+00   9.372925e+03   3.366854e+02
  4.326000e+00   7.987102e+03   3.120819e+02
  4.328640e+00   8.536705e+03   3.221972e+02
  4.331280e+00   8.858947e+03   3.278843e+02
  4.333930e+00   8.582791e+03   3.209782e+02
  4.336570e+00   8.593034e+03   3.222639e+02
  4.339210e+00   8.749444e+03   3.262992e+02
  4.341860e+00   8.542145e+03   3.226324e+02
  4.344500e+00   8.267515e+03   3.158855e+02
  4.347140e+00   8.143155e+03   3.184226e+02
  4.349790e+00   8.780261e+03   3.404839e+02
  4.352430e+00   8.031901e+03   3.315120e+02
  4.355070e+00   8.342808e+03   3.414484e+02
  4.357720e+00   8.982434e+03   3.595851e+02
  4.360360e+00   8.867733e+03   3.629322e+02
  4.363000e+00   8.020814e+03   3.467700e+02
  4.365650e+00   8.168378e+03   3.524915e+02
  4.368290e+00   8.767978e+03   3.678962e+02
  4.370930e+00   8.970292e+03   3.747393e+02
  4.373580e+00   8.821149e+03   3.741000e+02
  4.376220e+00   8.486385e+03   3.717953e+02
  4.378860e+00   8.264835e+03   3.649014e+02
  4.381510e+00   8.646998e+03   3.773859e+02
  4.384150e+00   8.516907e+03   3.782491e+02
  4.386790e+00   9.186466e+03   3.964253e+02
  4.389440e+00   8.810440e+03   3.867354e+02
  4.392080e+00   8.173229e+03   3.774047e+02
  4.394720e+00   8.467972e+03   3.849078e+02
  4.397370e+00   8.826294e+03   3.955157e+02
  4.400010e+00   8.455691e+03   3.863504e+02
  4.402650e+00   8.589563e+03   3.949485e+02
  4.405300e+00   9.100576e+03   4.086279e+02
  4.407940e+00   8.471209e+03   3.971364e+02
  4.410590e+00   9.489238e+03   4.214319e+02
  4.413230e+00   8.493468e+03   4.008315e+02
  4.415870e+00   8.488010e+03   4.037335e+02
  4.418520e+00   8.263996e+03   4.027625e+02
  4.421160e+00   8.361053e+03   4.055706e+02
  4.423800e+00   8.694439e+03   4.149629e+02
  4.426450e+00   9.024095e+03   4.263484e+02
  4.429090e+00   8.399941e+03   4.158591e+02
  4.431730e+00   9.307934e+03   4.387802e+02
  4.434380e+00   8.709097e+03   4.229511e+02
  4.437020e+00   8.063384e+03   4.120197e+02
  4.439660e+00   8.799484e+03   4.335195e+02
  4.442310e+00   8.927813e+03   4.371969e+02
  4.444950e+00   8.842122e+03   4.361497e+02
  4.447590e+00   8.016472e+03   4.173209e+02
  4.450240e+00   9.053574e+03   4.493213e+02
  4.452880e+00   8.534267e+03   4.407076e+02
  4.455520e+00   8.932227e+03   4.499991e+02
  4.458170e+00   9.463026e+03   4.667766e+02
  4.460810e+00   8.574048e+03   4.463471e+02
  4.463450e+00   8.065173e+03   4.354784e+02
  4.466100e+00   9.509976e+03   4.766920e+02
  4.468740e+00   8.316702e+03   4.451829e+02
  4.471380e+00   9.383805e+03   4.813790e+02
  4.474030e+00   9.655407e+03   4.920851e+02
  4.476670e+00   8.264357e+03   4.549379e+02
  4.479310e+00   9.165040e+03   4.784112e+02
  4.481960e+00   9.108006e+03   4.820468e+02
  4.484600e+00   9.537924e+03   5.013021e+02
  4.487240e+00   9.677021e+03   5.072137e+02
  4.489890e+00   8.495588e+03   4.741775e+02
  4.492530e+00   8.343168e+03   4.730977e+02
  4.495170e+00   8.280847e+03   4.749392e+02
  4.497820e+00   8.600740e+03   4.908702e+02
  4.500460e+00   7.437529e+03   4.543194e+02
  4.503100e+00   9.393730e+03   5.171078e+02
  4.505750e+00   8.189634e+03   4.859654e+02
  4.508390e+00   8.838198e+03   5.094253e+02
  4.511030e+00   7.989541e+03   4.835490e+02
  4.513680e+00   9.058760e+03   5.161708e+02
  4.516320e+00   8.959541e+03   5.225310e+02
  4.518960e+00   8.337632e+03   5.102548e+02
  4.521610e+00   9.058026e+03   5.346784e+02
  4.524250e+00   8.081723e+03   4.992905e+02
  4.526890e+00   8.534430e+03   5.213233e+02
  4.529540e+00   8.286425e+03   5.179015e+02
  4.532180e+00   7.255367e+03   4.913955e+02
  4.534820e+00   7.997211e+03   5.130213e+02
  4.537470e+00   1.004461e+04   5.848200e+02
  4.540110e+00   8.200923e+03   5.304736e+02
  4.542750e+00   8.817609e+03   5.576746e+02
  4.545400e+00   8.733014e+03   5.468826e+02
  4.548040e+00   9.101755e+03   5.688597e+02
  4.550680e+00   8.433052e+03   5.548541e+02
  4.553330e+00   8.740343e+03   5.725989e+02
  4.555970e+00   8.796492e+03   5.750446e+02
  4.558610e+00   8.983343e+03   5.786680e+02
  4.561260e+00   9.080850e+03   5.873914e+02
  4.563900e+00   8.754295e+03   5.875498e+02
  4.566550e+00   9.075721e+03   6.063971e+02
  4.569190e+00   8.199311e+03   5.698915e+02
  4.571830e+00   8.111708e+03   5.779353e+02
  4.574480e+00   8.123819e+03   5.817587e+02
  4.577120e+00   8.895238e+03   6.138297e+02
  4.579760e+00   8.704979e+03   6.065046e+02
  4.582410e+00   8.000380e+03   5.914051e+02
  4.585050e+00   7.933973e+03   5.963539e+02
  4.587690e+00   1.002560e+04   6.790192e+02
  4.590340e+00   8.693573e+03   6.290449e+02
  4.592980e+00   8.667479e+03   6.338288e+02
  4.595620e+00   8.275518e+03   6.310023e+02
  4.598270e+00   8.952350e+03   6.672688e+02
  4.600910e+00   9.303026e+03   6.821309e+02
  4.603550e+00   8.296413e+03   6.478410e+02
  4.606200e+00   7.935203e+03   6.544845e+02
  4.608840e+00   9.373637e+03   7.168199e+02
  4.611480e+00   8.262687e+03   6.814950e+02
  4.614130e+00   7.962024e+03   6.658179e+02
  4.616770e+00   8.971710e+03   7.301074e+02
  4.619410e+00   8.699715e+03   7.300639e+02
  4.622060e+00   8.407051e+03   7.317399e+02
  4.624700e+00   8.759033e+03   7.402734e+02
  4.627340e+00   7.465488e+03   7.022940e+02
  4.629990e+00   7.861630e+03   7.331008e+02
  4.632630e+00   8.133133e+03   7.651008e+02
  4.635270e+00   8.286295e+03   7.660682e+02
  4.637920e+00   9.671213e+03   8.482215e+02
  4.640560e+00   9.331413e+03   8.626895e+02
  4.643200e+00   8.606966e+03   8.399539e+02
  4.645850e+00   1.067196e+04   9.288752e+02
  4.648490e+00   1.098413e+04   9.488841e+02
  4.651130e+00   7.552219e+03   7.960738e+02
  4.653780e+00   9.158151e+03   8.937440e+02
  4.656420e+00   8.456482e+03   8.630861e+02
  4.659060e+00   8.895647e+03   8.722899e+02
  4.661710e+00   8.986340e+03   8.941742e+02
  4.664350e+00   7.666411e+03   8.364740e+02
  4.666990e+00   9.092146e+03   9.328345e+02
  4.669640e+00   9.253261e+03   9.073569e+02
  4.672280e+00   8.480126e+03   8.889588e+02
  4.674920e+00   8.302700e+03   9.113398e+02
  4.677570e+00   9.557086e+03   9.805363e+02
  4.680210e+00   9.385020e+03   9.529044e+02
  4.682850e+00   8.502765e+03   9.222544e+02
  4.685500e+00   8.123819e+03   9.198413e+02
  4.688140e+00   9.450313e+03   1.013180e+03
  4.690780e+00   8.957031e+03   9.658615e+02
  4.693430e+00   9.279524e+03   9.948694e+02
  4.696070e+00   7.967591e+03   9.389896e+02
  4.698710e+00   1.115233e+04   1.132347e+03
  4.701360e+00   8.910741e+03   1.015473e+03
  4.704000e+00   7.414286e+03   9.057993e+02
  4.706640e+00   9.153998e+03   1.050036e+03
  4.709290e+00   9.543529e+03   1.094718e+03
  4.711930e+00   1.103402e+04   1.189829e+03
  4.714570e+00   8.674633e+03   1.015289e+03
  4.717220e+00   7.826459e+03   1.002075e+03
  4.719860e+00   8.785300e+03   1.089682e+03
  4.722510e+00   9.696011e+03   1.167263e+03
  4.725150e+00   8.083064e+03   1.018370e+03
  4.727790e+00   8.290792e+03   1.079369e+03
  4.730440e+00   8.340729e+03   1.104757e+03
  4.733080e+00   7.631793e+03   1.079298e+03
  4.735720e+00   9.065348e+03   1.133169e+03
  4.738370e+00   7.952586e+03   1.092372e+03
  4.741010e+00   8.284346e+03   1.160040e+03
  4.743650e+00   9.688057e+03   1.272104e+03
  4.746300e+00   1.055848e+04   1.309618e+03
  4.748940e+00   1.011758e+04   1.306173e+03
  4.751580e+00   8.852879e+03   1.264697e+03
  4.754230e+00   8.573315e+03   1.264066e+03
  4.756870e+00   1.058496e+04   1.427276e+03
  4.759510e+00   1.040441e+04   1.378098e+03
  4.762160e+00   8.748728e+03   1.349958e+03
  4.764800e+00   8.306405e+03   1.347477e+03
  4.767440e+00   8.171889e+03   1.361981e+03
  4.770090e+00   8.029356e+03   1.285726e+03
  4.772730e+00   1.015130e+04   1.548059e+03
  4.775370e+00   9.836533e+03   1.555292e+03
  4.778020e+00   7.954761e+03   1.428717e+03
  4.780660e+00   9.085850e+03   1.454900e+03
  4.783300e+00   1.000760e+04   1.602499e+03
  4.785950e+00   7.746269e+03   1.463907e+03
  4.788590e+00   9.303026e+03   1.670873e+03
  4.791230e+00   9.629448e+03   1.729500e+03
  4.793880e+00   1.021486e+04   1.864970e+03
  4.796520e+00   9.836533e+03   1.967307e+03
  4.799160e+00   8.386938e+03   1.976820e+03
  4.801810e+00   6.769849e+03   1.877618e+03
  4.804450e+00   1.313653e+04   2.739156e+03
  4.807090e+00   1.154723e+04   2.981483e+03
  4.809740e+00   1.180384e+04   3.732702e+03
  4.812380e+00   8.171889e+03   3.336160e+03
creator: radaver
creator-version: 6572
working-directory: /dataInt/p12/vives/2015-10-17/NEW
header-file: images/header/img_0008_00002.txt
image-file: images/pilatus2m/img_0008_00002.tiff
angular-axis-file: etc/radial-averaging/saxs-2/saxis-saxs2-20150921.dat
beamstop-mask-file: etc/radial-averaging/saxs-2/mask-saxs2-20151008.msk
detector-response-file: none
beam-center-x: 656.1000
beam-center-y: 1645.9000
unit-time: 100.0000
channel-first: 8
channel-last: 1819
angular-unit: nanometer
Run Number: 8
Frame Number: 2
Buffer: NAPI
Code: NAPI
Concentration [mg/ml]: 0
Plate Row: 2
Plate Column: 1
Well Row: 1
Well Column: 9
Load Volume: 20
Load Viscosity: low
Exposure time [s]: 0.035
Exposure period [s]: 0.04
Detector Position: saxs-2
Detector Distance [m]: 3
Timestamp (begin): 2015-10-17 03:31:53.518
Timestamp (end): 2015-10-17 03:31:53.553
PETRA Current: 94.2678
Transmitted Beam: 0.161368
Wavelength [nm]: 0.123987
Flytube Vacuum [mbar]: 0.000285457
Crystal Temperature 1 [C]: -181.4
Crystal Temperature 2 [C]: -156.3
Cell Target Temperature [C]: 20
Cell Temperature [C]: 20.2
Storage Temperature [C]: 20.2
