
Sample:   c= .0000 mg/ml  Code: NAPI
  2.520060e-02   4.828917e+07   2.808127e+05
  2.784400e-02   7.407201e+06   6.079446e+04
  3.048740e-02   3.135621e+06   3.706450e+04
  3.313080e-02   1.428242e+06   2.336362e+04
  3.577420e-02   6.656252e+05   1.488011e+04
  3.841750e-02   4.355156e+05   1.214932e+04
  4.106090e-02   2.831295e+05   8.984843e+03
  4.370430e-02   2.234136e+05   7.918684e+03
  4.634770e-02   1.757451e+05   6.531516e+03
  4.899110e-02   1.548752e+05   5.824683e+03
  5.163450e-02   1.276201e+05   5.162958e+03
  5.427790e-02   1.086846e+05   4.440733e+03
  5.692130e-02   1.001057e+05   4.327949e+03
  5.956470e-02   8.309939e+04   3.735040e+03
  6.220810e-02   7.215098e+04   3.286387e+03
  6.485140e-02   6.428827e+04   3.182744e+03
  6.749480e-02   5.649400e+04   2.783260e+03
  7.013820e-02   5.444569e+04   2.753437e+03
  7.278160e-02   4.772999e+04   2.474685e+03
  7.542500e-02   4.466118e+04   2.344104e+03
  7.806840e-02   3.821637e+04   2.146445e+03
  8.071180e-02   3.767828e+04   2.031477e+03
  8.335520e-02   3.402910e+04   1.948500e+03
  8.599860e-02   3.488144e+04   1.908628e+03
  8.864200e-02   3.182316e+04   1.878462e+03
  9.128530e-02   2.923155e+04   1.805931e+03
  9.392870e-02   2.755046e+04   1.742444e+03
  9.657210e-02   2.503579e+04   1.676521e+03
  9.921550e-02   2.564583e+04   1.665875e+03
  1.018590e-01   2.550288e+04   1.681610e+03
  1.045020e-01   2.193145e+04   1.513414e+03
  1.071460e-01   2.039317e+04   1.467933e+03
  1.097890e-01   2.248117e+04   1.573997e+03
  1.124320e-01   1.796290e+04   1.335172e+03
  1.150760e-01   1.857181e+04   1.372868e+03
  1.177190e-01   1.708428e+04   1.291450e+03
  1.203630e-01   1.775993e+04   1.342524e+03
  1.230060e-01   1.715558e+04   1.315773e+03
  1.256490e-01   1.691744e+04   1.268016e+03
  1.282930e-01   1.786885e+04   1.296343e+03
  1.309360e-01   1.197527e+04   1.050300e+03
  1.335800e-01   1.542364e+04   1.204384e+03
  1.362230e-01   1.505714e+04   1.151448e+03
  1.388660e-01   1.424331e+04   1.136740e+03
  1.415100e-01   1.256518e+04   1.054447e+03
  1.441530e-01   1.467392e+04   1.112427e+03
  1.467970e-01   1.456216e+04   1.126853e+03
  1.494400e-01   1.353369e+04   1.053596e+03
  1.520830e-01   1.527686e+04   1.132396e+03
  1.547270e-01   1.400777e+04   1.074347e+03
  1.573700e-01   1.232432e+04   9.963623e+02
  1.600130e-01   1.315704e+04   1.018122e+03
  1.626570e-01   1.215362e+04   9.638449e+02
  1.653000e-01   1.221162e+04   9.808609e+02
  1.679440e-01   1.255148e+04   9.712628e+02
  1.705870e-01   1.379429e+04   1.022501e+03
  1.732300e-01   1.108821e+04   9.053485e+02
  1.758740e-01   1.319723e+04   9.836636e+02
  1.785170e-01   1.400373e+04   1.013274e+03
  1.811610e-01   1.055408e+04   8.588786e+02
  1.838040e-01   1.265403e+04   9.592993e+02
  1.864470e-01   1.220916e+04   9.255739e+02
  1.890910e-01   1.099630e+04   8.666298e+02
  1.917340e-01   1.183762e+04   9.026100e+02
  1.943780e-01   1.168909e+04   8.786060e+02
  1.970210e-01   1.156233e+04   8.920528e+02
  1.996640e-01   1.224138e+04   9.024468e+02
  2.023080e-01   1.076453e+04   8.431432e+02
  2.049510e-01   1.110780e+04   8.396708e+02
  2.075950e-01   1.056641e+04   8.104068e+02
  2.102380e-01   1.130758e+04   8.547727e+02
  2.128810e-01   1.197527e+04   8.510451e+02
  2.155250e-01   1.132852e+04   8.420421e+02
  2.181680e-01   1.055552e+04   8.072007e+02
  2.208110e-01   9.466933e+03   7.579613e+02
  2.234550e-01   1.129626e+04   8.350433e+02
  2.260980e-01   1.222636e+04   8.416974e+02
  2.287420e-01   1.168175e+04   8.280976e+02
  2.313850e-01   1.157225e+04   8.162438e+02
  2.340280e-01   1.212782e+04   8.329419e+02
  2.366720e-01   1.118335e+04   8.049954e+02
  2.393150e-01   1.128938e+04   7.923589e+02
  2.419590e-01   1.076641e+04   7.810772e+02
  2.446020e-01   1.014822e+04   7.421116e+02
  2.472450e-01   1.146099e+04   7.946767e+02
  2.498890e-01   9.723037e+03   7.308282e+02
  2.525320e-01   1.067208e+04   7.508846e+02
  2.551760e-01   1.179160e+04   8.060569e+02
  2.578190e-01   1.153300e+04   7.671636e+02
  2.604620e-01   1.088187e+04   7.527149e+02
  2.631060e-01   1.011401e+04   7.299156e+02
  2.657490e-01   1.077774e+04   7.437347e+02
  2.683920e-01   9.369697e+03   6.964441e+02
  2.710360e-01   1.223846e+04   7.771429e+02
  2.736790e-01   1.094930e+04   7.432866e+02
  2.763230e-01   1.001777e+04   7.031097e+02
  2.789660e-01   1.101268e+04   7.341785e+02
  2.816090e-01   1.153356e+04   7.523662e+02
  2.842530e-01   1.061444e+04   7.140045e+02
  2.868960e-01   1.218736e+04   7.723427e+02
  2.895400e-01   1.066547e+04   7.063381e+02
  2.921830e-01   9.921916e+03   6.830528e+02
  2.948260e-01   1.056086e+04   7.056275e+02
  2.974700e-01   1.171292e+04   7.363851e+02
  3.001130e-01   1.025108e+04   6.942907e+02
  3.027570e-01   1.052689e+04   6.866983e+02
  3.054000e-01   1.037552e+04   6.886472e+02
  3.080430e-01   1.009302e+04   6.698970e+02
  3.106870e-01   9.843306e+03   6.682072e+02
  3.133300e-01   1.057422e+04   6.839894e+02
  3.159740e-01   1.062414e+04   6.732774e+02
  3.186170e-01   1.110514e+04   7.009504e+02
  3.212600e-01   1.022175e+04   6.611897e+02
  3.239040e-01   1.012848e+04   6.621193e+02
  3.265470e-01   1.204723e+04   7.212490e+02
  3.291900e-01   1.028822e+04   6.533026e+02
  3.318340e-01   1.125904e+04   6.955860e+02
  3.344770e-01   9.970233e+03   6.409109e+02
  3.371210e-01   1.100280e+04   6.771753e+02
  3.397640e-01   9.961244e+03   6.377033e+02
  3.424070e-01   1.052859e+04   6.504585e+02
  3.450510e-01   9.500009e+03   6.277783e+02
  3.476940e-01   1.037074e+04   6.370693e+02
  3.503380e-01   1.059973e+04   6.548534e+02
  3.529810e-01   1.109708e+04   6.655586e+02
  3.556240e-01   1.056408e+04   6.465114e+02
  3.582680e-01   1.057335e+04   6.446684e+02
  3.609110e-01   1.040159e+04   6.318518e+02
  3.635550e-01   1.071540e+04   6.461627e+02
  3.661980e-01   1.039957e+04   6.271179e+02
  3.688410e-01   9.442037e+03   6.020023e+02
  3.714850e-01   1.073255e+04   6.357414e+02
  3.741280e-01   1.023250e+04   6.181682e+02
  3.767710e-01   1.051950e+04   6.320555e+02
  3.794150e-01   9.550826e+03   5.923171e+02
  3.820580e-01   1.060595e+04   6.293475e+02
  3.847020e-01   1.134879e+04   6.404495e+02
  3.873450e-01   1.050591e+04   6.212274e+02
  3.899880e-01   9.817779e+03   5.974910e+02
  3.926320e-01   1.126667e+04   6.318035e+02
  3.952750e-01   9.452252e+03   5.850797e+02
  3.979190e-01   1.116991e+04   6.253950e+02
  4.005620e-01   1.005493e+04   5.998268e+02
  4.032050e-01   1.019049e+04   5.933133e+02
  4.058490e-01   9.987095e+03   5.884952e+02
  4.084920e-01   1.061444e+04   6.138489e+02
  4.111360e-01   1.085330e+04   6.105459e+02
  4.137790e-01   9.589478e+03   5.772188e+02
  4.164220e-01   1.027423e+04   5.912157e+02
  4.190660e-01   1.043334e+04   5.935319e+02
  4.217090e-01   1.034228e+04   5.931702e+02
  4.243530e-01   9.767536e+03   5.716018e+02
  4.269960e-01   1.028042e+04   6.176906e+02
  4.296390e-01   1.046599e+04   6.232404e+02
  4.322830e-01   1.098859e+04   6.675094e+02
  4.349260e-01   1.072666e+04   6.757161e+02
  4.375690e-01   1.107302e+04   6.738825e+02
  4.402130e-01   1.209125e+04   7.251850e+02
  4.428560e-01   9.433753e+03   6.374739e+02
  4.455000e-01   1.085069e+04   7.033455e+02
  4.481430e-01   9.595372e+03   6.605726e+02
  4.507860e-01   1.027751e+04   6.836496e+02
  4.534300e-01   9.894003e+03   6.893479e+02
  4.560730e-01   1.078700e+04   7.066798e+02
  4.587170e-01   1.111107e+04   7.172166e+02
  4.613600e-01   1.033544e+04   6.829849e+02
  4.640030e-01   1.015680e+04   6.711802e+02
  4.666470e-01   1.048221e+04   6.957285e+02
  4.692900e-01   1.009054e+04   6.624764e+02
  4.719340e-01   1.050139e+04   6.954714e+02
  4.745770e-01   9.757624e+03   6.578589e+02
  4.772200e-01   1.025788e+04   6.900199e+02
  4.798640e-01   9.381613e+03   6.458569e+02
  4.825070e-01   1.140887e+04   6.793882e+02
  4.851500e-01   1.068731e+04   6.627987e+02
  4.877940e-01   1.128439e+04   6.581187e+02
  4.904370e-01   1.080918e+04   6.518184e+02
  4.930810e-01   1.097113e+04   6.387638e+02
  4.957240e-01   1.065411e+04   6.224197e+02
  4.983670e-01   1.108270e+04   6.420036e+02
  5.010110e-01   1.101533e+04   6.297042e+02
  5.036540e-01   1.155529e+04   6.449535e+02
  5.062980e-01   1.069467e+04   6.083988e+02
  5.089410e-01   1.066656e+04   6.087726e+02
  5.115840e-01   1.048418e+04   6.053046e+02
  5.142280e-01   1.008503e+04   5.851928e+02
  5.168710e-01   1.108864e+04   6.189073e+02
  5.195150e-01   1.150543e+04   6.141146e+02
  5.221580e-01   1.165251e+04   6.237447e+02
  5.248010e-01   1.047283e+04   5.891430e+02
  5.274450e-01   1.024144e+04   5.752164e+02
  5.300880e-01   9.664821e+03   5.608098e+02
  5.327320e-01   1.096149e+04   5.892932e+02
  5.353750e-01   1.046477e+04   5.840868e+02
  5.380180e-01   1.149006e+04   5.965343e+02
  5.406620e-01   1.085910e+04   5.829473e+02
  5.433050e-01   1.011009e+04   5.669458e+02
  5.459480e-01   1.068402e+04   5.777256e+02
  5.485920e-01   1.099642e+04   5.861111e+02
  5.512350e-01   1.061580e+04   5.642236e+02
  5.538790e-01   9.674649e+03   5.399862e+02
  5.565220e-01   1.149748e+04   5.921501e+02
  5.591650e-01   1.092097e+04   5.708480e+02
  5.618090e-01   1.114421e+04   5.785784e+02
  5.644520e-01   1.110594e+04   5.704736e+02
  5.670960e-01   9.665467e+03   5.361437e+02
  5.697390e-01   1.065546e+04   5.569700e+02
  5.723820e-01   1.035200e+04   5.494269e+02
  5.750260e-01   1.071421e+04   5.562538e+02
  5.776690e-01   1.081234e+04   5.583468e+02
  5.803130e-01   1.141241e+04   5.764137e+02
  5.829560e-01   1.144858e+04   5.633476e+02
  5.855990e-01   1.005237e+04   5.357931e+02
  5.882430e-01   1.031672e+04   5.385284e+02
  5.908860e-01   1.077210e+04   5.511486e+02
  5.935290e-01   1.044612e+04   5.372903e+02
  5.961730e-01   1.000082e+04   5.249067e+02
  5.988160e-01   1.053092e+04   5.374038e+02
  6.014600e-01   1.042831e+04   5.335587e+02
  6.041030e-01   9.535193e+03   5.075071e+02
  6.067460e-01   1.151675e+04   5.573348e+02
  6.093900e-01   1.046950e+04   5.274458e+02
  6.120330e-01   1.041794e+04   5.288910e+02
  6.146770e-01   1.134774e+04   5.447090e+02
  6.173200e-01   1.151800e+04   5.460054e+02
  6.199630e-01   1.081361e+04   5.263985e+02
  6.226070e-01   9.866578e+03   5.068121e+02
  6.252500e-01   1.090144e+04   5.300463e+02
  6.278940e-01   1.023556e+04   5.092381e+02
  6.305370e-01   1.028623e+04   5.104970e+02
  6.331800e-01   1.075773e+04   5.187836e+02
  6.358240e-01   1.094495e+04   5.265894e+02
  6.384670e-01   1.006520e+04   5.007626e+02
  6.411110e-01   1.045341e+04   5.106825e+02
  6.437540e-01   9.979389e+03   4.989694e+02
  6.463970e-01   1.011503e+04   5.020005e+02
  6.490410e-01   1.002063e+04   4.979289e+02
  6.516840e-01   9.833884e+03   4.929281e+02
  6.543270e-01   1.015187e+04   5.001468e+02
  6.569710e-01   1.085780e+04   5.211909e+02
  6.596140e-01   1.004168e+04   4.947178e+02
  6.622580e-01   1.084180e+04   5.168628e+02
  6.649010e-01   9.869989e+03   4.868506e+02
  6.675440e-01   1.023326e+04   4.987387e+02
  6.701880e-01   1.005626e+04   4.984702e+02
  6.728310e-01   1.083968e+04   5.081721e+02
  6.754750e-01   1.013292e+04   4.956172e+02
  6.781180e-01   1.084912e+04   5.080564e+02
  6.807610e-01   1.090179e+04   5.099641e+02
  6.834050e-01   1.047048e+04   4.974675e+02
  6.860480e-01   1.017820e+04   4.863333e+02
  6.886920e-01   1.064380e+04   5.045643e+02
  6.913350e-01   1.109473e+04   5.048278e+02
  6.939780e-01   1.087228e+04   5.069227e+02
  6.966220e-01   1.084247e+04   5.006588e+02
  6.992650e-01   1.046693e+04   4.890876e+02
  7.019080e-01   1.058866e+04   5.002670e+02
  7.045520e-01   1.044094e+04   4.841868e+02
  7.071950e-01   1.084165e+04   4.974489e+02
  7.098390e-01   9.843945e+03   4.758250e+02
  7.124820e-01   1.079566e+04   4.917287e+02
  7.151250e-01   1.054344e+04   4.921257e+02
  7.177690e-01   1.056641e+04   4.822885e+02
  7.204120e-01   1.023885e+04   4.794782e+02
  7.230560e-01   1.035639e+04   4.792365e+02
  7.256990e-01   1.021026e+04   4.776156e+02
  7.283420e-01   1.062750e+04   4.845721e+02
  7.309860e-01   1.012335e+04   4.714912e+02
  7.336290e-01   1.064468e+04   4.858610e+02
  7.362730e-01   1.103902e+04   4.902600e+02
  7.389160e-01   1.088661e+04   4.868638e+02
  7.415590e-01   1.087863e+04   4.884649e+02
  7.442030e-01   1.025231e+04   4.679517e+02
  7.468460e-01   9.561251e+03   4.573767e+02
  7.494900e-01   1.015294e+04   4.629344e+02
  7.521330e-01   9.869960e+03   4.596899e+02
  7.547760e-01   9.002632e+03   4.366918e+02
  7.574200e-01   1.021252e+04   4.675991e+02
  7.600630e-01   9.941462e+03   4.605293e+02
  7.627060e-01   1.013768e+04   4.575072e+02
  7.653500e-01   1.079887e+04   4.777140e+02
  7.679930e-01   1.057746e+04   4.697613e+02
  7.706370e-01   1.058377e+04   4.723770e+02
  7.732800e-01   1.069122e+04   4.692925e+02
  7.759230e-01   1.111299e+04   4.795610e+02
  7.785670e-01   1.074863e+04   4.727243e+02
  7.812100e-01   1.092504e+04   4.727729e+02
  7.838540e-01   1.056762e+04   4.665720e+02
  7.864970e-01   1.057591e+04   4.620107e+02
  7.891400e-01   1.106805e+04   4.723728e+02
  7.917840e-01   1.078594e+04   4.702894e+02
  7.944270e-01   1.044494e+04   4.576013e+02
  7.970710e-01   1.016349e+04   4.531674e+02
  7.997140e-01   1.028153e+04   4.517444e+02
  8.023570e-01   1.104160e+04   4.734048e+02
  8.050010e-01   1.055122e+04   4.578838e+02
  8.076440e-01   1.056873e+04   4.564997e+02
  8.102870e-01   1.057925e+04   4.582384e+02
  8.129310e-01   1.023925e+04   4.485895e+02
  8.155740e-01   9.953213e+03   4.420377e+02
  8.182180e-01   1.066122e+04   4.550099e+02
  8.208610e-01   9.408214e+03   4.272050e+02
  8.235040e-01   1.035348e+04   4.488803e+02
  8.261480e-01   1.026730e+04   4.472505e+02
  8.287910e-01   1.040769e+04   4.478756e+02
  8.314350e-01   1.023468e+04   4.408387e+02
  8.340780e-01   1.045746e+04   4.491862e+02
  8.367210e-01   9.825860e+03   4.342457e+02
  8.393650e-01   1.053849e+04   4.473339e+02
  8.420080e-01   1.010891e+04   4.395178e+02
  8.446520e-01   1.012959e+04   4.331102e+02
  8.472950e-01   1.108064e+04   4.608937e+02
  8.499380e-01   1.054875e+04   4.449720e+02
  8.525820e-01   1.079626e+04   4.471353e+02
  8.552250e-01   1.039859e+04   4.417936e+02
  8.578690e-01   1.033430e+04   4.406562e+02
  8.605120e-01   9.866665e+03   4.430263e+02
  8.631550e-01   1.065995e+04   4.574622e+02
  8.657990e-01   1.047335e+04   4.579677e+02
  8.684420e-01   9.507390e+03   4.385432e+02
  8.710850e-01   9.627955e+03   4.376343e+02
  8.737290e-01   9.626639e+03   4.440438e+02
  8.763720e-01   1.060008e+04   4.574274e+02
  8.790160e-01   1.024129e+04   4.561834e+02
  8.816590e-01   1.038868e+04   4.636695e+02
  8.843020e-01   9.843509e+03   4.442313e+02
  8.869460e-01   1.072503e+04   4.663055e+02
  8.895890e-01   1.003809e+04   4.352064e+02
  8.922330e-01   1.023981e+04   4.435355e+02
  8.948760e-01   1.038480e+04   4.408103e+02
  8.975190e-01   1.031442e+04   4.354751e+02
  9.001630e-01   1.089399e+04   4.519590e+02
  9.028060e-01   1.024104e+04   4.323772e+02
  9.054500e-01   1.019566e+04   4.347444e+02
  9.080930e-01   9.414291e+03   4.120523e+02
  9.107360e-01   1.051136e+04   4.349630e+02
  9.133800e-01   1.010299e+04   4.292350e+02
  9.160230e-01   1.007719e+04   4.254592e+02
  9.186660e-01   1.024657e+04   4.288056e+02
  9.213100e-01   1.081996e+04   4.363031e+02
  9.239530e-01   9.760499e+03   4.180938e+02
  9.265970e-01   1.014671e+04   4.264979e+02
  9.292400e-01   1.042614e+04   4.260005e+02
  9.318830e-01   9.354936e+03   4.078946e+02
  9.345270e-01   9.622982e+03   4.084728e+02
  9.371700e-01   1.042379e+04   4.295048e+02
  9.398140e-01   1.115117e+04   4.390771e+02
  9.424570e-01   1.024500e+04   4.182504e+02
  9.451000e-01   1.110086e+04   4.391434e+02
  9.477440e-01   1.031584e+04   4.200933e+02
  9.503870e-01   1.066930e+04   4.319872e+02
  9.530310e-01   1.041715e+04   4.170196e+02
  9.556740e-01   1.051403e+04   4.243118e+02
  9.583170e-01   1.078787e+04   4.267615e+02
  9.609610e-01   1.011146e+04   4.114293e+02
  9.636040e-01   1.033970e+04   4.189859e+02
  9.662480e-01   1.101111e+04   4.253963e+02
  9.688910e-01   1.043654e+04   4.177962e+02
  9.715340e-01   1.031911e+04   4.140917e+02
  9.741780e-01   1.088168e+04   4.203961e+02
  9.768210e-01   1.023182e+04   4.089460e+02
  9.794640e-01   1.025083e+04   4.045679e+02
  9.821080e-01   1.069957e+04   4.174300e+02
  9.847510e-01   1.044546e+04   4.145154e+02
  9.873950e-01   9.994395e+03   4.107671e+02
  9.900380e-01   1.095299e+04   4.381195e+02
  9.926810e-01   1.081262e+04   4.342452e+02
  9.953250e-01   1.074163e+04   4.403640e+02
  9.979680e-01   1.002914e+04   4.238084e+02
  1.000610e+00   1.047683e+04   4.384416e+02
  1.003250e+00   9.784519e+03   4.250123e+02
  1.005900e+00   1.061782e+04   4.443420e+02
  1.008540e+00   9.140662e+03   4.137783e+02
  1.011190e+00   1.033944e+04   4.400757e+02
  1.013830e+00   1.119790e+04   4.645673e+02
  1.016470e+00   1.039255e+04   4.451678e+02
  1.019120e+00   1.023423e+04   4.441276e+02
  1.021760e+00   1.008004e+04   4.407693e+02
  1.024400e+00   1.021761e+04   4.442437e+02
  1.027050e+00   1.011027e+04   4.455115e+02
  1.029690e+00   1.070418e+04   4.551882e+02
  1.032330e+00   1.074602e+04   4.615810e+02
  1.034980e+00   1.062343e+04   4.584350e+02
  1.037620e+00   9.889464e+03   4.418287e+02
  1.040260e+00   1.017700e+04   4.484522e+02
  1.042910e+00   1.168319e+04   4.618185e+02
  1.045550e+00   1.090072e+04   4.506894e+02
  1.048190e+00   9.904946e+03   4.235049e+02
  1.050840e+00   1.057061e+04   4.344495e+02
  1.053480e+00   1.068925e+04   4.349395e+02
  1.056120e+00   1.016048e+04   4.197256e+02
  1.058770e+00   9.839327e+03   4.150470e+02
  1.061410e+00   1.078464e+04   4.313857e+02
  1.064050e+00   1.029873e+04   4.197449e+02
  1.066700e+00   1.058830e+04   4.231936e+02
  1.069340e+00   9.887989e+03   4.074275e+02
  1.071980e+00   1.011157e+04   4.145338e+02
  1.074630e+00   1.021291e+04   4.095004e+02
  1.077270e+00   1.015222e+04   4.120657e+02
  1.079910e+00   1.033031e+04   4.122243e+02
  1.082560e+00   9.730575e+03   3.959315e+02
  1.085200e+00   9.984827e+03   4.036127e+02
  1.087840e+00   9.418213e+03   3.867597e+02
  1.090490e+00   1.106528e+04   4.227824e+02
  1.093130e+00   1.001655e+04   3.993858e+02
  1.095770e+00   1.050090e+04   4.087469e+02
  1.098420e+00   1.082522e+04   4.139126e+02
  1.101060e+00   1.020619e+04   4.003198e+02
  1.103700e+00   1.077457e+04   4.134899e+02
  1.106350e+00   1.096863e+04   4.142796e+02
  1.108990e+00   1.012539e+04   3.956316e+02
  1.111630e+00   1.016768e+04   3.957764e+02
  1.114280e+00   1.017232e+04   3.953584e+02
  1.116920e+00   9.867829e+03   3.934561e+02
  1.119560e+00   1.008523e+04   3.905017e+02
  1.122210e+00   1.004080e+04   3.926264e+02
  1.124850e+00   1.094256e+04   4.086576e+02
  1.127490e+00   1.019020e+04   3.948621e+02
  1.130140e+00   1.029955e+04   3.973136e+02
  1.132780e+00   9.927264e+03   3.875945e+02
  1.135420e+00   1.134419e+04   4.145078e+02
  1.138070e+00   1.015294e+04   3.904978e+02
  1.140710e+00   1.016739e+04   3.919242e+02
  1.143350e+00   1.044320e+04   3.967042e+02
  1.146000e+00   1.037294e+04   3.929032e+02
  1.148640e+00   1.086234e+04   4.050970e+02
  1.151280e+00   1.036378e+04   3.914346e+02
  1.153930e+00   9.880338e+03   3.831431e+02
  1.156570e+00   1.000727e+04   3.843268e+02
  1.159220e+00   1.003809e+04   3.838160e+02
  1.161860e+00   1.003722e+04   3.863326e+02
  1.164500e+00   1.024593e+04   3.847941e+02
  1.167150e+00   1.065122e+04   3.958495e+02
  1.169790e+00   9.958631e+03   3.782971e+02
  1.172430e+00   9.906546e+03   3.798987e+02
  1.175080e+00   1.031446e+04   3.876413e+02
  1.177720e+00   9.708519e+03   3.720313e+02
  1.180360e+00   9.795303e+03   3.773010e+02
  1.183010e+00   9.516484e+03   3.684797e+02
  1.185650e+00   1.089316e+04   3.964428e+02
  1.188290e+00   9.565030e+03   3.689791e+02
  1.190940e+00   9.921287e+03   3.744548e+02
  1.193580e+00   1.011128e+04   3.802739e+02
  1.196220e+00   1.005585e+04   3.758049e+02
  1.198870e+00   1.004681e+04   3.765200e+02
  1.201510e+00   9.618482e+03   3.669680e+02
  1.204150e+00   1.067381e+04   3.871798e+02
  1.206800e+00   1.033501e+04   3.817324e+02
  1.209440e+00   1.041267e+04   3.794589e+02
  1.212080e+00   1.001050e+04   3.743715e+02
  1.214730e+00   1.104447e+04   3.917071e+02
  1.217370e+00   1.058183e+04   3.820878e+02
  1.220010e+00   1.030002e+04   3.771104e+02
  1.222660e+00   9.941816e+03   3.667094e+02
  1.225300e+00   1.030205e+04   3.774378e+02
  1.227940e+00   9.907726e+03   3.687274e+02
  1.230590e+00   1.062498e+04   3.806794e+02
  1.233230e+00   1.045337e+04   3.774494e+02
  1.235870e+00   1.033371e+04   3.728857e+02
  1.238520e+00   9.991522e+03   3.692973e+02
  1.241160e+00   1.013118e+04   3.701854e+02
  1.243800e+00   1.070301e+04   3.779363e+02
  1.246450e+00   1.010497e+04   3.687357e+02
  1.249090e+00   9.790589e+03   3.633629e+02
  1.251730e+00   1.044574e+04   3.754645e+02
  1.254380e+00   1.042795e+04   3.703074e+02
  1.257020e+00   9.878256e+03   3.636236e+02
  1.259660e+00   1.008189e+04   3.645116e+02
  1.262310e+00   1.063680e+04   3.760677e+02
  1.264950e+00   1.008584e+04   3.663340e+02
  1.267590e+00   1.016425e+04   3.634727e+02
  1.270240e+00   1.019693e+04   3.660486e+02
  1.272880e+00   9.851466e+03   3.590074e+02
  1.275520e+00   1.004660e+04   3.634732e+02
  1.278170e+00   1.023678e+04   3.639781e+02
  1.280810e+00   1.023087e+04   3.658552e+02
  1.283450e+00   1.028500e+04   3.661556e+02
  1.286100e+00   9.930604e+03   3.581067e+02
  1.288740e+00   1.019971e+04   3.635805e+02
  1.291380e+00   1.019379e+04   3.597309e+02
  1.294030e+00   1.038318e+04   3.671008e+02
  1.296670e+00   1.024790e+04   3.639136e+02
  1.299310e+00   1.022464e+04   3.601477e+02
  1.301960e+00   1.016289e+04   3.593122e+02
  1.304600e+00   1.035107e+04   3.614752e+02
  1.307240e+00   1.046120e+04   3.668904e+02
  1.309890e+00   1.048360e+04   3.630172e+02
  1.312530e+00   1.041419e+04   3.625755e+02
  1.315180e+00   9.777433e+03   3.500883e+02
  1.317820e+00   1.041599e+04   3.604601e+02
  1.320460e+00   1.083297e+04   3.687586e+02
  1.323110e+00   1.018224e+04   3.532181e+02
  1.325750e+00   1.047732e+04   3.606443e+02
  1.328390e+00   9.744258e+03   3.462471e+02
  1.331040e+00   1.048857e+04   3.584919e+02
  1.333680e+00   1.043087e+04   3.594715e+02
  1.336320e+00   1.062987e+04   3.589451e+02
  1.338970e+00   1.022389e+04   3.555196e+02
  1.341610e+00   1.034004e+04   3.565531e+02
  1.344250e+00   1.055002e+04   3.574739e+02
  1.346900e+00   1.044582e+04   3.570307e+02
  1.349540e+00   1.024737e+04   3.506579e+02
  1.352180e+00   1.065741e+04   3.617362e+02
  1.354830e+00   1.031629e+04   3.530160e+02
  1.357470e+00   9.818909e+03   3.452145e+02
  1.360110e+00   1.009957e+04   3.503503e+02
  1.362760e+00   1.039317e+04   3.556469e+02
  1.365400e+00   1.008272e+04   3.512481e+02
  1.368040e+00   1.070156e+04   3.569168e+02
  1.370690e+00   1.025932e+04   3.525145e+02
  1.373330e+00   1.061720e+04   3.593379e+02
  1.375970e+00   1.014248e+04   3.493256e+02
  1.378620e+00   1.015557e+04   3.506094e+02
  1.381260e+00   1.038332e+04   3.512209e+02
  1.383900e+00   1.035579e+04   3.533351e+02
  1.386550e+00   9.950155e+03   3.449595e+02
  1.389190e+00   1.060360e+04   3.556332e+02
  1.391830e+00   9.967508e+03   3.441166e+02
  1.394480e+00   9.962217e+03   3.441391e+02
  1.397120e+00   1.031426e+04   3.519180e+02
  1.399760e+00   1.054139e+04   3.529517e+02
  1.402410e+00   9.631770e+03   3.359466e+02
  1.405050e+00   1.026621e+04   3.494660e+02
  1.407690e+00   1.011595e+04   3.457560e+02
  1.410340e+00   1.028989e+04   3.490605e+02
  1.412980e+00   9.570876e+03   3.342295e+02
  1.415620e+00   1.003396e+04   3.425539e+02
  1.418270e+00   1.071388e+04   3.559449e+02
  1.420910e+00   1.072622e+04   3.544042e+02
  1.423550e+00   9.274196e+03   3.295442e+02
  1.426200e+00   1.095015e+04   3.571544e+02
  1.428840e+00   1.050748e+04   3.498608e+02
  1.431480e+00   1.022629e+04   3.449241e+02
  1.434130e+00   9.951332e+03   3.379649e+02
  1.436770e+00   1.036410e+04   3.470159e+02
  1.439410e+00   9.828756e+03   3.389226e+02
  1.442060e+00   1.054872e+04   3.493031e+02
  1.444700e+00   1.030924e+04   3.457609e+02
  1.447340e+00   1.021085e+04   3.409303e+02
  1.449990e+00   9.851366e+03   3.369096e+02
  1.452630e+00   9.673217e+03   3.339565e+02
  1.455270e+00   1.047262e+04   3.465932e+02
  1.457920e+00   1.013467e+04   3.393337e+02
  1.460560e+00   1.054838e+04   3.460810e+02
  1.463200e+00   1.014795e+04   3.415056e+02
  1.465850e+00   9.624201e+03   3.308868e+02
  1.468490e+00   1.130955e+04   3.592597e+02
  1.471140e+00   1.001063e+04   3.355572e+02
  1.473780e+00   1.037246e+04   3.446018e+02
  1.476420e+00   9.939093e+03   3.356193e+02
  1.479070e+00   1.027419e+04   3.405861e+02
  1.481710e+00   1.035890e+04   3.405987e+02
  1.484350e+00   1.009013e+04   3.361510e+02
  1.487000e+00   1.034090e+04   3.429859e+02
  1.489640e+00   9.880705e+03   3.312020e+02
  1.492280e+00   1.065386e+04   3.463868e+02
  1.494930e+00   1.006456e+04   3.343725e+02
  1.497570e+00   9.503170e+03   3.265328e+02
  1.500210e+00   1.058288e+04   3.442611e+02
  1.502860e+00   1.004330e+04   3.332985e+02
  1.505500e+00   1.040253e+04   3.418483e+02
  1.508140e+00   9.997903e+03   3.332634e+02
  1.510790e+00   1.034194e+04   3.382176e+02
  1.513430e+00   1.116313e+04   3.516057e+02
  1.516070e+00   1.047012e+04   3.391604e+02
  1.518720e+00   9.838416e+03   3.309017e+02
  1.521360e+00   1.035689e+04   3.369096e+02
  1.524000e+00   1.020794e+04   3.350921e+02
  1.526650e+00   9.936453e+03   3.312151e+02
  1.529290e+00   1.057027e+04   3.397412e+02
  1.531930e+00   1.004629e+04   3.346904e+02
  1.534580e+00   9.914306e+03   3.279361e+02
  1.537220e+00   1.064710e+04   3.404567e+02
  1.539860e+00   1.020196e+04   3.341764e+02
  1.542510e+00   1.080615e+04   3.436155e+02
  1.545150e+00   9.975706e+03   3.319707e+02
  1.547790e+00   9.620156e+03   3.297747e+02
  1.550440e+00   9.880763e+03   3.397076e+02
  1.553080e+00   1.021443e+04   3.455081e+02
  1.555720e+00   9.947771e+03   3.434352e+02
  1.558370e+00   1.014093e+04   3.490651e+02
  1.561010e+00   1.015866e+04   3.484391e+02
  1.563650e+00   9.792318e+03   3.481747e+02
  1.566300e+00   1.025070e+04   3.520104e+02
  1.568940e+00   1.053807e+04   3.608166e+02
  1.571580e+00   9.805775e+03   3.473384e+02
  1.574230e+00   1.030782e+04   3.608460e+02
  1.576870e+00   1.003585e+04   3.570595e+02
  1.579510e+00   9.905827e+03   3.517662e+02
  1.582160e+00   1.049003e+04   3.654374e+02
  1.584800e+00   1.020131e+04   3.591031e+02
  1.587440e+00   1.046534e+04   3.690841e+02
  1.590090e+00   1.000956e+04   3.597863e+02
  1.592730e+00   1.018620e+04   3.603619e+02
  1.595370e+00   1.043986e+04   3.711988e+02
  1.598020e+00   1.007229e+04   3.627446e+02
  1.600660e+00   1.038378e+04   3.680434e+02
  1.603300e+00   1.033516e+04   3.574489e+02
  1.605950e+00   9.883892e+03   3.483614e+02
  1.608590e+00   1.056209e+04   3.597461e+02
  1.611230e+00   1.016431e+04   3.476122e+02
  1.613880e+00   9.785938e+03   3.427865e+02
  1.616520e+00   1.015243e+04   3.447947e+02
  1.619160e+00   1.002553e+04   3.448887e+02
  1.621810e+00   1.058316e+04   3.543505e+02
  1.624450e+00   1.087651e+04   3.534392e+02
  1.627100e+00   1.049295e+04   3.499594e+02
  1.629740e+00   1.074331e+04   3.511559e+02
  1.632380e+00   1.062824e+04   3.523228e+02
  1.635030e+00   1.047931e+04   3.468147e+02
  1.637670e+00   1.002607e+04   3.374041e+02
  1.640310e+00   9.588695e+03   3.330291e+02
  1.642960e+00   9.685325e+03   3.302668e+02
  1.645600e+00   9.725643e+03   3.324156e+02
  1.648240e+00   1.035588e+04   3.408678e+02
  1.650890e+00   1.074848e+04   3.478125e+02
  1.653530e+00   1.035189e+04   3.424099e+02
  1.656170e+00   1.060528e+04   3.446252e+02
  1.658820e+00   1.021930e+04   3.398887e+02
  1.661460e+00   9.638086e+03   3.275155e+02
  1.664100e+00   1.041032e+04   3.435917e+02
  1.666750e+00   1.006823e+04   3.367321e+02
  1.669390e+00   9.858092e+03   3.297039e+02
  1.672030e+00   9.820469e+03   3.325630e+02
  1.674680e+00   9.986713e+03   3.312384e+02
  1.677320e+00   1.015050e+04   3.377875e+02
  1.679960e+00   1.031020e+04   3.371795e+02
  1.682610e+00   9.880691e+03   3.291736e+02
  1.685250e+00   1.044121e+04   3.410996e+02
  1.687890e+00   1.054440e+04   3.406740e+02
  1.690540e+00   9.796943e+03   3.285789e+02
  1.693180e+00   1.028922e+04   3.334755e+02
  1.695820e+00   1.035857e+04   3.371427e+02
  1.698470e+00   9.770661e+03   3.295562e+02
  1.701110e+00   9.525617e+03   3.203812e+02
  1.703750e+00   9.789891e+03   3.292697e+02
  1.706400e+00   9.773616e+03   3.234595e+02
  1.709040e+00   1.043113e+04   3.371904e+02
  1.711680e+00   1.103482e+04   3.467053e+02
  1.714330e+00   1.073484e+04   3.392959e+02
  1.716970e+00   1.008920e+04   3.310159e+02
  1.719610e+00   1.017320e+04   3.319898e+02
  1.722260e+00   1.015952e+04   3.313671e+02
  1.724900e+00   1.010747e+04   3.284485e+02
  1.727540e+00   1.025382e+04   3.311132e+02
  1.730190e+00   1.012435e+04   3.303956e+02
  1.732830e+00   1.020790e+04   3.306662e+02
  1.735470e+00   1.100536e+04   3.437498e+02
  1.738120e+00   1.050319e+04   3.343202e+02
  1.740760e+00   9.824127e+03   3.237160e+02
  1.743400e+00   1.053255e+04   3.350850e+02
  1.746050e+00   1.013073e+04   3.283390e+02
  1.748690e+00   1.013265e+04   3.278847e+02
  1.751330e+00   9.860127e+03   3.221163e+02
  1.753980e+00   9.872657e+03   3.246110e+02
  1.756620e+00   1.008573e+04   3.256851e+02
  1.759260e+00   1.023136e+04   3.285093e+02
  1.761910e+00   9.670712e+03   3.190073e+02
  1.764550e+00   1.027355e+04   3.291859e+02
  1.767190e+00   1.056766e+04   3.348491e+02
  1.769840e+00   1.005092e+04   3.230487e+02
  1.772480e+00   1.026601e+04   3.281032e+02
  1.775120e+00   1.035168e+04   3.271852e+02
  1.777770e+00   1.028680e+04   3.271013e+02
  1.780410e+00   9.756977e+03   3.197720e+02
  1.783060e+00   9.736323e+03   3.162211e+02
  1.785700e+00   1.011392e+04   3.249058e+02
  1.788340e+00   1.076529e+04   3.341390e+02
  1.790990e+00   9.658908e+03   3.148714e+02
  1.793630e+00   9.938916e+03   3.216158e+02
  1.796270e+00   1.032128e+04   3.242865e+02
  1.798920e+00   9.807450e+03   3.202246e+02
  1.801560e+00   1.078800e+04   3.327666e+02
  1.804200e+00   1.023813e+04   3.240825e+02
  1.806850e+00   1.000570e+04   3.209328e+02
  1.809490e+00   1.039634e+04   3.264836e+02
  1.812130e+00   1.058320e+04   3.345031e+02
  1.814780e+00   1.011434e+04   3.212925e+02
  1.817420e+00   9.956341e+03   3.213395e+02
  1.820060e+00   9.979389e+03   3.220834e+02
  1.822710e+00   9.982848e+03   3.218599e+02
  1.825350e+00   1.009563e+04   3.249899e+02
  1.827990e+00   1.004355e+04   3.218161e+02
  1.830640e+00   9.820000e+03   3.218375e+02
  1.833280e+00   1.037076e+04   3.272983e+02
  1.835920e+00   9.650615e+03   3.176539e+02
  1.838570e+00   9.716438e+03   3.182725e+02
  1.841210e+00   9.768935e+03   3.171130e+02
  1.843850e+00   9.643799e+03   3.196888e+02
  1.846500e+00   9.416036e+03   3.121386e+02
  1.849140e+00   1.016294e+04   3.259766e+02
  1.851780e+00   9.775013e+03   3.205353e+02
  1.854430e+00   1.009502e+04   3.241317e+02
  1.857070e+00   1.003343e+04   3.256988e+02
  1.859710e+00   1.044068e+04   3.275532e+02
  1.862360e+00   1.004242e+04   3.247950e+02
  1.865000e+00   1.049576e+04   3.310785e+02
  1.867640e+00   1.012835e+04   3.257058e+02
  1.870290e+00   1.018212e+04   3.267599e+02
  1.872930e+00   1.000908e+04   3.207115e+02
  1.875570e+00   9.832546e+03   3.224219e+02
  1.878220e+00   1.024063e+04   3.271249e+02
  1.880860e+00   1.010088e+04   3.243196e+02
  1.883500e+00   1.020715e+04   3.284098e+02
  1.886150e+00   9.945213e+03   3.193215e+02
  1.888790e+00   1.026300e+04   3.296951e+02
  1.891430e+00   1.007121e+04   3.225367e+02
  1.894080e+00   1.015934e+04   3.268716e+02
  1.896720e+00   1.038020e+04   3.304054e+02
  1.899360e+00   9.606609e+03   3.163768e+02
  1.902010e+00   9.688567e+03   3.197704e+02
  1.904650e+00   9.202263e+03   3.074260e+02
  1.907290e+00   9.875388e+03   3.222711e+02
  1.909940e+00   9.770571e+03   3.185115e+02
  1.912580e+00   9.874837e+03   3.231145e+02
  1.915220e+00   9.975899e+03   3.231511e+02
  1.917870e+00   1.055062e+04   3.300294e+02
  1.920510e+00   1.056395e+04   3.327330e+02
  1.923150e+00   1.036482e+04   3.295822e+02
  1.925800e+00   9.986331e+03   3.224754e+02
  1.928440e+00   1.020762e+04   3.270733e+02
  1.931080e+00   1.013265e+04   3.241722e+02
  1.933730e+00   1.016211e+04   3.272995e+02
  1.936370e+00   9.684346e+03   3.175622e+02
  1.939020e+00   9.824436e+03   3.197582e+02
  1.941660e+00   1.065472e+04   3.332856e+02
  1.944300e+00   1.002119e+04   3.236010e+02
  1.946950e+00   9.896422e+03   3.226141e+02
  1.949590e+00   9.747149e+03   3.175793e+02
  1.952230e+00   1.022407e+04   3.274322e+02
  1.954880e+00   1.017828e+04   3.254656e+02
  1.957520e+00   1.001314e+04   3.238480e+02
  1.960160e+00   9.815963e+03   3.199913e+02
  1.962810e+00   1.005881e+04   3.228026e+02
  1.965450e+00   1.001797e+04   3.246844e+02
  1.968090e+00   9.955217e+03   3.211360e+02
  1.970740e+00   1.029581e+04   3.277192e+02
  1.973380e+00   9.582979e+03   3.152569e+02
  1.976020e+00   9.567760e+03   3.150974e+02
  1.978670e+00   9.314096e+03   3.136219e+02
  1.981310e+00   1.020666e+04   3.255421e+02
  1.983950e+00   9.995653e+03   3.232825e+02
  1.986600e+00   9.600860e+03   3.148246e+02
  1.989240e+00   1.010609e+04   3.251582e+02
  1.991880e+00   9.778990e+03   3.192953e+02
  1.994530e+00   1.021780e+04   3.231153e+02
  1.997170e+00   1.010149e+04   3.267055e+02
  1.999810e+00   9.974837e+03   3.196144e+02
  2.002460e+00   9.915936e+03   3.208721e+02
  2.005100e+00   1.016865e+04   3.240002e+02
  2.007740e+00   1.026159e+04   3.241759e+02
  2.010390e+00   9.630459e+03   3.175068e+02
  2.013030e+00   1.011821e+04   3.219032e+02
  2.015670e+00   1.028355e+04   3.247079e+02
  2.018320e+00   9.453090e+03   3.096463e+02
  2.020960e+00   1.015294e+04   3.230082e+02
  2.023600e+00   9.574030e+03   3.141137e+02
  2.026250e+00   9.691045e+03   3.134308e+02
  2.028890e+00   1.005757e+04   3.225966e+02
  2.031530e+00   9.235450e+03   3.063205e+02
  2.034180e+00   1.024092e+04   3.251495e+02
  2.036820e+00   9.855569e+03   3.174265e+02
  2.039460e+00   9.711319e+03   3.137585e+02
  2.042110e+00   9.837317e+03   3.184949e+02
  2.044750e+00   1.027180e+04   3.236919e+02
  2.047390e+00   1.020384e+04   3.251213e+02
  2.050040e+00   1.024138e+04   3.219351e+02
  2.052680e+00   9.358223e+03   3.086993e+02
  2.055320e+00   1.049646e+04   3.294653e+02
  2.057970e+00   9.849640e+03   3.162529e+02
  2.060610e+00   1.038288e+04   3.259004e+02
  2.063250e+00   9.393163e+03   3.090124e+02
  2.065900e+00   9.887271e+03   3.181177e+02
  2.068540e+00   1.007323e+04   3.221064e+02
  2.071180e+00   1.005439e+04   3.182661e+02
  2.073830e+00   9.404227e+03   3.114051e+02
  2.076470e+00   9.901846e+03   3.164644e+02
  2.079110e+00   1.041538e+04   3.283794e+02
  2.081760e+00   1.014411e+04   3.209455e+02
  2.084400e+00   9.665367e+03   3.117860e+02
  2.087040e+00   9.657251e+03   3.156571e+02
  2.089690e+00   1.016980e+04   3.220807e+02
  2.092330e+00   9.845644e+03   3.182645e+02
  2.094980e+00   9.892758e+03   3.164974e+02
  2.097620e+00   9.579537e+03   3.116224e+02
  2.100260e+00   9.993012e+03   3.195413e+02
  2.102910e+00   1.008443e+04   3.201811e+02
  2.105550e+00   1.044907e+04   3.286262e+02
  2.108190e+00   1.037503e+04   3.315874e+02
  2.110840e+00   1.006275e+04   3.332111e+02
  2.113480e+00   9.757349e+03   3.300472e+02
  2.116120e+00   1.028191e+04   3.373384e+02
  2.118770e+00   9.836283e+03   3.348310e+02
  2.121410e+00   9.668002e+03   3.298680e+02
  2.124050e+00   1.007387e+04   3.449227e+02
  2.126700e+00   9.944778e+03   3.387205e+02
  2.129340e+00   9.750953e+03   3.384605e+02
  2.131980e+00   9.835972e+03   3.428604e+02
  2.134630e+00   1.003494e+04   3.456217e+02
  2.137270e+00   9.972549e+03   3.503996e+02
  2.139910e+00   1.041396e+04   3.518552e+02
  2.142560e+00   8.999994e+03   3.335620e+02
  2.145200e+00   1.001373e+04   3.518466e+02
  2.147840e+00   9.539689e+03   3.440100e+02
  2.150490e+00   9.886460e+03   3.513001e+02
  2.153130e+00   1.006510e+04   3.510607e+02
  2.155770e+00   9.637076e+03   3.502655e+02
  2.158420e+00   1.012734e+04   3.600866e+02
  2.161060e+00   9.601716e+03   3.451265e+02
  2.163700e+00   9.560120e+03   3.394898e+02
  2.166350e+00   9.648911e+03   3.361357e+02
  2.168990e+00   9.432302e+03   3.345293e+02
  2.171630e+00   9.487201e+03   3.321185e+02
  2.174280e+00   9.494182e+03   3.307455e+02
  2.176920e+00   1.007135e+04   3.426342e+02
  2.179560e+00   1.006874e+04   3.376946e+02
  2.182210e+00   1.012537e+04   3.386429e+02
  2.184850e+00   9.571965e+03   3.281227e+02
  2.187490e+00   9.759992e+03   3.318497e+02
  2.190140e+00   9.710908e+03   3.326902e+02
  2.192780e+00   9.993127e+03   3.351587e+02
  2.195420e+00   1.038618e+04   3.389403e+02
  2.198070e+00   9.652701e+03   3.272572e+02
  2.200710e+00   9.785759e+03   3.306301e+02
  2.203350e+00   1.008503e+04   3.378612e+02
  2.206000e+00   9.429140e+03   3.228476e+02
  2.208640e+00   1.028997e+04   3.385151e+02
  2.211280e+00   9.914805e+03   3.329066e+02
  2.213930e+00   1.002993e+04   3.335906e+02
  2.216570e+00   9.930981e+03   3.330744e+02
  2.219210e+00   1.051219e+04   3.396335e+02
  2.221860e+00   1.007838e+04   3.350166e+02
  2.224500e+00   9.912488e+03   3.324542e+02
  2.227140e+00   9.960840e+03   3.329541e+02
  2.229790e+00   1.009788e+04   3.349256e+02
  2.232430e+00   1.001138e+04   3.329736e+02
  2.235070e+00   9.490678e+03   3.259112e+02
  2.237720e+00   9.368050e+03   3.240008e+02
  2.240360e+00   9.377772e+03   3.235639e+02
  2.243010e+00   1.029159e+04   3.387519e+02
  2.245650e+00   9.433031e+03   3.243143e+02
  2.248290e+00   9.847738e+03   3.317787e+02
  2.250940e+00   9.681890e+03   3.307271e+02
  2.253580e+00   9.577271e+03   3.250737e+02
  2.256220e+00   9.895863e+03   3.332111e+02
  2.258870e+00   1.022903e+04   3.398368e+02
  2.261510e+00   1.050997e+04   3.424333e+02
  2.264150e+00   9.949375e+03   3.346337e+02
  2.266800e+00   1.000678e+04   3.348641e+02
  2.269440e+00   9.936923e+03   3.342149e+02
  2.272080e+00   9.837096e+03   3.338928e+02
  2.274730e+00   9.849545e+03   3.310888e+02
  2.277370e+00   9.893101e+03   3.336860e+02
  2.280010e+00   9.831500e+03   3.316083e+02
  2.282660e+00   1.029663e+04   3.402103e+02
  2.285300e+00   1.007402e+04   3.359872e+02
  2.287940e+00   9.838416e+03   3.309017e+02
  2.290590e+00   9.452962e+03   3.277225e+02
  2.293230e+00   1.008133e+04   3.338263e+02
  2.295870e+00   1.070996e+04   3.478432e+02
  2.298520e+00   9.722935e+03   3.292601e+02
  2.301160e+00   9.994395e+03   3.353899e+02
  2.303800e+00   9.923239e+03   3.375954e+02
  2.306450e+00   9.704603e+03   3.273281e+02
  2.309090e+00   1.021264e+04   3.404213e+02
  2.311730e+00   1.000550e+04   3.346341e+02
  2.314380e+00   9.596000e+03   3.289466e+02
  2.317020e+00   1.002105e+04   3.374262e+02
  2.319660e+00   1.021855e+04   3.367126e+02
  2.322310e+00   1.007340e+04   3.393815e+02
  2.324950e+00   1.012231e+04   3.364768e+02
  2.327590e+00   1.001081e+04   3.365097e+02
  2.330240e+00   9.922363e+03   3.363996e+02
  2.332880e+00   1.012576e+04   3.362204e+02
  2.335520e+00   9.682946e+03   3.336963e+02
  2.338170e+00   1.007538e+04   3.362198e+02
  2.340810e+00   9.801007e+03   3.317138e+02
  2.343450e+00   9.736050e+03   3.323833e+02
  2.346100e+00   9.649028e+03   3.290291e+02
  2.348740e+00   9.021317e+03   3.205585e+02
  2.351380e+00   9.755425e+03   3.296053e+02
  2.354030e+00   9.571965e+03   3.281227e+02
  2.356670e+00   1.025316e+04   3.412038e+02
  2.359310e+00   1.043441e+04   3.421579e+02
  2.361960e+00   1.000952e+04   3.362762e+02
  2.364600e+00   1.055655e+04   3.434048e+02
  2.367240e+00   9.493700e+03   3.287399e+02
  2.369890e+00   9.925682e+03   3.340258e+02
  2.372530e+00   9.902333e+03   3.355277e+02
  2.375170e+00   9.106192e+03   3.213505e+02
  2.377820e+00   9.612217e+03   3.275835e+02
  2.380460e+00   9.899553e+03   3.360127e+02
  2.383100e+00   9.270815e+03   3.212147e+02
  2.385750e+00   9.905094e+03   3.350448e+02
  2.388390e+00   1.008522e+04   3.361740e+02
  2.391030e+00   9.550895e+03   3.281726e+02
  2.393680e+00   9.582460e+03   3.280972e+02
  2.396320e+00   1.020115e+04   3.363220e+02
  2.398970e+00   9.873946e+03   3.339912e+02
  2.401610e+00   9.500673e+03   3.239702e+02
  2.404250e+00   9.332996e+03   3.253278e+02
  2.406900e+00   9.748091e+03   3.303014e+02
  2.409540e+00   9.630511e+03   3.268808e+02
  2.412180e+00   9.836283e+03   3.348310e+02
  2.414830e+00   9.917825e+03   3.315163e+02
  2.417470e+00   1.057374e+04   3.461689e+02
  2.420110e+00   9.650044e+03   3.279218e+02
  2.422760e+00   9.882393e+03   3.325690e+02
  2.425400e+00   1.017217e+04   3.396389e+02
  2.428040e+00   9.728974e+03   3.294646e+02
  2.430690e+00   1.022887e+04   3.405842e+02
  2.433330e+00   9.776711e+03   3.297603e+02
  2.435970e+00   9.095139e+03   3.215617e+02
  2.438620e+00   9.906261e+03   3.352761e+02
  2.441260e+00   1.028845e+04   3.390160e+02
  2.443900e+00   9.920317e+03   3.349853e+02
  2.446550e+00   1.027089e+04   3.386213e+02
  2.449190e+00   9.820626e+03   3.337184e+02
  2.451830e+00   1.026936e+04   3.406130e+02
  2.454480e+00   9.396842e+03   3.248024e+02
  2.457120e+00   9.753248e+03   3.339449e+02
  2.459760e+00   9.542790e+03   3.273150e+02
  2.462410e+00   9.242604e+03   3.239531e+02
  2.465050e+00   9.556172e+03   3.281603e+02
  2.467690e+00   9.727080e+03   3.314980e+02
  2.470340e+00   9.992077e+03   3.377939e+02
  2.472980e+00   1.022086e+04   3.401288e+02
  2.475620e+00   9.726143e+03   3.312737e+02
  2.478270e+00   1.017108e+04   3.386600e+02
  2.480910e+00   9.618916e+03   3.309008e+02
  2.483550e+00   9.762693e+03   3.336820e+02
  2.486200e+00   9.355677e+03   3.257229e+02
  2.488840e+00   9.533891e+03   3.295395e+02
  2.491480e+00   9.376363e+03   3.252624e+02
  2.494130e+00   1.028245e+04   3.425580e+02
  2.496770e+00   9.674954e+03   3.316532e+02
  2.499410e+00   9.644434e+03   3.306069e+02
  2.502060e+00   1.018242e+04   3.420852e+02
  2.504700e+00   9.720966e+03   3.312896e+02
  2.507340e+00   9.448759e+03   3.281690e+02
  2.509990e+00   9.455345e+03   3.266295e+02
  2.512630e+00   1.006335e+04   3.394282e+02
  2.515270e+00   9.661776e+03   3.323752e+02
  2.517920e+00   9.920836e+03   3.371237e+02
  2.520560e+00   1.038818e+04   3.439871e+02
  2.523200e+00   1.011547e+04   3.386910e+02
  2.525850e+00   9.792715e+03   3.356899e+02
  2.528490e+00   9.519193e+03   3.300186e+02
  2.531130e+00   9.765905e+03   3.332084e+02
  2.533780e+00   1.040318e+04   3.446727e+02
  2.536420e+00   9.787551e+03   3.345316e+02
  2.539060e+00   9.872650e+03   3.380331e+02
  2.541710e+00   1.040672e+04   3.430993e+02
  2.544350e+00   9.976846e+03   3.378586e+02
  2.546990e+00   9.819871e+03   3.358325e+02
  2.549640e+00   9.805277e+03   3.361206e+02
  2.552280e+00   9.597090e+03   3.323201e+02
  2.554930e+00   1.010484e+04   3.377674e+02
  2.557570e+00   8.975711e+03   3.209708e+02
  2.560210e+00   1.002767e+04   3.386102e+02
  2.562860e+00   9.752614e+03   3.362970e+02
  2.565500e+00   1.014443e+04   3.417746e+02
  2.568140e+00   1.035883e+04   3.433920e+02
  2.570790e+00   9.990993e+03   3.404921e+02
  2.573430e+00   9.986963e+03   3.368519e+02
  2.576070e+00   9.619288e+03   3.324912e+02
  2.578720e+00   9.524031e+03   3.315842e+02
  2.581360e+00   1.033671e+04   3.445569e+02
  2.584000e+00   9.940634e+03   3.399625e+02
  2.586650e+00   1.000610e+04   3.384615e+02
  2.589290e+00   9.364979e+03   3.274388e+02
  2.591930e+00   9.199390e+03   3.248418e+02
  2.594580e+00   9.949753e+03   3.396790e+02
  2.597220e+00   9.482361e+03   3.323566e+02
  2.599860e+00   9.998325e+03   3.370435e+02
  2.602510e+00   9.596459e+03   3.337016e+02
  2.605150e+00   9.660816e+03   3.335284e+02
  2.607790e+00   9.620924e+03   3.329458e+02
  2.610440e+00   1.019672e+04   3.435363e+02
  2.613080e+00   9.909380e+03   3.369290e+02
  2.615720e+00   9.380104e+03   3.316368e+02
  2.618370e+00   9.838744e+03   3.364779e+02
  2.621010e+00   9.464447e+03   3.299099e+02
  2.623650e+00   9.358334e+03   3.294290e+02
  2.626300e+00   9.656356e+03   3.337725e+02
  2.628940e+00   1.004327e+04   3.432718e+02
  2.631580e+00   9.934724e+03   3.377907e+02
  2.634230e+00   9.974258e+03   3.393311e+02
  2.636870e+00   9.670549e+03   3.346631e+02
  2.639510e+00   1.000246e+04   3.397014e+02
  2.642160e+00   9.881934e+03   3.399489e+02
  2.644800e+00   1.022363e+04   3.421206e+02
  2.647440e+00   9.739204e+03   3.382566e+02
  2.650090e+00   8.969861e+03   3.224150e+02
  2.652730e+00   9.981974e+03   3.407790e+02
  2.655370e+00   9.361434e+03   3.283198e+02
  2.658020e+00   9.589478e+03   3.332574e+02
  2.660660e+00   9.848745e+03   3.386068e+02
  2.663300e+00   9.311097e+03   3.281731e+02
  2.665950e+00   9.447942e+03   3.340352e+02
  2.668590e+00   9.612910e+03   3.433182e+02
  2.671230e+00   1.007490e+04   3.568712e+02
  2.673880e+00   9.059099e+03   3.424018e+02
  2.676520e+00   9.727759e+03   3.537952e+02
  2.679160e+00   9.481530e+03   3.555852e+02
  2.681810e+00   9.888936e+03   3.632792e+02
  2.684450e+00   9.899312e+03   3.668929e+02
  2.687090e+00   1.005100e+04   3.712420e+02
  2.689740e+00   1.005100e+04   3.712420e+02
  2.692380e+00   9.813460e+03   3.735921e+02
  2.695020e+00   9.059303e+03   3.581004e+02
  2.697670e+00   1.003682e+04   3.796275e+02
  2.700310e+00   9.687856e+03   3.737172e+02
  2.702950e+00   1.061576e+04   3.918347e+02
  2.705600e+00   1.005209e+04   3.866187e+02
  2.708240e+00   9.759255e+03   3.784477e+02
  2.710890e+00   9.914684e+03   3.847644e+02
  2.713530e+00   9.636426e+03   3.809132e+02
  2.716170e+00   9.196758e+03   3.760834e+02
  2.718820e+00   9.969020e+03   3.937526e+02
  2.721460e+00   1.006761e+04   3.883666e+02
  2.724100e+00   9.945804e+03   3.783562e+02
  2.726750e+00   1.018369e+04   3.795238e+02
  2.729390e+00   9.552036e+03   3.668437e+02
  2.732030e+00   1.071759e+04   3.827711e+02
  2.734680e+00   9.600157e+03   3.613067e+02
  2.737320e+00   9.245411e+03   3.537658e+02
  2.739960e+00   9.562406e+03   3.573639e+02
  2.742610e+00   1.036167e+04   3.717229e+02
  2.745250e+00   9.555011e+03   3.529224e+02
  2.747890e+00   1.013394e+04   3.663933e+02
  2.750540e+00   1.045523e+04   3.717451e+02
  2.753180e+00   9.595566e+03   3.503805e+02
  2.755820e+00   9.663253e+03   3.559505e+02
  2.758470e+00   9.576799e+03   3.501624e+02
  2.761110e+00   9.725552e+03   3.563167e+02
  2.763750e+00   9.130385e+03   3.438702e+02
  2.766400e+00   9.750562e+03   3.520724e+02
  2.769040e+00   9.660504e+03   3.518148e+02
  2.771680e+00   9.695668e+03   3.500903e+02
  2.774330e+00   1.001802e+04   3.591634e+02
  2.776970e+00   9.735714e+03   3.513073e+02
  2.779610e+00   9.959752e+03   3.545766e+02
  2.782260e+00   9.477200e+03   3.493342e+02
  2.784900e+00   9.488417e+03   3.446348e+02
  2.787540e+00   9.153557e+03   3.416077e+02
  2.790190e+00   9.742378e+03   3.486097e+02
  2.792830e+00   1.011762e+04   3.583845e+02
  2.795470e+00   9.197411e+03   3.418191e+02
  2.798120e+00   9.842172e+03   3.503906e+02
  2.800760e+00   9.491259e+03   3.456513e+02
  2.803400e+00   9.753780e+03   3.485716e+02
  2.806050e+00   9.497191e+03   3.456382e+02
  2.808690e+00   9.867818e+03   3.497555e+02
  2.811330e+00   9.741751e+03   3.470355e+02
  2.813980e+00   9.657877e+03   3.478199e+02
  2.816620e+00   9.429601e+03   3.402614e+02
  2.819260e+00   9.572666e+03   3.470089e+02
  2.821910e+00   9.916505e+03   3.492940e+02
  2.824550e+00   9.866080e+03   3.481664e+02
  2.827190e+00   9.922244e+03   3.527944e+02
  2.829840e+00   9.483138e+03   3.406444e+02
  2.832480e+00   9.541235e+03   3.445140e+02
  2.835120e+00   9.323600e+03   3.375370e+02
  2.837770e+00   9.421535e+03   3.417550e+02
  2.840410e+00   9.739221e+03   3.478293e+02
  2.843050e+00   9.571203e+03   3.429239e+02
  2.845700e+00   9.843024e+03   3.493159e+02
  2.848340e+00   9.558351e+03   3.407184e+02
  2.850980e+00   9.603434e+03   3.456351e+02
  2.853630e+00   9.252124e+03   3.373902e+02
  2.856270e+00   9.782382e+03   3.458594e+02
  2.858910e+00   1.004067e+04   3.547697e+02
  2.861560e+00   9.258086e+03   3.373834e+02
  2.864200e+00   9.971038e+03   3.534141e+02
  2.866850e+00   9.258465e+03   3.376215e+02
  2.869490e+00   9.276730e+03   3.378386e+02
  2.872130e+00   9.248718e+03   3.390744e+02
  2.874780e+00   9.558696e+03   3.444715e+02
  2.877420e+00   9.476978e+03   3.426409e+02
  2.880060e+00   9.790148e+03   3.463505e+02
  2.882710e+00   9.920726e+03   3.490099e+02
  2.885350e+00   9.842172e+03   3.503906e+02
  2.887990e+00   9.604048e+03   3.441007e+02
  2.890640e+00   1.076778e+04   3.661155e+02
  2.893280e+00   9.049258e+03   3.340142e+02
  2.895920e+00   9.683703e+03   3.454062e+02
  2.898570e+00   9.104821e+03   3.351531e+02
  2.901210e+00   9.288193e+03   3.375851e+02
  2.903850e+00   9.466597e+03   3.431639e+02
  2.906500e+00   9.612910e+03   3.433182e+02
  2.909140e+00   9.603678e+03   3.474489e+02
  2.911780e+00   9.655514e+03   3.424458e+02
  2.914430e+00   9.835059e+03   3.488136e+02
  2.917070e+00   9.202004e+03   3.357859e+02
  2.919710e+00   9.618125e+03   3.448265e+02
  2.922360e+00   8.832996e+03   3.305666e+02
  2.925000e+00   8.944890e+03   3.301619e+02
  2.927640e+00   9.940874e+03   3.508058e+02
  2.930290e+00   8.981450e+03   3.324184e+02
  2.932930e+00   9.092028e+03   3.342296e+02
  2.935570e+00   9.234884e+03   3.378867e+02
  2.938220e+00   9.243282e+03   3.355099e+02
  2.940860e+00   9.751288e+03   3.493762e+02
  2.943500e+00   8.993669e+03   3.315111e+02
  2.946150e+00   9.730420e+03   3.470726e+02
  2.948790e+00   8.957010e+03   3.308347e+02
  2.951430e+00   9.726313e+03   3.460467e+02
  2.954080e+00   9.780911e+03   3.495412e+02
  2.956720e+00   9.721812e+03   3.435034e+02
  2.959360e+00   9.549740e+03   3.434803e+02
  2.962010e+00   9.605501e+03   3.428350e+02
  2.964650e+00   9.666632e+03   3.454573e+02
  2.967290e+00   9.190894e+03   3.365025e+02
  2.969940e+00   9.488221e+03   3.403880e+02
  2.972580e+00   9.777743e+03   3.474370e+02
  2.975220e+00   9.731453e+03   3.473305e+02
  2.977870e+00   9.755501e+03   3.462098e+02
  2.980510e+00   9.863666e+03   3.476485e+02
  2.983150e+00   9.304611e+03   3.368495e+02
  2.985800e+00   9.678978e+03   3.456778e+02
  2.988440e+00   9.325002e+03   3.382534e+02
  2.991080e+00   9.716015e+03   3.463385e+02
  2.993730e+00   9.860538e+03   3.481877e+02
  2.996370e+00   9.963129e+03   3.485658e+02
  2.999010e+00   1.016908e+04   3.546874e+02
  3.001660e+00   9.246153e+03   3.373969e+02
  3.004300e+00   9.428990e+03   3.400181e+02
  3.006940e+00   1.008097e+04   3.529044e+02
  3.009590e+00   9.571294e+03   3.411798e+02
  3.012230e+00   9.444411e+03   3.414634e+02
  3.014870e+00   9.091727e+03   3.337678e+02
  3.017520e+00   9.795702e+03   3.476365e+02
  3.020160e+00   9.325002e+03   3.382534e+02
  3.022810e+00   9.202004e+03   3.357859e+02
  3.025450e+00   9.885127e+03   3.486216e+02
  3.028090e+00   9.905567e+03   3.459174e+02
  3.030740e+00   9.556556e+03   3.419605e+02
  3.033380e+00   9.667659e+03   3.426611e+02
  3.036020e+00   8.969230e+03   3.310603e+02
  3.038670e+00   9.388868e+03   3.379128e+02
  3.041310e+00   9.394669e+03   3.379028e+02
  3.043950e+00   9.537066e+03   3.412631e+02
  3.046600e+00   9.136097e+03   3.296705e+02
  3.049240e+00   9.764822e+03   3.443787e+02
  3.051880e+00   9.260226e+03   3.350232e+02
  3.054530e+00   9.084825e+03   3.323963e+02
  3.057170e+00   9.609185e+03   3.405885e+02
  3.059810e+00   9.619998e+03   3.388500e+02
  3.062460e+00   9.560120e+03   3.394898e+02
  3.065100e+00   9.307389e+03   3.351974e+02
  3.067740e+00   9.699242e+03   3.420659e+02
  3.070390e+00   9.490738e+03   3.372387e+02
  3.073030e+00   8.896947e+03   3.277232e+02
  3.075670e+00   9.730911e+03   3.429696e+02
  3.078320e+00   9.379286e+03   3.362637e+02
  3.080960e+00   9.113530e+03   3.308002e+02
  3.083600e+00   9.347427e+03   3.349063e+02
  3.086250e+00   9.514042e+03   3.393547e+02
  3.088890e+00   8.811988e+03   3.265940e+02
  3.091530e+00   9.340229e+03   3.342197e+02
  3.094180e+00   9.939230e+03   3.460396e+02
  3.096820e+00   9.433233e+03   3.371162e+02
  3.099460e+00   9.568117e+03   3.402031e+02
  3.102110e+00   9.308268e+03   3.356647e+02
  3.104750e+00   9.240125e+03   3.334243e+02
  3.107390e+00   9.482768e+03   3.384545e+02
  3.110040e+00   9.728899e+03   3.424735e+02
  3.112680e+00   9.322517e+03   3.340138e+02
  3.115320e+00   9.438337e+03   3.368687e+02
  3.117970e+00   9.156374e+03   3.323553e+02
  3.120610e+00   9.399332e+03   3.374164e+02
  3.123250e+00   9.102331e+03   3.317074e+02
  3.125900e+00   9.244906e+03   3.327314e+02
  3.128540e+00   9.041809e+03   3.303805e+02
  3.131180e+00   9.391892e+03   3.367157e+02
  3.133830e+00   9.120556e+03   3.321511e+02
  3.136470e+00   9.445903e+03   3.375691e+02
  3.139110e+00   9.751976e+03   3.426495e+02
  3.141760e+00   9.356685e+03   3.365366e+02
  3.144400e+00   9.685287e+03   3.413615e+02
  3.147040e+00   9.987420e+03   3.468774e+02
  3.149690e+00   9.329661e+03   3.346997e+02
  3.152330e+00   9.597114e+03   3.403745e+02
  3.154970e+00   9.268027e+03   3.361867e+02
  3.157620e+00   9.281231e+03   3.336070e+02
  3.160260e+00   9.431422e+03   3.364077e+02
  3.162900e+00   9.748527e+03   3.431644e+02
  3.165550e+00   9.090536e+03   3.319394e+02
  3.168190e+00   9.539003e+03   3.400287e+02
  3.170830e+00   9.232595e+03   3.322884e+02
  3.173480e+00   9.616502e+03   3.410622e+02
  3.176120e+00   9.313202e+03   3.351895e+02
  3.178770e+00   9.601899e+03   3.401167e+02
  3.181410e+00   9.174340e+03   3.325696e+02
  3.184050e+00   9.611411e+03   3.396025e+02
  3.186700e+00   9.935125e+03   3.463167e+02
  3.189340e+00   9.596287e+03   3.401314e+02
  3.191980e+00   9.419281e+03   3.338575e+02
  3.194630e+00   1.025076e+04   3.511854e+02
  3.197270e+00   9.527940e+03   3.364433e+02
  3.199910e+00   9.316757e+03   3.340219e+02
  3.202560e+00   9.082901e+03   3.292549e+02
  3.205200e+00   9.616622e+03   3.378936e+02
  3.207840e+00   9.558022e+03   3.370854e+02
  3.210490e+00   9.510470e+03   3.362459e+02
  3.213130e+00   9.146897e+03   3.287784e+02
  3.215770e+00   9.482055e+03   3.341985e+02
  3.218420e+00   9.601471e+03   3.367383e+02
  3.221060e+00   9.218740e+03   3.307205e+02
  3.223700e+00   9.281027e+03   3.302041e+02
  3.226350e+00   9.679675e+03   3.398994e+02
  3.228990e+00   9.494857e+03   3.469345e+02
  3.231630e+00   8.863960e+03   3.401676e+02
  3.234280e+00   1.008820e+04   3.678788e+02
  3.236920e+00   9.821151e+03   3.632484e+02
  3.239560e+00   9.521167e+03   3.629911e+02
  3.242210e+00   9.570857e+03   3.664871e+02
  3.244850e+00   9.281785e+03   3.643419e+02
  3.247490e+00   9.775629e+03   3.757080e+02
  3.250140e+00   9.207628e+03   3.665499e+02
  3.252780e+00   9.518546e+03   3.768429e+02
  3.255420e+00   9.297910e+03   3.743198e+02
  3.258070e+00   9.804812e+03   3.848725e+02
  3.260710e+00   9.480419e+03   3.786115e+02
  3.263350e+00   9.917017e+03   3.932353e+02
  3.266000e+00   9.540330e+03   3.875494e+02
  3.268640e+00   9.633201e+03   3.913220e+02
  3.271280e+00   9.808061e+03   3.948577e+02
  3.273930e+00   9.102060e+03   3.825881e+02
  3.276570e+00   9.269053e+03   3.902976e+02
  3.279210e+00   9.073182e+03   3.890095e+02
  3.281860e+00   9.391525e+03   3.886241e+02
  3.284500e+00   1.002401e+04   3.934767e+02
  3.287140e+00   9.491248e+03   3.772432e+02
  3.289790e+00   9.590110e+03   3.773178e+02
  3.292430e+00   1.008875e+04   3.821387e+02
  3.295070e+00   9.615774e+03   3.723242e+02
  3.297720e+00   9.525780e+03   3.693939e+02
  3.300360e+00   9.009962e+03   3.583971e+02
  3.303000e+00   9.717634e+03   3.691424e+02
  3.305650e+00   8.891149e+03   3.514535e+02
  3.308290e+00   8.960579e+03   3.530963e+02
  3.310930e+00   9.610012e+03   3.663783e+02
  3.313580e+00   8.652433e+03   3.480519e+02
  3.316220e+00   1.001324e+04   3.723965e+02
  3.318860e+00   9.259083e+03   3.585131e+02
  3.321510e+00   9.302460e+03   3.564710e+02
  3.324150e+00   9.559123e+03   3.625982e+02
  3.326800e+00   9.306570e+03   3.550678e+02
  3.329440e+00   9.248632e+03   3.559800e+02
  3.332080e+00   9.549203e+03   3.614427e+02
  3.334730e+00   9.131368e+03   3.527755e+02
  3.337370e+00   8.900536e+03   3.464529e+02
  3.340010e+00   9.228156e+03   3.508019e+02
  3.342660e+00   9.156238e+03   3.508678e+02
  3.345300e+00   9.384808e+03   3.552202e+02
  3.347940e+00   9.421194e+03   3.543205e+02
  3.350590e+00   9.312624e+03   3.512323e+02
  3.353230e+00   9.147404e+03   3.484883e+02
  3.355870e+00   9.750909e+03   3.596677e+02
  3.358520e+00   1.020980e+04   3.672208e+02
  3.361160e+00   9.506681e+03   3.533130e+02
  3.363800e+00   9.366749e+03   3.527722e+02
  3.366450e+00   8.670833e+03   3.385392e+02
  3.369090e+00   9.655058e+03   3.571052e+02
  3.371730e+00   9.085282e+03   3.433914e+02
  3.374380e+00   9.595901e+03   3.541912e+02
  3.377020e+00   9.542378e+03   3.548849e+02
  3.379660e+00   9.763021e+03   3.596255e+02
  3.382310e+00   9.393563e+03   3.505647e+02
  3.384950e+00   9.910117e+03   3.587703e+02
  3.387590e+00   9.053093e+03   3.434034e+02
  3.390240e+00   9.611727e+03   3.552596e+02
  3.392880e+00   9.248871e+03   3.473487e+02
  3.395520e+00   9.001046e+03   3.429125e+02
  3.398170e+00   9.579337e+03   3.547903e+02
  3.400810e+00   9.132564e+03   3.464179e+02
  3.403450e+00   9.296588e+03   3.493872e+02
  3.406100e+00   8.903800e+03   3.394542e+02
  3.408740e+00   9.578464e+03   3.545148e+02
  3.411380e+00   9.092655e+03   3.449041e+02
  3.414030e+00   9.308286e+03   3.488428e+02
  3.416670e+00   9.432812e+03   3.512963e+02
  3.419310e+00   9.931661e+03   3.595503e+02
  3.421960e+00   9.461074e+03   3.525934e+02
  3.424600e+00   9.447252e+03   3.520783e+02
  3.427240e+00   9.046345e+03   3.426547e+02
  3.429890e+00   9.396777e+03   3.492285e+02
  3.432530e+00   9.480779e+03   3.506593e+02
  3.435170e+00   9.439020e+03   3.512839e+02
  3.437820e+00   8.981450e+03   3.401967e+02
  3.440460e+00   9.625743e+03   3.521875e+02
  3.443100e+00   9.201140e+03   3.448273e+02
  3.445750e+00   9.257901e+03   3.450216e+02
  3.448390e+00   9.175015e+03   3.440900e+02
  3.451030e+00   9.485739e+03   3.479980e+02
  3.453680e+00   9.735227e+03   3.526701e+02
  3.456320e+00   9.272007e+03   3.460282e+02
  3.458960e+00   9.311743e+03   3.439371e+02
  3.461610e+00   9.285048e+03   3.427174e+02
  3.464250e+00   8.444862e+03   3.284671e+02
  3.466890e+00   9.273220e+03   3.429824e+02
  3.469540e+00   8.312144e+03   3.255287e+02
  3.472180e+00   9.075202e+03   3.368123e+02
  3.474820e+00   9.271581e+03   3.419874e+02
  3.477470e+00   9.278933e+03   3.427252e+02
  3.480110e+00   8.778192e+03   3.339382e+02
  3.482760e+00   9.335150e+03   3.433990e+02
  3.485400e+00   9.481113e+03   3.441426e+02
  3.488040e+00   8.811751e+03   3.328153e+02
  3.490690e+00   9.586154e+03   3.493389e+02
  3.493330e+00   9.369769e+03   3.425927e+02
  3.495970e+00   9.050201e+03   3.363481e+02
  3.498620e+00   9.302891e+03   3.424442e+02
  3.501260e+00   9.038095e+03   3.372987e+02
  3.503900e+00   8.887305e+03   3.340054e+02
  3.506550e+00   8.956397e+03   3.349503e+02
  3.509190e+00   9.486735e+03   3.461759e+02
  3.511830e+00   9.428947e+03   3.447564e+02
  3.514480e+00   9.602808e+03   3.471903e+02
  3.517120e+00   9.194102e+03   3.391296e+02
  3.519760e+00   9.131141e+03   3.374967e+02
  3.522410e+00   8.566921e+03   3.280444e+02
  3.525050e+00   1.011047e+04   3.581314e+02
  3.527690e+00   9.349695e+03   3.416304e+02
  3.530340e+00   9.182433e+03   3.396246e+02
  3.532980e+00   9.038016e+03   3.370611e+02
  3.535620e+00   9.797945e+03   3.508227e+02
  3.538270e+00   9.340204e+03   3.428897e+02
  3.540910e+00   9.266378e+03   3.388124e+02
  3.543550e+00   9.252469e+03   3.415149e+02
  3.546200e+00   9.201122e+03   3.398512e+02
  3.548840e+00   9.463381e+03   3.441798e+02
  3.551480e+00   9.817224e+03   3.499462e+02
  3.554130e+00   8.600191e+03   3.278792e+02
  3.556770e+00   9.158051e+03   3.398872e+02
  3.559410e+00   8.918642e+03   3.347107e+02
  3.562060e+00   9.534632e+03   3.442756e+02
  3.564700e+00   9.570192e+03   3.462374e+02
  3.567340e+00   9.006295e+03   3.344854e+02
  3.569990e+00   9.101539e+03   3.391943e+02
  3.572630e+00   9.149269e+03   3.372465e+02
  3.575270e+00   8.762390e+03   3.311872e+02
  3.577920e+00   8.836892e+03   3.332897e+02
  3.580560e+00   9.465405e+03   3.449385e+02
  3.583200e+00   8.919337e+03   3.328667e+02
  3.585850e+00   9.062140e+03   3.354048e+02
  3.588490e+00   9.183280e+03   3.403550e+02
  3.591130e+00   9.138139e+03   3.384496e+02
  3.593780e+00   9.224866e+03   3.393422e+02
  3.596420e+00   9.218131e+03   3.388653e+02
  3.599060e+00   8.687284e+03   3.297648e+02
  3.601710e+00   8.875786e+03   3.321679e+02
  3.604350e+00   9.362708e+03   3.421059e+02
  3.606990e+00   9.475211e+03   3.441552e+02
  3.609640e+00   9.069257e+03   3.372893e+02
  3.612280e+00   9.444282e+03   3.437126e+02
  3.614920e+00   8.906604e+03   3.333213e+02
  3.617570e+00   9.305330e+03   3.404642e+02
  3.620210e+00   9.181593e+03   3.388988e+02
  3.622850e+00   8.726965e+03   3.291437e+02
  3.625500e+00   8.763302e+03   3.305142e+02
  3.628140e+00   9.710686e+03   3.479214e+02
  3.630780e+00   8.906500e+03   3.335511e+02
  3.633430e+00   9.000096e+03   3.344859e+02
  3.636070e+00   8.944079e+03   3.337901e+02
  3.638720e+00   9.182153e+03   3.393821e+02
  3.641360e+00   9.751288e+03   3.493762e+02
  3.644000e+00   9.388843e+03   3.430608e+02
  3.646650e+00   9.303543e+03   3.394911e+02
  3.649290e+00   9.267959e+03   3.397799e+02
  3.651930e+00   9.616753e+03   3.461145e+02
  3.654580e+00   8.627164e+03   3.274827e+02
  3.657220e+00   8.699014e+03   3.304482e+02
  3.659860e+00   8.718761e+03   3.302466e+02
  3.662510e+00   9.415636e+03   3.417659e+02
  3.665150e+00   8.851998e+03   3.303536e+02
  3.667790e+00   8.950415e+03   3.333309e+02
  3.670440e+00   9.149269e+03   3.372465e+02
  3.673080e+00   8.615240e+03   3.270300e+02
  3.675720e+00   8.729748e+03   3.273911e+02
  3.678370e+00   8.555525e+03   3.249975e+02
  3.681010e+00   9.073285e+03   3.333154e+02
  3.683650e+00   9.498899e+03   3.420945e+02
  3.686300e+00   8.628041e+03   3.242616e+02
  3.688940e+00   9.030663e+03   3.333279e+02
  3.691580e+00   8.213016e+03   3.177711e+02
  3.694230e+00   9.345563e+03   3.367907e+02
  3.696870e+00   9.513326e+03   3.391134e+02
  3.699510e+00   9.297014e+03   3.359148e+02
  3.702160e+00   8.548535e+03   3.228737e+02
  3.704800e+00   8.254874e+03   3.174952e+02
  3.707440e+00   8.615960e+03   3.213211e+02
  3.710090e+00   9.592309e+03   3.406329e+02
  3.712730e+00   9.174859e+03   3.330263e+02
  3.715370e+00   9.436283e+03   3.383072e+02
  3.718020e+00   9.005691e+03   3.303868e+02
  3.720660e+00   9.197870e+03   3.325497e+02
  3.723300e+00   9.078810e+03   3.323988e+02
  3.725950e+00   9.843183e+03   3.456409e+02
  3.728590e+00   8.777598e+03   3.244294e+02
  3.731230e+00   9.119997e+03   3.314719e+02
  3.733880e+00   8.849015e+03   3.264009e+02
  3.736520e+00   9.206138e+03   3.343820e+02
  3.739160e+00   8.926796e+03   3.292698e+02
  3.741810e+00   9.017520e+03   3.292733e+02
  3.744450e+00   9.362995e+03   3.367635e+02
  3.747090e+00   9.108460e+03   3.319307e+02
  3.749740e+00   8.878493e+03   3.279346e+02
  3.752380e+00   9.065726e+03   3.303734e+02
  3.755020e+00   8.933162e+03   3.283896e+02
  3.757670e+00   9.444537e+03   3.392578e+02
  3.760310e+00   8.914920e+03   3.283853e+02
  3.762950e+00   9.980718e+03   3.456040e+02
  3.765600e+00   9.199035e+03   3.334648e+02
  3.768240e+00   9.444537e+03   3.392578e+02
  3.770880e+00   8.560158e+03   3.233127e+02
  3.773530e+00   9.643621e+03   3.407406e+02
  3.776170e+00   9.148880e+03   3.307785e+02
  3.778810e+00   8.999619e+03   3.301640e+02
  3.781460e+00   8.461662e+03   3.198208e+02
  3.784100e+00   9.187224e+03   3.334751e+02
  3.786740e+00   8.907630e+03   3.310494e+02
  3.789390e+00   9.475660e+03   3.533825e+02
  3.792030e+00   8.519469e+03   3.402348e+02
  3.794680e+00   9.367749e+03   3.595012e+02
  3.797320e+00   9.577409e+03   3.664694e+02
  3.799960e+00   8.445460e+03   3.497752e+02
  3.802610e+00   9.329453e+03   3.716943e+02
  3.805250e+00   8.608807e+03   3.618551e+02
  3.807890e+00   9.290116e+03   3.740060e+02
  3.810540e+00   9.012156e+03   3.719715e+02
  3.813180e+00   9.216157e+03   3.797451e+02
  3.815820e+00   9.044477e+03   3.775092e+02
  3.818470e+00   8.579775e+03   3.712832e+02
  3.821110e+00   8.901115e+03   3.781721e+02
  3.823750e+00   9.006238e+03   3.857848e+02
  3.826400e+00   8.429517e+03   3.754805e+02
  3.829040e+00   8.829222e+03   3.864445e+02
  3.831680e+00   8.802332e+03   3.875011e+02
  3.834330e+00   8.720866e+03   3.892313e+02
  3.836970e+00   8.691158e+03   3.910337e+02
  3.839610e+00   9.799562e+03   4.174754e+02
  3.842260e+00   8.422795e+03   3.805031e+02
  3.844900e+00   8.810762e+03   3.784546e+02
  3.847540e+00   8.901544e+03   3.771705e+02
  3.850190e+00   8.413791e+03   3.617371e+02
  3.852830e+00   8.380632e+03   3.593166e+02
  3.855470e+00   8.928305e+03   3.681971e+02
  3.858120e+00   9.897618e+03   3.855564e+02
  3.860760e+00   8.662538e+03   3.584584e+02
  3.863400e+00   8.441102e+03   3.511036e+02
  3.866050e+00   9.083844e+03   3.645221e+02
  3.868690e+00   8.892817e+03   3.624442e+02
  3.871330e+00   9.341885e+03   3.707214e+02
  3.873980e+00   7.997974e+03   3.401084e+02
  3.876620e+00   9.125614e+03   3.627106e+02
  3.879260e+00   8.442993e+03   3.481832e+02
  3.881910e+00   8.391322e+03   3.475331e+02
  3.884550e+00   8.724837e+03   3.526806e+02
  3.887190e+00   8.799014e+03   3.513988e+02
  3.889840e+00   8.378009e+03   3.428891e+02
  3.892480e+00   8.353864e+03   3.413296e+02
  3.895120e+00   8.793611e+03   3.497911e+02
  3.897770e+00   9.140475e+03   3.555233e+02
  3.900410e+00   8.816904e+03   3.477048e+02
  3.903050e+00   8.642135e+03   3.459623e+02
  3.905700e+00   9.117946e+03   3.527839e+02
  3.908340e+00   8.362743e+03   3.372183e+02
  3.910980e+00   9.116306e+03   3.506272e+02
  3.913630e+00   8.682973e+03   3.432246e+02
  3.916270e+00   8.564021e+03   3.395855e+02
  3.918910e+00   9.135494e+03   3.498161e+02
  3.921560e+00   8.974772e+03   3.462093e+02
  3.924200e+00   8.775056e+03   3.418277e+02
  3.926840e+00   8.981450e+03   3.454404e+02
  3.929490e+00   9.246781e+03   3.502468e+02
  3.932130e+00   8.849175e+03   3.421289e+02
  3.934770e+00   8.783038e+03   3.408480e+02
  3.937420e+00   8.536692e+03   3.366543e+02
  3.940060e+00   8.570187e+03   3.371895e+02
  3.942700e+00   9.001160e+03   3.439167e+02
  3.945350e+00   8.395124e+03   3.344697e+02
  3.947990e+00   8.888721e+03   3.431453e+02
  3.950640e+00   8.387138e+03   3.346832e+02
  3.953280e+00   8.935391e+03   3.429088e+02
  3.955920e+00   7.843888e+03   3.221099e+02
  3.958570e+00   8.724460e+03   3.390858e+02
  3.961210e+00   8.240712e+03   3.301571e+02
  3.963850e+00   8.548134e+03   3.350278e+02
  3.966500e+00   9.257196e+03   3.486462e+02
  3.969140e+00   8.730128e+03   3.398198e+02
  3.971780e+00   8.863445e+03   3.409017e+02
  3.974430e+00   8.955417e+03   3.414221e+02
  3.977070e+00   8.882897e+03   3.416499e+02
  3.979710e+00   8.909072e+03   3.424034e+02
  3.982360e+00   9.364482e+03   3.516905e+02
  3.985000e+00   8.379195e+03   3.312168e+02
  3.987640e+00   9.385550e+03   3.497788e+02
  3.990290e+00   8.870568e+03   3.401707e+02
  3.992930e+00   8.569337e+03   3.348317e+02
  3.995570e+00   9.014110e+03   3.431613e+02
  3.998220e+00   9.007333e+03   3.414221e+02
  4.000860e+00   8.798422e+03   3.391542e+02
  4.003500e+00   8.548767e+03   3.347955e+02
  4.006150e+00   9.014110e+03   3.431613e+02
  4.008790e+00   8.670404e+03   3.352172e+02
  4.011430e+00   8.283610e+03   3.271829e+02
  4.014080e+00   9.098940e+03   3.446469e+02
  4.016720e+00   8.400105e+03   3.312678e+02
  4.019360e+00   8.625300e+03   3.342236e+02
  4.022010e+00   8.378363e+03   3.296423e+02
  4.024650e+00   8.630510e+03   3.349288e+02
  4.027290e+00   8.714416e+03   3.369188e+02
  4.029940e+00   8.259841e+03   3.262441e+02
  4.032580e+00   9.052475e+03   3.419073e+02
  4.035220e+00   8.300546e+03   3.281079e+02
  4.037870e+00   8.553144e+03   3.331832e+02
  4.040510e+00   9.072041e+03   3.426462e+02
  4.043150e+00   8.743913e+03   3.350675e+02
  4.045800e+00   9.182479e+03   3.450987e+02
  4.048440e+00   8.400949e+03   3.310438e+02
  4.051080e+00   9.000765e+03   3.404402e+02
  4.053730e+00   9.116268e+03   3.421274e+02
  4.056370e+00   8.871684e+03   3.384758e+02
  4.059010e+00   8.684222e+03   3.350011e+02
  4.061660e+00   8.747828e+03   3.369538e+02
  4.064300e+00   9.220009e+03   3.448088e+02
  4.066940e+00   9.136749e+03   3.438661e+02
  4.069590e+00   9.304523e+03   3.467591e+02
  4.072230e+00   8.808606e+03   3.358250e+02
  4.074870e+00   8.949350e+03   3.389808e+02
  4.077520e+00   8.295500e+03   3.261298e+02
  4.080160e+00   8.316396e+03   3.277119e+02
  4.082800e+00   9.156287e+03   3.443576e+02
  4.085450e+00   8.788439e+03   3.362803e+02
  4.088090e+00   9.109209e+03   3.411425e+02
  4.090730e+00   8.499267e+03   3.305832e+02
  4.093380e+00   8.768068e+03   3.367356e+02
  4.096020e+00   8.376682e+03   3.283080e+02
  4.098660e+00   8.898229e+03   3.375291e+02
  4.101310e+00   8.461437e+03   3.296108e+02
  4.103950e+00   9.524811e+03   3.489621e+02
  4.106600e+00   8.839502e+03   3.377400e+02
  4.109240e+00   8.739739e+03   3.334419e+02
  4.111880e+00   8.621162e+03   3.330646e+02
  4.114530e+00   8.749504e+03   3.357751e+02
  4.117170e+00   8.736618e+03   3.355278e+02
  4.119810e+00   9.267483e+03   3.432401e+02
  4.122460e+00   9.089968e+03   3.406609e+02
  4.125100e+00   8.827482e+03   3.365446e+02
  4.127740e+00   8.541436e+03   3.324750e+02
  4.130390e+00   8.361378e+03   3.269558e+02
  4.133030e+00   8.828791e+03   3.351363e+02
  4.135670e+00   8.101922e+03   3.225324e+02
  4.138320e+00   8.834840e+03   3.356078e+02
  4.140960e+00   9.378632e+03   3.466442e+02
  4.143600e+00   8.484604e+03   3.287717e+02
  4.146250e+00   8.482480e+03   3.294322e+02
  4.148890e+00   8.929980e+03   3.389774e+02
  4.151530e+00   8.744252e+03   3.348347e+02
  4.154180e+00   8.911728e+03   3.361122e+02
  4.156820e+00   8.343563e+03   3.262591e+02
  4.159460e+00   8.604293e+03   3.316711e+02
  4.162110e+00   8.814173e+03   3.367723e+02
  4.164750e+00   8.688438e+03   3.326975e+02
  4.167390e+00   8.689679e+03   3.320156e+02
  4.170040e+00   8.987779e+03   3.373053e+02
  4.172680e+00   9.032481e+03   3.394614e+02
  4.175320e+00   8.596440e+03   3.294163e+02
  4.177970e+00   9.006679e+03   3.370665e+02
  4.180610e+00   9.189734e+03   3.405942e+02
  4.183250e+00   8.605132e+03   3.285455e+02
  4.185900e+00   8.812696e+03   3.319053e+02
  4.188540e+00   8.707017e+03   3.295654e+02
  4.191180e+00   8.868712e+03   3.333066e+02
  4.193830e+00   9.281248e+03   3.404960e+02
  4.196470e+00   8.654852e+03   3.297236e+02
  4.199110e+00   8.764207e+03   3.298453e+02
  4.201760e+00   8.753055e+03   3.287279e+02
  4.204400e+00   8.574324e+03   3.252426e+02
  4.207040e+00   8.702907e+03   3.282364e+02
  4.209690e+00   8.582955e+03   3.244052e+02
  4.212330e+00   8.344774e+03   3.211905e+02
  4.214970e+00   8.975302e+03   3.321908e+02
  4.217620e+00   8.308613e+03   3.202735e+02
  4.220260e+00   9.140305e+03   3.342027e+02
  4.222900e+00   9.024659e+03   3.337891e+02
  4.225550e+00   8.660684e+03   3.268764e+02
  4.228190e+00   8.254556e+03   3.189013e+02
  4.230830e+00   8.427799e+03   3.220096e+02
  4.233480e+00   8.544980e+03   3.241295e+02
  4.236120e+00   9.110370e+03   3.344522e+02
  4.238760e+00   8.332041e+03   3.195192e+02
  4.241410e+00   8.782965e+03   3.300840e+02
  4.244050e+00   8.882617e+03   3.312657e+02
  4.246690e+00   8.575439e+03   3.248179e+02
  4.249340e+00   8.963058e+03   3.315107e+02
  4.251980e+00   8.246270e+03   3.178703e+02
  4.254620e+00   8.459629e+03   3.222862e+02
  4.257270e+00   8.777747e+03   3.291912e+02
  4.259910e+00   8.339035e+03   3.209696e+02
  4.262560e+00   9.208906e+03   3.364861e+02
  4.265200e+00   8.699631e+03   3.264913e+02
  4.267840e+00   8.669636e+03   3.255950e+02
  4.270490e+00   8.969213e+03   3.312855e+02
  4.273130e+00   8.204209e+03   3.181456e+02
  4.275770e+00   8.962906e+03   3.328740e+02
  4.278420e+00   9.234884e+03   3.378867e+02
  4.281060e+00   8.208456e+03   3.173572e+02
  4.283700e+00   9.073536e+03   3.337754e+02
  4.286350e+00   8.141369e+03   3.171427e+02
  4.288990e+00   8.595743e+03   3.244254e+02
  4.291630e+00   8.748325e+03   3.276273e+02
  4.294280e+00   8.290569e+03   3.198156e+02
  4.296920e+00   8.613358e+03   3.250902e+02
  4.299560e+00   8.736390e+03   3.271804e+02
  4.302210e+00   8.729748e+03   3.273911e+02
  4.304850e+00   9.024659e+03   3.337891e+02
  4.307490e+00   8.506795e+03   3.238482e+02
  4.310140e+00   9.079742e+03   3.340037e+02
  4.312780e+00   8.932236e+03   3.315064e+02
  4.315420e+00   8.889615e+03   3.299246e+02
  4.318070e+00   8.674287e+03   3.264611e+02
  4.320710e+00   8.512638e+03   3.240706e+02
  4.323350e+00   8.785134e+03   3.283159e+02
  4.326000e+00   8.597944e+03   3.261386e+02
  4.328640e+00   8.944438e+03   3.321881e+02
  4.331280e+00   9.012229e+03   3.331016e+02
  4.333930e+00   8.488231e+03   3.215147e+02
  4.336570e+00   8.828183e+03   3.290069e+02
  4.339210e+00   8.444415e+03   3.228803e+02
  4.341860e+00   8.715653e+03   3.282505e+02
  4.344500e+00   8.705945e+03   3.264985e+02
  4.347140e+00   8.589853e+03   3.294058e+02
  4.349790e+00   8.452341e+03   3.364824e+02
  4.352430e+00   8.384537e+03   3.411620e+02
  4.355070e+00   9.087781e+03   3.589458e+02
  4.357720e+00   9.083678e+03   3.642223e+02
  4.360360e+00   9.086937e+03   3.700487e+02
  4.363000e+00   9.293253e+03   3.759648e+02
  4.365650e+00   8.317872e+03   3.582761e+02
  4.368290e+00   8.347189e+03   3.615569e+02
  4.370930e+00   8.417627e+03   3.656384e+02
  4.373580e+00   8.562959e+03   3.712514e+02
  4.376220e+00   8.940137e+03   3.843665e+02
  4.378860e+00   8.286797e+03   3.680296e+02
  4.381510e+00   8.922966e+03   3.861345e+02
  4.384150e+00   8.776939e+03   3.867581e+02
  4.386790e+00   8.920706e+03   3.934755e+02
  4.389440e+00   8.680059e+03   3.866405e+02
  4.392080e+00   8.910730e+03   3.969154e+02
  4.394720e+00   8.981450e+03   3.992741e+02
  4.397370e+00   8.486976e+03   3.906447e+02
  4.400010e+00   9.276951e+03   4.076058e+02
  4.402650e+00   8.327416e+03   3.916887e+02
  4.405300e+00   8.581240e+03   3.996682e+02
  4.407940e+00   8.462018e+03   3.997928e+02
  4.410590e+00   8.354837e+03   3.983012e+02
  4.413230e+00   8.309760e+03   3.993416e+02
  4.415870e+00   9.215240e+03   4.237172e+02
  4.418520e+00   8.204783e+03   4.042207e+02
  4.421160e+00   8.402645e+03   4.095199e+02
  4.423800e+00   8.800615e+03   4.205097e+02
  4.426450e+00   9.706914e+03   4.453838e+02
  4.429090e+00   9.294756e+03   4.406137e+02
  4.431730e+00   8.226001e+03   4.154758e+02
  4.434380e+00   9.002288e+03   4.331228e+02
  4.437020e+00   8.650386e+03   4.298411e+02
  4.439660e+00   9.078956e+03   4.435360e+02
  4.442310e+00   8.709943e+03   4.349538e+02
  4.444950e+00   9.865408e+03   4.640297e+02
  4.447590e+00   8.595743e+03   4.352624e+02
  4.450240e+00   8.823087e+03   4.467744e+02
  4.452880e+00   9.397044e+03   4.657942e+02
  4.455520e+00   9.130949e+03   4.582692e+02
  4.458170e+00   9.273434e+03   4.654203e+02
  4.460810e+00   8.651423e+03   4.516006e+02
  4.463450e+00   9.732886e+03   4.818496e+02
  4.466100e+00   9.187502e+03   4.719303e+02
  4.468740e+00   8.800128e+03   4.612521e+02
  4.471380e+00   9.069135e+03   4.766631e+02
  4.474030e+00   9.235882e+03   4.847581e+02
  4.476670e+00   8.308159e+03   4.594422e+02
  4.479310e+00   9.120795e+03   4.807081e+02
  4.481960e+00   8.256722e+03   4.622877e+02
  4.484600e+00   8.607223e+03   4.796618e+02
  4.487240e+00   9.466933e+03   5.053075e+02
  4.489890e+00   9.129127e+03   4.950964e+02
  4.492530e+00   8.491552e+03   4.807395e+02
  4.495170e+00   9.921048e+03   5.236129e+02
  4.497820e+00   9.379362e+03   5.163169e+02
  4.500460e+00   8.981450e+03   5.028646e+02
  4.503100e+00   9.270242e+03   5.174145e+02
  4.505750e+00   9.069216e+03   5.150969e+02
  4.508390e+00   9.145290e+03   5.219493e+02
  4.511030e+00   8.847841e+03   5.125417e+02
  4.513680e+00   7.966934e+03   4.875684e+02
  4.516320e+00   1.017176e+04   5.607874e+02
  4.518960e+00   9.757624e+03   5.559922e+02
  4.521610e+00   9.125537e+03   5.405502e+02
  4.524250e+00   8.386859e+03   5.123089e+02
  4.526890e+00   8.399917e+03   5.209407e+02
  4.529540e+00   8.965030e+03   5.425883e+02
  4.532180e+00   8.812625e+03   5.454878e+02
  4.534820e+00   8.146742e+03   5.215417e+02
  4.537470e+00   8.981450e+03   5.570059e+02
  4.540110e+00   9.573251e+03   5.772887e+02
  4.542750e+00   7.729056e+03   5.258957e+02
  4.545400e+00   8.199699e+03   5.337549e+02
  4.548040e+00   9.666781e+03   5.904926e+02
  4.550680e+00   7.999972e+03   5.443291e+02
  4.553330e+00   9.133678e+03   5.895764e+02
  4.555970e+00   8.314038e+03   5.630977e+02
  4.558610e+00   8.660008e+03   5.722695e+02
  4.561260e+00   8.403245e+03   5.691396e+02
  4.563900e+00   8.481369e+03   5.825028e+02
  4.566550e+00   8.015481e+03   5.740005e+02
  4.569190e+00   9.242655e+03   6.094426e+02
  4.571830e+00   9.482740e+03   6.293916e+02
  4.574480e+00   8.030473e+03   5.825917e+02
  4.577120e+00   9.239290e+03   6.301144e+02
  4.579760e+00   9.645948e+03   6.430632e+02
  4.582410e+00   8.560098e+03   6.161693e+02
  4.585050e+00   8.685858e+03   6.284866e+02
  4.587690e+00   8.444896e+03   6.277041e+02
  4.590340e+00   7.942465e+03   6.056072e+02
  4.592980e+00   8.699310e+03   6.395860e+02
  4.595620e+00   8.737389e+03   6.530631e+02
  4.598270e+00   8.880535e+03   6.693955e+02
  4.600910e+00   8.829222e+03   6.693416e+02
  4.603550e+00   8.314256e+03   6.532297e+02
  4.606200e+00   8.707625e+03   6.905596e+02
  4.608840e+00   9.843446e+03   7.398787e+02
  4.611480e+00   8.325661e+03   6.890366e+02
  4.614130e+00   8.247117e+03   6.825363e+02
  4.616770e+00   7.896442e+03   6.899154e+02
  4.619410e+00   7.769420e+03   6.949181e+02
  4.622060e+00   8.593761e+03   7.451736e+02
  4.624700e+00   8.441928e+03   7.320080e+02
  4.627340e+00   8.043089e+03   7.342302e+02
  4.629990e+00   7.490321e+03   7.207565e+02
  4.632630e+00   9.273529e+03   8.228927e+02
  4.635270e+00   7.903676e+03   7.535859e+02
  4.637920e+00   9.736193e+03   8.572240e+02
  4.640560e+00   8.010482e+03   8.050838e+02
  4.643200e+00   8.898288e+03   8.602300e+02
  4.645850e+00   9.924707e+03   9.022461e+02
  4.648490e+00   9.064611e+03   8.682323e+02
  4.651130e+00   9.194280e+03   8.847200e+02
  4.653780e+00   8.406283e+03   8.624664e+02
  4.656420e+00   7.328148e+03   8.092586e+02
  4.659060e+00   8.677729e+03   8.677729e+02
  4.661710e+00   9.568178e+03   9.293436e+02
  4.664350e+00   7.592566e+03   8.384586e+02
  4.666990e+00   1.038935e+04   1.004377e+03
  4.669640e+00   8.846051e+03   8.935861e+02
  4.672280e+00   7.941492e+03   8.664879e+02
  4.674920e+00   8.727736e+03   9.411360e+02
  4.677570e+00   1.030825e+04   1.025710e+03
  4.680210e+00   9.717634e+03   9.766590e+02
  4.682850e+00   8.626251e+03   9.356483e+02
  4.685500e+00   8.030473e+03   9.211584e+02
  4.688140e+00   1.002837e+04   1.051259e+03
  4.690780e+00   8.558793e+03   9.509770e+02
  4.693430e+00   7.466506e+03   8.988617e+02
  4.696070e+00   9.879595e+03   1.053168e+03
  4.698710e+00   8.631523e+03   1.003394e+03
  4.701360e+00   8.687938e+03   1.009952e+03
  4.704000e+00   9.093718e+03   1.010413e+03
  4.706640e+00   1.026451e+04   1.119950e+03
  4.709290e+00   1.082870e+04   1.174537e+03
  4.711930e+00   9.371948e+03   1.104495e+03
  4.714570e+00   8.318390e+03   1.001416e+03
  4.717220e+00   9.762445e+03   1.127270e+03
  4.719860e+00   9.324253e+03   1.130732e+03
  4.722510e+00   1.026451e+04   1.209685e+03
  4.725150e+00   8.721118e+03   1.065454e+03
  4.727790e+00   9.124012e+03   1.140502e+03
  4.730440e+00   7.125778e+03   1.028518e+03
  4.733080e+00   1.037512e+04   1.267523e+03
  4.735720e+00   8.191082e+03   1.084935e+03
  4.738370e+00   1.126487e+04   1.309514e+03
  4.741010e+00   9.558240e+03   1.255058e+03
  4.743650e+00   9.828756e+03   1.290579e+03
  4.746300e+00   7.910268e+03   1.141749e+03
  4.748940e+00   8.895912e+03   1.233641e+03
  4.751580e+00   8.614860e+03   1.256606e+03
  4.754230e+00   1.323582e+04   1.581983e+03
  4.756870e+00   8.786201e+03   1.309769e+03
  4.759510e+00   1.037033e+04   1.385794e+03
  4.762160e+00   6.762503e+03   1.195453e+03
  4.764800e+00   5.322341e+03   1.086418e+03
  4.767440e+00   9.442037e+03   1.474598e+03
  4.770090e+00   7.101611e+03   1.217916e+03
  4.772730e+00   9.819718e+03   1.533582e+03
  4.775370e+00   8.731965e+03   1.475971e+03
  4.778020e+00   9.111616e+03   1.540144e+03
  4.780660e+00   1.205405e+04   1.687905e+03
  4.783300e+00   9.371948e+03   1.561991e+03
  4.785950e+00   9.542790e+03   1.636575e+03
  4.788590e+00   9.742590e+03   1.722263e+03
  4.791230e+00   1.008443e+04   1.782693e+03
  4.793880e+00   1.070865e+04   1.923331e+03
  4.796520e+00   7.584335e+03   1.739966e+03
  4.799160e+00   4.727079e+03   1.494834e+03
  4.801810e+00   1.003809e+04   2.302896e+03
  4.804450e+00   1.274786e+04   2.717854e+03
  4.807090e+00   9.371948e+03   2.705448e+03
  4.809740e+00   8.382686e+03   3.168358e+03
  4.812380e+00   1.519938e+04   4.582784e+03
creator: radaver
creator-version: 6572
working-directory: /dataInt/p12/vives/2015-10-17/NEW
header-file: images/header/img_0008_00005.txt
image-file: images/pilatus2m/img_0008_00005.tiff
angular-axis-file: etc/radial-averaging/saxs-2/saxis-saxs2-20150921.dat
beamstop-mask-file: etc/radial-averaging/saxs-2/mask-saxs2-20151008.msk
detector-response-file: none
beam-center-x: 656.1000
beam-center-y: 1645.9000
unit-time: 100.0000
channel-first: 8
channel-last: 1819
angular-unit: nanometer
Run Number: 8
Frame Number: 5
Buffer: NAPI
Code: NAPI
Concentration [mg/ml]: 0
Plate Row: 2
Plate Column: 1
Well Row: 1
Well Column: 9
Load Volume: 20
Load Viscosity: low
Exposure time [s]: 0.035
Exposure period [s]: 0.04
Detector Position: saxs-2
Detector Distance [m]: 3
Timestamp (begin): 2015-10-17 03:31:53.635
Timestamp (end): 2015-10-17 03:31:53.671
PETRA Current: 94.2678
Transmitted Beam: 0.159058
Wavelength [nm]: 0.123987
Flytube Vacuum [mbar]: 0.000275647
Crystal Temperature 1 [C]: -181.4
Crystal Temperature 2 [C]: -156.3
Cell Target Temperature [C]: 20
Cell Temperature [C]: 20.2
Storage Temperature [C]: 20.2
