
Sample:   c= .0000 mg/ml  Code: NAPI
  2.520060e-02   4.647433e+07   2.756483e+05
  2.784400e-02   7.254609e+06   6.020059e+04
  3.048740e-02   3.176177e+06   3.732549e+04
  3.313080e-02   1.420366e+06   2.331289e+04
  3.577420e-02   6.227847e+05   1.440181e+04
  3.841750e-02   4.367096e+05   1.217316e+04
  4.106090e-02   2.817518e+05   8.968258e+03
  4.370430e-02   2.332320e+05   8.095602e+03
  4.634770e-02   1.810567e+05   6.633404e+03
  4.899110e-02   1.438732e+05   5.617307e+03
  5.163450e-02   1.244253e+05   5.100939e+03
  5.427790e-02   1.137180e+05   4.545085e+03
  5.692130e-02   9.160679e+04   4.142602e+03
  5.956470e-02   8.050851e+04   3.678528e+03
  6.220810e-02   7.358517e+04   3.320852e+03
  6.485140e-02   6.736171e+04   3.259861e+03
  6.749480e-02   6.040480e+04   2.879686e+03
  7.013820e-02   5.743777e+04   2.829756e+03
  7.278160e-02   5.266789e+04   2.601081e+03
  7.542500e-02   4.274317e+04   2.294573e+03
  7.806840e-02   3.850299e+04   2.155754e+03
  8.071180e-02   3.717457e+04   2.019045e+03
  8.335520e-02   3.876088e+04   2.080793e+03
  8.599860e-02   3.377257e+04   1.879156e+03
  8.864200e-02   3.141677e+04   1.867533e+03
  9.128530e-02   3.015976e+04   1.835465e+03
  9.392870e-02   2.956904e+04   1.806217e+03
  9.657210e-02   2.461581e+04   1.663383e+03
  9.921550e-02   2.188433e+04   1.539776e+03
  1.018590e-01   2.331279e+04   1.608736e+03
  1.045020e-01   2.216652e+04   1.522403e+03
  1.071460e-01   2.020573e+04   1.462035e+03
  1.097890e-01   1.941848e+04   1.463723e+03
  1.124320e-01   2.175984e+04   1.470393e+03
  1.150760e-01   2.113392e+04   1.465374e+03
  1.177190e-01   2.032992e+04   1.409626e+03
  1.203630e-01   1.839058e+04   1.366961e+03
  1.230060e-01   1.566036e+04   1.257870e+03
  1.256490e-01   1.560530e+04   1.218569e+03
  1.282930e-01   1.515942e+04   1.194730e+03
  1.309360e-01   1.411065e+04   1.140778e+03
  1.335800e-01   1.751337e+04   1.284142e+03
  1.362230e-01   1.525127e+04   1.159533e+03
  1.388660e-01   1.544094e+04   1.184266e+03
  1.415100e-01   1.532640e+04   1.165245e+03
  1.441530e-01   1.401582e+04   1.087839e+03
  1.467970e-01   1.309526e+04   1.069223e+03
  1.494400e-01   1.256427e+04   1.015761e+03
  1.520830e-01   1.445456e+04   1.102150e+03
  1.547270e-01   1.377685e+04   1.066085e+03
  1.573700e-01   1.516153e+04   1.105768e+03
  1.600130e-01   1.277822e+04   1.003951e+03
  1.626570e-01   1.346898e+04   1.015263e+03
  1.653000e-01   1.317261e+04   1.019327e+03
  1.679440e-01   1.271683e+04   9.782177e+02
  1.705870e-01   1.168591e+04   9.416772e+02
  1.732300e-01   1.184142e+04   9.361464e+02
  1.758740e-01   1.203837e+04   9.400391e+02
  1.785170e-01   1.255221e+04   9.598912e+02
  1.811610e-01   1.294579e+04   9.517936e+02
  1.838040e-01   1.164966e+04   9.209861e+02
  1.864470e-01   1.257486e+04   9.398891e+02
  1.890910e-01   1.073579e+04   8.568092e+02
  1.917340e-01   1.061134e+04   8.550862e+02
  1.943780e-01   1.110786e+04   8.569901e+02
  1.970210e-01   1.143820e+04   8.877764e+02
  1.996640e-01   1.212265e+04   8.985908e+02
  2.023080e-01   1.057892e+04   8.363367e+02
  2.049510e-01   1.143869e+04   8.525893e+02
  2.075950e-01   1.095229e+04   8.255598e+02
  2.102380e-01   1.164442e+04   8.679236e+02
  2.128810e-01   1.029396e+04   7.895108e+02
  2.155250e-01   1.115394e+04   8.360229e+02
  2.181680e-01   1.069161e+04   8.128682e+02
  2.208110e-01   1.263751e+04   8.762540e+02
  2.234550e-01   1.149503e+04   8.428563e+02
  2.260980e-01   1.038440e+04   7.761665e+02
  2.287420e-01   1.046137e+04   7.841130e+02
  2.313850e-01   1.175887e+04   8.232857e+02
  2.340280e-01   1.145488e+04   8.099821e+02
  2.366720e-01   1.148665e+04   8.163210e+02
  2.393150e-01   1.124706e+04   7.913402e+02
  2.419590e-01   1.180033e+04   8.182056e+02
  2.446020e-01   9.779904e+03   7.289510e+02
  2.472450e-01   1.048156e+04   7.604125e+02
  2.498890e-01   1.066950e+04   7.660254e+02
  2.525320e-01   9.944180e+03   7.252539e+02
  2.551760e-01   1.257788e+04   8.329902e+02
  2.578190e-01   1.134228e+04   7.612440e+02
  2.604620e-01   1.183305e+04   7.853873e+02
  2.631060e-01   1.149720e+04   7.786888e+02
  2.657490e-01   1.228061e+04   7.943666e+02
  2.683920e-01   1.171302e+04   7.791388e+02
  2.710360e-01   1.200591e+04   7.701792e+02
  2.736790e-01   1.050760e+04   7.285707e+02
  2.763230e-01   1.032607e+04   7.142690e+02
  2.789660e-01   1.014365e+04   7.050326e+02
  2.816090e-01   1.130152e+04   7.452001e+02
  2.842530e-01   1.062700e+04   7.148495e+02
  2.868960e-01   1.112371e+04   7.383069e+02
  2.895400e-01   1.058443e+04   7.040655e+02
  2.921830e-01   1.073400e+04   7.108764e+02
  2.948260e-01   1.000693e+04   6.872789e+02
  2.974700e-01   1.163408e+04   7.343366e+02
  3.001130e-01   9.039157e+03   6.523450e+02
  3.027570e-01   1.224358e+04   7.410150e+02
  3.054000e-01   1.061660e+04   6.970140e+02
  3.080430e-01   1.059463e+04   6.867476e+02
  3.106870e-01   1.071783e+04   6.976713e+02
  3.133300e-01   1.063103e+04   6.862299e+02
  3.159740e-01   1.196096e+04   7.148040e+02
  3.186170e-01   1.280153e+04   7.530312e+02
  3.212600e-01   1.186098e+04   7.126572e+02
  3.239040e-01   1.100717e+04   6.906513e+02
  3.265470e-01   1.063486e+04   6.780540e+02
  3.291900e-01   1.025886e+04   6.527557e+02
  3.318340e-01   1.071305e+04   6.789119e+02
  3.344770e-01   9.734543e+03   6.336648e+02
  3.371210e-01   1.076546e+04   6.702281e+02
  3.397640e-01   9.523428e+03   6.239005e+02
  3.424070e-01   1.021918e+04   6.412087e+02
  3.450510e-01   1.017579e+04   6.501075e+02
  3.476940e-01   1.057892e+04   6.438123e+02
  3.503380e-01   1.049076e+04   6.518640e+02
  3.529810e-01   1.019102e+04   6.381865e+02
  3.556240e-01   1.065581e+04   6.496962e+02
  3.582680e-01   1.019233e+04   6.333208e+02
  3.609110e-01   1.002963e+04   6.208182e+02
  3.635550e-01   1.072808e+04   6.469273e+02
  3.661980e-01   9.768236e+03   6.081438e+02
  3.688410e-01   1.002963e+04   6.208182e+02
  3.714850e-01   1.059444e+04   6.320113e+02
  3.741280e-01   1.125412e+04   6.486766e+02
  3.767710e-01   1.095018e+04   6.452458e+02
  3.794150e-01   1.051834e+04   6.219625e+02
  3.820580e-01   1.058111e+04   6.289820e+02
  3.847020e-01   1.042140e+04   6.140870e+02
  3.873450e-01   9.746015e+03   5.986929e+02
  3.899880e-01   1.161325e+04   6.502172e+02
  3.926320e-01   1.014491e+04   5.998810e+02
  3.952750e-01   1.160268e+04   6.486096e+02
  3.979190e-01   1.167393e+04   6.397272e+02
  4.005620e-01   1.053255e+04   6.142710e+02
  4.032050e-01   9.822116e+03   5.828354e+02
  4.058490e-01   1.114462e+04   6.220321e+02
  4.084920e-01   1.080471e+04   6.196926e+02
  4.111360e-01   1.065982e+04   6.054374e+02
  4.137790e-01   1.040089e+04   6.014993e+02
  4.164220e-01   9.639235e+03   5.729931e+02
  4.190660e-01   1.004003e+04   5.825815e+02
  4.217090e-01   1.089949e+04   6.092999e+02
  4.243530e-01   1.118568e+04   6.120530e+02
  4.269960e-01   1.014396e+04   6.139401e+02
  4.296390e-01   1.014396e+04   6.139401e+02
  4.322830e-01   8.849991e+03   5.993970e+02
  4.349260e-01   1.099505e+04   6.845221e+02
  4.375690e-01   1.112718e+04   6.759282e+02
  4.402130e-01   9.928299e+03   6.575177e+02
  4.428560e-01   9.789936e+03   6.497809e+02
  4.455000e-01   1.017885e+04   6.816262e+02
  4.481430e-01   1.028967e+04   6.844586e+02
  4.507860e-01   1.006202e+04   6.768448e+02
  4.534300e-01   1.173298e+04   7.511270e+02
  4.560730e-01   1.024355e+04   6.890559e+02
  4.587170e-01   9.687342e+03   6.700874e+02
  4.613600e-01   1.120621e+04   7.115949e+02
  4.640030e-01   9.902387e+03   6.631129e+02
  4.666470e-01   1.100316e+04   7.132289e+02
  4.692900e-01   1.127820e+04   7.007932e+02
  4.719340e-01   1.088272e+04   7.084047e+02
  4.745770e-01   1.034644e+04   6.778178e+02
  4.772200e-01   1.054885e+04   7.001515e+02
  4.798640e-01   1.041657e+04   6.809522e+02
  4.825070e-01   1.081480e+04   6.618548e+02
  4.851500e-01   1.008265e+04   6.441569e+02
  4.877940e-01   1.029862e+04   6.290883e+02
  4.904370e-01   9.405281e+03   6.083770e+02
  4.930810e-01   9.159632e+03   5.839968e+02
  4.957240e-01   1.121279e+04   6.389082e+02
  4.983670e-01   1.053730e+04   6.263775e+02
  5.010110e-01   1.009131e+04   6.030711e+02
  5.036540e-01   1.099232e+04   6.294184e+02
  5.062980e-01   9.910344e+03   5.860109e+02
  5.089410e-01   9.670397e+03   5.799919e+02
  5.115840e-01   1.049659e+04   6.060209e+02
  5.142280e-01   1.023295e+04   5.898175e+02
  5.168710e-01   1.079049e+04   6.108914e+02
  5.195150e-01   1.119087e+04   6.060196e+02
  5.221580e-01   1.083061e+04   6.017004e+02
  5.248010e-01   1.068431e+04   5.954135e+02
  5.274450e-01   1.073874e+04   5.893650e+02
  5.300880e-01   1.055592e+04   5.864399e+02
  5.327320e-01   9.896043e+03   5.602531e+02
  5.353750e-01   9.824376e+03   5.662676e+02
  5.380180e-01   1.088352e+04   5.809191e+02
  5.406620e-01   1.149858e+04   6.002210e+02
  5.433050e-01   1.044036e+04   5.764724e+02
  5.459480e-01   1.079049e+04   5.809406e+02
  5.485920e-01   1.057156e+04   5.750168e+02
  5.512350e-01   1.107872e+04   5.767351e+02
  5.538790e-01   1.164746e+04   5.928399e+02
  5.565220e-01   1.053401e+04   5.671322e+02
  5.591650e-01   1.153137e+04   5.869312e+02
  5.618090e-01   1.076643e+04   5.690237e+02
  5.644520e-01   1.135378e+04   5.771452e+02
  5.670960e-01   1.000443e+04   5.457865e+02
  5.697390e-01   1.002682e+04   5.406101e+02
  5.723820e-01   1.053942e+04   5.547061e+02
  5.750260e-01   9.743827e+03   5.307801e+02
  5.776690e-01   1.039213e+04   5.477133e+02
  5.803130e-01   9.822789e+03   5.350814e+02
  5.829560e-01   1.004670e+04   5.280431e+02
  5.855990e-01   1.000708e+04   5.349010e+02
  5.882430e-01   1.077924e+04   5.507932e+02
  5.908860e-01   1.024843e+04   5.379030e+02
  5.935290e-01   9.932788e+03   5.242325e+02
  5.961730e-01   1.053673e+04   5.391060e+02
  5.988160e-01   1.057084e+04   5.387399e+02
  6.014600e-01   1.071397e+04   5.411370e+02
  6.041030e-01   1.054710e+04   5.340731e+02
  6.067460e-01   1.015322e+04   5.236122e+02
  6.093900e-01   9.816795e+03   5.110419e+02
  6.120330e-01   1.059157e+04   5.335954e+02
  6.146770e-01   9.738146e+03   5.048993e+02
  6.173200e-01   1.109109e+04   5.361082e+02
  6.199630e-01   1.080076e+04   5.263966e+02
  6.226070e-01   1.092081e+04   5.335167e+02
  6.252500e-01   1.114656e+04   5.362893e+02
  6.278940e-01   1.072962e+04   5.216918e+02
  6.305370e-01   1.039986e+04   5.136127e+02
  6.331800e-01   1.009417e+04   5.028265e+02
  6.358240e-01   1.004475e+04   5.047675e+02
  6.384670e-01   1.122451e+04   5.291284e+02
  6.411110e-01   9.991198e+03   4.995599e+02
  6.437540e-01   1.104027e+04   5.251323e+02
  6.463970e-01   9.977340e+03   4.988670e+02
  6.490410e-01   1.003248e+04   4.985181e+02
  6.516840e-01   1.081028e+04   5.171260e+02
  6.543270e-01   1.065728e+04   5.127485e+02
  6.569710e-01   1.077046e+04   5.193975e+02
  6.596140e-01   1.073681e+04   5.118573e+02
  6.622580e-01   1.026256e+04   5.031636e+02
  6.649010e-01   1.050679e+04   5.026077e+02
  6.675440e-01   1.065908e+04   5.093106e+02
  6.701880e-01   1.197295e+04   5.442248e+02
  6.728310e-01   1.059014e+04   5.025858e+02
  6.754750e-01   9.877937e+03   4.896312e+02
  6.781180e-01   9.623310e+03   4.787776e+02
  6.807610e-01   1.091469e+04   5.105675e+02
  6.834050e-01   1.038822e+04   4.958025e+02
  6.860480e-01   1.049270e+04   4.940818e+02
  6.886920e-01   9.459043e+03   4.759361e+02
  6.913350e-01   1.055592e+04   4.927080e+02
  6.939780e-01   1.041188e+04   4.963669e+02
  6.966220e-01   1.009150e+04   4.832950e+02
  6.992650e-01   1.107421e+04   5.033733e+02
  7.019080e-01   1.012792e+04   4.895515e+02
  7.045520e-01   1.124010e+04   5.026724e+02
  7.071950e-01   1.133436e+04   5.089278e+02
  7.098390e-01   1.079970e+04   4.986840e+02
  7.124820e-01   1.083086e+04   4.928211e+02
  7.151250e-01   1.002697e+04   4.802049e+02
  7.177690e-01   1.060095e+04   4.833619e+02
  7.204120e-01   1.020601e+04   4.789917e+02
  7.230560e-01   1.105693e+04   4.954727e+02
  7.256990e-01   1.042365e+04   4.828664e+02
  7.283420e-01   1.183459e+04   5.116540e+02
  7.309860e-01   1.119063e+04   4.960160e+02
  7.336290e-01   1.074609e+04   4.884586e+02
  7.362730e-01   1.079049e+04   4.849966e+02
  7.389160e-01   1.131367e+04   4.966150e+02
  7.415590e-01   9.881404e+03   4.658139e+02
  7.442030e-01   1.026444e+04   4.685055e+02
  7.468460e-01   1.001067e+04   4.682793e+02
  7.494900e-01   1.058762e+04   4.730198e+02
  7.521330e-01   9.795899e+03   4.582328e+02
  7.547760e-01   1.085836e+04   4.798762e+02
  7.574200e-01   1.035321e+04   4.710876e+02
  7.600630e-01   1.099981e+04   4.847096e+02
  7.627060e-01   9.302150e+03   4.385075e+02
  7.653500e-01   1.121365e+04   4.870898e+02
  7.679930e-01   1.029755e+04   4.637782e+02
  7.706370e-01   1.019524e+04   4.638996e+02
  7.732800e-01   1.062138e+04   4.680338e+02
  7.759230e-01   1.046313e+04   4.656033e+02
  7.785670e-01   1.084461e+04   4.751111e+02
  7.812100e-01   1.056928e+04   4.652864e+02
  7.838540e-01   1.103386e+04   4.770352e+02
  7.864970e-01   1.020449e+04   4.540940e+02
  7.891400e-01   1.009212e+04   4.513333e+02
  7.917840e-01   1.125036e+04   4.805917e+02
  7.944270e-01   1.063795e+04   4.620830e+02
  7.970710e-01   1.005413e+04   4.509896e+02
  7.997140e-01   1.029369e+04   4.522789e+02
  8.023570e-01   1.034343e+04   4.584645e+02
  8.050010e-01   1.114063e+04   4.707774e+02
  8.076440e-01   9.357289e+03   4.297945e+02
  8.102870e-01   1.007510e+04   4.474510e+02
  8.129310e-01   9.818483e+03   4.395357e+02
  8.155740e-01   1.010258e+04   4.456055e+02
  8.182180e-01   1.001280e+04   4.412167e+02
  8.208610e-01   1.044868e+04   4.504745e+02
  8.235040e-01   1.063851e+04   4.552864e+02
  8.261480e-01   1.057203e+04   4.541076e+02
  8.287910e-01   1.090241e+04   4.586679e+02
  8.314350e-01   9.695475e+03   4.293229e+02
  8.340780e-01   1.072095e+04   4.550791e+02
  8.367210e-01   1.114403e+04   4.627306e+02
  8.393650e-01   9.980636e+03   4.355907e+02
  8.420080e-01   1.092442e+04   4.571727e+02
  8.446520e-01   1.038261e+04   4.387452e+02
  8.472950e-01   1.051795e+04   4.493045e+02
  8.499380e-01   9.677994e+03   4.264634e+02
  8.525820e-01   1.006742e+04   4.320343e+02
  8.552250e-01   9.490072e+03   4.223027e+02
  8.578690e-01   1.134356e+04   4.619456e+02
  8.605120e-01   1.077456e+04   4.632345e+02
  8.631550e-01   1.084946e+04   4.617836e+02
  8.657990e-01   1.028525e+04   4.541050e+02
  8.684420e-01   9.538894e+03   4.395290e+02
  8.710850e-01   1.031649e+04   4.532807e+02
  8.737290e-01   1.013019e+04   4.557786e+02
  8.763720e-01   1.096836e+04   4.655809e+02
  8.790160e-01   1.053823e+04   4.630231e+02
  8.816590e-01   1.017307e+04   4.591040e+02
  8.843020e-01   1.075838e+04   4.646912e+02
  8.869460e-01   1.098130e+04   4.721228e+02
  8.895890e-01   9.445460e+03   4.224138e+02
  8.922330e-01   1.042504e+04   4.477938e+02
  8.948760e-01   1.015355e+04   4.361325e+02
  8.975190e-01   1.041866e+04   4.379290e+02
  9.001630e-01   1.077548e+04   4.497597e+02
  9.028060e-01   1.043593e+04   4.367300e+02
  9.054500e-01   1.033764e+04   4.380199e+02
  9.080930e-01   1.034631e+04   4.322232e+02
  9.107360e-01   1.165907e+04   4.583652e+02
  9.133800e-01   1.102785e+04   4.487168e+02
  9.160230e-01   1.125808e+04   4.499634e+02
  9.186660e-01   1.042039e+04   4.326831e+02
  9.213100e-01   1.048048e+04   4.296579e+02
  9.239530e-01   1.034582e+04   4.307021e+02
  9.265970e-01   1.103818e+04   4.451024e+02
  9.292400e-01   1.005509e+04   4.185991e+02
  9.318830e-01   1.107539e+04   4.440827e+02
  9.345270e-01   9.860039e+03   4.137181e+02
  9.371700e-01   1.022351e+04   4.256101e+02
  9.398140e-01   1.043739e+04   4.250433e+02
  9.424570e-01   9.299792e+03   3.987253e+02
  9.451000e-01   9.809540e+03   4.130561e+02
  9.477440e-01   1.063634e+04   4.268218e+02
  9.503870e-01   1.040174e+04   4.267886e+02
  9.530310e-01   1.139888e+04   4.364857e+02
  9.556740e-01   9.995008e+03   4.139509e+02
  9.583170e-01   1.058090e+04   4.228980e+02
  9.609610e-01   1.035807e+04   4.166627e+02
  9.636040e-01   9.926982e+03   4.107814e+02
  9.662480e-01   1.072797e+04   4.201397e+02
  9.688910e-01   9.963289e+03   4.084550e+02
  9.715340e-01   9.932045e+03   4.064916e+02
  9.741780e-01   1.058561e+04   4.148828e+02
  9.768210e-01   1.048939e+04   4.143062e+02
  9.794640e-01   1.064662e+04   4.125482e+02
  9.821080e-01   1.097311e+04   4.229822e+02
  9.847510e-01   1.062251e+04   4.182609e+02
  9.873950e-01   1.007383e+04   4.126402e+02
  9.900380e-01   1.029922e+04   4.250943e+02
  9.926810e-01   1.026668e+04   4.233909e+02
  9.953250e-01   1.107969e+04   4.475043e+02
  9.979680e-01   9.718258e+03   4.174349e+02
  1.000610e+00   1.124239e+04   4.544468e+02
  1.003250e+00   1.081267e+04   4.470490e+02
  1.005900e+00   1.072347e+04   4.468113e+02
  1.008540e+00   1.012664e+04   4.357810e+02
  1.011190e+00   9.882847e+03   4.305036e+02
  1.013830e+00   1.096030e+04   4.598840e+02
  1.016470e+00   1.071031e+04   4.521896e+02
  1.019120e+00   9.976190e+03   4.387523e+02
  1.021760e+00   1.061297e+04   4.525385e+02
  1.024400e+00   9.939630e+03   4.384183e+02
  1.027050e+00   9.512931e+03   4.324059e+02
  1.029690e+00   1.104630e+04   4.626787e+02
  1.032330e+00   1.069918e+04   4.608464e+02
  1.034980e+00   1.077465e+04   4.619592e+02
  1.037620e+00   1.079049e+04   4.617905e+02
  1.040260e+00   1.048581e+04   4.554745e+02
  1.042910e+00   1.158735e+04   4.601926e+02
  1.045550e+00   1.063379e+04   4.454002e+02
  1.048190e+00   1.035177e+04   4.332080e+02
  1.050840e+00   1.065463e+04   4.364306e+02
  1.053480e+00   9.922293e+03   4.192934e+02
  1.056120e+00   1.027666e+04   4.223681e+02
  1.058770e+00   9.921084e+03   4.170143e+02
  1.061410e+00   1.052099e+04   4.263320e+02
  1.064050e+00   9.403144e+03   4.013164e+02
  1.066700e+00   1.012667e+04   4.141104e+02
  1.069340e+00   1.020223e+04   4.140956e+02
  1.071980e+00   9.511015e+03   4.022731e+02
  1.074630e+00   9.863340e+03   4.026692e+02
  1.077270e+00   1.041541e+04   4.176197e+02
  1.079910e+00   1.085308e+04   4.227758e+02
  1.082560e+00   1.075823e+04   4.165605e+02
  1.085200e+00   1.032333e+04   4.106400e+02
  1.087840e+00   1.017671e+04   4.022698e+02
  1.090490e+00   1.001096e+04   4.023746e+02
  1.093130e+00   1.049076e+04   4.089723e+02
  1.095770e+00   1.027438e+04   4.045535e+02
  1.098420e+00   1.048944e+04   4.076836e+02
  1.101060e+00   9.573733e+03   3.879473e+02
  1.103700e+00   1.083498e+04   4.148927e+02
  1.106350e+00   1.044898e+04   4.045862e+02
  1.108990e+00   1.072549e+04   4.074277e+02
  1.111630e+00   1.099717e+04   4.118473e+02
  1.114280e+00   1.010743e+04   3.943286e+02
  1.116920e+00   1.119887e+04   4.194009e+02
  1.119560e+00   1.024855e+04   3.938837e+02
  1.122210e+00   1.029862e+04   3.978704e+02
  1.124850e+00   1.029849e+04   3.966830e+02
  1.127490e+00   1.040140e+04   3.991690e+02
  1.130140e+00   9.943458e+03   3.906159e+02
  1.132780e+00   1.010567e+04   3.912932e+02
  1.135420e+00   9.992883e+03   3.892674e+02
  1.138070e+00   1.001459e+04   3.880574e+02
  1.140710e+00   1.048193e+04   3.981758e+02
  1.143350e+00   1.016889e+04   3.916911e+02
  1.146000e+00   1.053422e+04   3.961800e+02
  1.148640e+00   1.031555e+04   3.950030e+02
  1.151280e+00   1.039085e+04   3.921772e+02
  1.153930e+00   1.015978e+04   3.887533e+02
  1.156570e+00   1.065454e+04   3.967958e+02
  1.159220e+00   9.932426e+03   3.820164e+02
  1.161860e+00   1.037662e+04   3.930425e+02
  1.164500e+00   1.053296e+04   3.903774e+02
  1.167150e+00   1.001575e+04   3.840863e+02
  1.169790e+00   1.002797e+04   3.798363e+02
  1.172430e+00   1.058921e+04   3.930025e+02
  1.175080e+00   1.029750e+04   3.875514e+02
  1.177720e+00   1.020529e+04   3.816564e+02
  1.180360e+00   1.075266e+04   3.955431e+02
  1.183010e+00   1.045624e+04   3.864736e+02
  1.185650e+00   1.055937e+04   3.905525e+02
  1.188290e+00   1.001812e+04   3.778404e+02
  1.190940e+00   1.015942e+04   3.791462e+02
  1.193580e+00   9.965742e+03   3.777505e+02
  1.196220e+00   1.013806e+04   3.775610e+02
  1.198870e+00   1.051077e+04   3.853436e+02
  1.201510e+00   1.007842e+04   3.758615e+02
  1.204150e+00   1.006775e+04   3.762496e+02
  1.206800e+00   1.079896e+04   3.904373e+02
  1.209440e+00   1.021733e+04   3.761050e+02
  1.212080e+00   9.531743e+03   3.655257e+02
  1.214730e+00   9.917017e+03   3.713952e+02
  1.217370e+00   1.059435e+04   3.825399e+02
  1.220010e+00   1.079602e+04   3.863121e+02
  1.222660e+00   1.027860e+04   3.730894e+02
  1.225300e+00   1.003735e+04   3.727777e+02
  1.227940e+00   1.016675e+04   3.737372e+02
  1.230590e+00   1.007768e+04   3.709646e+02
  1.233230e+00   1.072500e+04   3.825480e+02
  1.235870e+00   1.018429e+04   3.703989e+02
  1.238520e+00   1.052264e+04   3.792098e+02
  1.241160e+00   1.050881e+04   3.772444e+02
  1.243800e+00   1.003425e+04   3.661550e+02
  1.246450e+00   1.010346e+04   3.689261e+02
  1.249090e+00   1.049076e+04   3.763538e+02
  1.251730e+00   9.944657e+03   3.665649e+02
  1.254380e+00   9.939998e+03   3.617536e+02
  1.257020e+00   1.069401e+04   3.785637e+02
  1.259660e+00   1.054244e+04   3.729646e+02
  1.262310e+00   1.052958e+04   3.743889e+02
  1.264950e+00   1.063063e+04   3.763204e+02
  1.267590e+00   1.056667e+04   3.708173e+02
  1.270240e+00   1.010375e+04   3.645878e+02
  1.272880e+00   9.876223e+03   3.596708e+02
  1.275520e+00   9.874171e+03   3.605537e+02
  1.278170e+00   1.080604e+04   3.741826e+02
  1.280810e+00   1.036086e+04   3.683899e+02
  1.283450e+00   9.670725e+03   3.552630e+02
  1.286100e+00   1.035608e+04   3.659141e+02
  1.288740e+00   1.083461e+04   3.749472e+02
  1.291380e+00   1.094301e+04   3.729368e+02
  1.294030e+00   1.013558e+04   3.629120e+02
  1.296670e+00   9.936570e+03   3.585551e+02
  1.299310e+00   1.050346e+04   3.652410e+02
  1.301960e+00   1.027666e+04   3.615317e+02
  1.304600e+00   1.008528e+04   3.570151e+02
  1.307240e+00   1.043493e+04   3.666462e+02
  1.309890e+00   1.037015e+04   3.612613e+02
  1.312530e+00   9.718774e+03   3.504680e+02
  1.315180e+00   9.889403e+03   3.522954e+02
  1.317820e+00   1.031591e+04   3.589365e+02
  1.320460e+00   9.777550e+03   3.505421e+02
  1.323110e+00   1.063592e+04   3.612149e+02
  1.325750e+00   9.967722e+03   3.519725e+02
  1.328390e+00   1.055645e+04   3.606016e+02
  1.331040e+00   1.085674e+04   3.649453e+02
  1.333680e+00   1.000911e+04   3.523375e+02
  1.336320e+00   9.659506e+03   3.423721e+02
  1.338970e+00   1.014935e+04   3.544307e+02
  1.341610e+00   1.131242e+04   3.731622e+02
  1.344250e+00   1.025934e+04   3.527233e+02
  1.346900e+00   1.048261e+04   3.578705e+02
  1.349540e+00   9.911108e+03   3.450605e+02
  1.352180e+00   1.043647e+04   3.581786e+02
  1.354830e+00   1.025593e+04   3.521900e+02
  1.357470e+00   1.019507e+04   3.519730e+02
  1.360110e+00   1.018453e+04   3.520289e+02
  1.362760e+00   9.674404e+03   3.433317e+02
  1.365400e+00   9.886385e+03   3.480173e+02
  1.368040e+00   1.016599e+04   3.480770e+02
  1.370690e+00   9.555978e+03   3.404176e+02
  1.373330e+00   1.022796e+04   3.528980e+02
  1.375970e+00   1.052790e+04   3.561115e+02
  1.378620e+00   1.066446e+04   3.594988e+02
  1.381260e+00   9.979303e+03   3.445238e+02
  1.383900e+00   9.776622e+03   3.435155e+02
  1.386550e+00   9.949956e+03   3.451601e+02
  1.389190e+00   1.029372e+04   3.506055e+02
  1.391830e+00   1.024098e+04   3.490116e+02
  1.394480e+00   1.053341e+04   3.540766e+02
  1.397120e+00   1.043466e+04   3.541753e+02
  1.399760e+00   1.028173e+04   3.487838e+02
  1.402410e+00   1.055821e+04   3.519404e+02
  1.405050e+00   1.013544e+04   3.474385e+02
  1.407690e+00   1.017525e+04   3.469730e+02
  1.410340e+00   1.061030e+04   3.546631e+02
  1.412980e+00   1.029502e+04   3.468482e+02
  1.415620e+00   1.016292e+04   3.449520e+02
  1.418270e+00   9.767563e+03   3.400629e+02
  1.420910e+00   1.085615e+04   3.567551e+02
  1.423550e+00   1.037547e+04   3.487678e+02
  1.426200e+00   1.035663e+04   3.475459e+02
  1.428840e+00   1.008839e+04   3.430155e+02
  1.431480e+00   1.029663e+04   3.463131e+02
  1.434130e+00   1.012399e+04   3.410858e+02
  1.436770e+00   9.480651e+03   3.320927e+02
  1.439410e+00   1.003930e+04   3.427361e+02
  1.442060e+00   1.005167e+04   3.411760e+02
  1.444700e+00   9.450680e+03   3.312462e+02
  1.447340e+00   9.994997e+03   3.375071e+02
  1.449990e+00   9.759202e+03   3.355283e+02
  1.452630e+00   1.067737e+04   3.510698e+02
  1.455270e+00   1.053095e+04   3.477627e+02
  1.457920e+00   1.038554e+04   3.437111e+02
  1.460560e+00   1.010614e+04   3.389491e+02
  1.463200e+00   1.001037e+04   3.393835e+02
  1.465850e+00   1.017090e+04   3.403562e+02
  1.468490e+00   9.951842e+03   3.372053e+02
  1.471140e+00   1.018014e+04   3.385863e+02
  1.473780e+00   1.024719e+04   3.427172e+02
  1.476420e+00   1.023452e+04   3.407721e+02
  1.479070e+00   1.018462e+04   3.392988e+02
  1.481710e+00   9.687226e+03   3.295661e+02
  1.484350e+00   9.967528e+03   3.343002e+02
  1.487000e+00   1.015951e+04   3.401656e+02
  1.489640e+00   1.002578e+04   3.338219e+02
  1.492280e+00   1.019290e+04   3.390108e+02
  1.494930e+00   1.046573e+04   3.411732e+02
  1.497570e+00   9.873875e+03   3.330375e+02
  1.500210e+00   9.698438e+03   3.297568e+02
  1.502860e+00   1.023236e+04   3.366201e+02
  1.505500e+00   1.061729e+04   3.455633e+02
  1.508140e+00   1.026554e+04   3.378943e+02
  1.510790e+00   1.070855e+04   3.443636e+02
  1.513430e+00   1.022281e+04   3.366702e+02
  1.516070e+00   9.987531e+03   3.314479e+02
  1.518720e+00   9.482352e+03   3.250509e+02
  1.521360e+00   1.033623e+04   3.367725e+02
  1.524000e+00   1.013192e+04   3.340395e+02
  1.526650e+00   9.915051e+03   3.310539e+02
  1.529290e+00   1.074676e+04   3.427685e+02
  1.531930e+00   9.879564e+03   3.320979e+02
  1.534580e+00   9.741418e+03   3.252565e+02
  1.537220e+00   9.722344e+03   3.255281e+02
  1.539860e+00   1.070720e+04   3.425538e+02
  1.542510e+00   1.087363e+04   3.448907e+02
  1.545150e+00   1.035250e+04   3.383821e+02
  1.547790e+00   1.023139e+04   3.402909e+02
  1.550440e+00   1.050050e+04   3.504063e+02
  1.553080e+00   1.027332e+04   3.467077e+02
  1.555720e+00   9.710257e+03   3.395112e+02
  1.558370e+00   1.033337e+04   3.525701e+02
  1.561010e+00   1.019461e+04   3.492616e+02
  1.563650e+00   1.047320e+04   3.602890e+02
  1.566300e+00   1.027493e+04   3.526347e+02
  1.568940e+00   1.013000e+04   3.539709e+02
  1.571580e+00   9.669563e+03   3.451215e+02
  1.574230e+00   1.040855e+04   3.628193e+02
  1.576870e+00   1.028938e+04   3.617553e+02
  1.579510e+00   1.038028e+04   3.603049e+02
  1.582160e+00   9.814174e+03   3.536783e+02
  1.584800e+00   9.529957e+03   3.472910e+02
  1.587440e+00   1.006070e+04   3.620926e+02
  1.590090e+00   1.043573e+04   3.675829e+02
  1.592730e+00   1.077262e+04   3.708090e+02
  1.595370e+00   1.008223e+04   3.650011e+02
  1.598020e+00   1.035887e+04   3.680866e+02
  1.600660e+00   1.021322e+04   3.652242e+02
  1.603300e+00   1.001320e+04   3.520454e+02
  1.605950e+00   9.957051e+03   3.498551e+02
  1.608590e+00   9.863071e+03   3.478437e+02
  1.611230e+00   1.054531e+04   3.542766e+02
  1.613880e+00   1.026636e+04   3.513075e+02
  1.616520e+00   1.075063e+04   3.550172e+02
  1.619160e+00   1.042939e+04   3.519747e+02
  1.621810e+00   1.016806e+04   3.475370e+02
  1.624450e+00   1.059041e+04   3.489660e+02
  1.627100e+00   1.016648e+04   3.446760e+02
  1.629740e+00   1.025039e+04   3.432086e+02
  1.632380e+00   1.033680e+04   3.476641e+02
  1.635030e+00   1.048022e+04   3.470349e+02
  1.637670e+00   9.924253e+03   3.358851e+02
  1.640310e+00   9.727425e+03   3.356280e+02
  1.642960e+00   1.000122e+04   3.358081e+02
  1.645600e+00   1.038554e+04   3.437111e+02
  1.648240e+00   1.024457e+04   3.392315e+02
  1.650890e+00   1.036681e+04   3.417835e+02
  1.653530e+00   1.003530e+04   3.373328e+02
  1.656170e+00   1.099904e+04   3.511723e+02
  1.658820e+00   1.054829e+04   3.455207e+02
  1.661460e+00   1.000605e+04   3.339064e+02
  1.664100e+00   1.049076e+04   3.451206e+02
  1.666750e+00   1.014780e+04   3.382600e+02
  1.669390e+00   1.046592e+04   3.399172e+02
  1.672030e+00   9.617859e+03   3.293092e+02
  1.674680e+00   1.049351e+04   3.397398e+02
  1.677320e+00   1.016251e+04   3.381872e+02
  1.679960e+00   9.748318e+03   3.280570e+02
  1.682610e+00   1.007903e+04   3.326576e+02
  1.685250e+00   1.056513e+04   3.433207e+02
  1.687890e+00   1.016017e+04   3.346073e+02
  1.690540e+00   9.996101e+03   3.320982e+02
  1.693180e+00   1.002005e+04   3.292794e+02
  1.695820e+00   9.733636e+03   3.270079e+02
  1.698470e+00   1.023850e+04   3.375535e+02
  1.701110e+00   1.074518e+04   3.404741e+02
  1.703750e+00   1.027824e+04   3.375818e+02
  1.706400e+00   1.069618e+04   3.385816e+02
  1.709040e+00   1.039982e+04   3.368832e+02
  1.711680e+00   1.045895e+04   3.377371e+02
  1.714330e+00   1.052207e+04   3.361153e+02
  1.716970e+00   1.007939e+04   3.310506e+02
  1.719610e+00   1.010931e+04   3.311414e+02
  1.722260e+00   1.023647e+04   3.328163e+02
  1.724900e+00   1.037589e+04   3.329780e+02
  1.727540e+00   9.976925e+03   3.268050e+02
  1.730190e+00   1.016871e+04   3.313146e+02
  1.732830e+00   1.047735e+04   3.352002e+02
  1.735470e+00   9.803676e+03   3.246322e+02
  1.738120e+00   1.032384e+04   3.316496e+02
  1.740760e+00   9.750317e+03   3.226884e+02
  1.743400e+00   9.829916e+03   3.239067e+02
  1.746050e+00   9.727212e+03   3.219237e+02
  1.748690e+00   9.687862e+03   3.207972e+02
  1.751330e+00   1.007197e+04   3.257508e+02
  1.753980e+00   1.021560e+04   3.303961e+02
  1.756620e+00   9.613311e+03   3.181541e+02
  1.759260e+00   1.037019e+04   3.309262e+02
  1.761910e+00   1.017733e+04   3.274501e+02
  1.764550e+00   9.757698e+03   3.210047e+02
  1.767190e+00   9.677239e+03   3.206212e+02
  1.769840e+00   9.563829e+03   3.153101e+02
  1.772480e+00   1.002619e+04   3.244400e+02
  1.775120e+00   1.035357e+04   3.274087e+02
  1.777770e+00   9.840780e+03   3.201206e+02
  1.780410e+00   9.936404e+03   3.228897e+02
  1.783060e+00   9.932930e+03   3.195868e+02
  1.785700e+00   1.024083e+04   3.271314e+02
  1.788340e+00   1.019656e+04   3.253853e+02
  1.790990e+00   1.037943e+04   3.265974e+02
  1.793630e+00   1.044040e+04   3.298247e+02
  1.796270e+00   9.915258e+03   3.180320e+02
  1.798920e+00   1.057276e+04   3.326807e+02
  1.801560e+00   1.050275e+04   3.285318e+02
  1.804200e+00   1.029133e+04   3.251156e+02
  1.806850e+00   1.016182e+04   3.236183e+02
  1.809490e+00   1.034705e+04   3.259014e+02
  1.812130e+00   1.012998e+04   3.274558e+02
  1.814780e+00   1.069853e+04   3.306365e+02
  1.817420e+00   1.025886e+04   3.263778e+02
  1.820060e+00   9.543675e+03   3.151599e+02
  1.822710e+00   9.682977e+03   3.171765e+02
  1.825350e+00   9.950465e+03   3.228357e+02
  1.827990e+00   9.539242e+03   3.138180e+02
  1.830640e+00   9.821060e+03   3.220452e+02
  1.833280e+00   9.679799e+03   3.163941e+02
  1.835920e+00   1.004935e+04   3.243415e+02
  1.838570e+00   9.331303e+03   3.120855e+02
  1.841210e+00   1.014121e+04   3.232899e+02
  1.843850e+00   1.006901e+04   3.268537e+02
  1.846500e+00   1.022486e+04   3.254610e+02
  1.849140e+00   1.018544e+04   3.265302e+02
  1.851780e+00   1.038640e+04   3.306028e+02
  1.854430e+00   1.076340e+04   3.348879e+02
  1.857070e+00   1.025700e+04   3.295024e+02
  1.859710e+00   9.876882e+03   3.187750e+02
  1.862360e+00   1.036981e+04   3.302421e+02
  1.865000e+00   9.964477e+03   3.227811e+02
  1.867640e+00   1.047590e+04   3.314429e+02
  1.870290e+00   1.017317e+04   3.268094e+02
  1.872930e+00   1.048390e+04   3.284246e+02
  1.875570e+00   1.035227e+04   3.310291e+02
  1.878220e+00   9.980736e+03   3.231383e+02
  1.880860e+00   9.873041e+03   3.208307e+02
  1.883500e+00   9.796076e+03   3.219190e+02
  1.886150e+00   1.062420e+04   3.302373e+02
  1.888790e+00   9.405629e+03   3.158101e+02
  1.891430e+00   1.033132e+04   3.268686e+02
  1.894080e+00   9.950250e+03   3.236817e+02
  1.896720e+00   1.052937e+04   3.329678e+02
  1.899360e+00   9.868336e+03   3.208473e+02
  1.902010e+00   1.002759e+04   3.255095e+02
  1.904650e+00   1.034423e+04   3.261364e+02
  1.907290e+00   1.022401e+04   3.281042e+02
  1.909940e+00   1.039547e+04   3.287335e+02
  1.912580e+00   9.695990e+03   3.203645e+02
  1.915220e+00   1.028115e+04   3.282519e+02
  1.917870e+00   1.006699e+04   3.225673e+02
  1.920510e+00   9.999359e+03   3.239110e+02
  1.923150e+00   1.045054e+04   3.311379e+02
  1.925800e+00   9.873041e+03   3.208307e+02
  1.928440e+00   9.873449e+03   3.218652e+02
  1.931080e+00   9.708537e+03   3.175031e+02
  1.933730e+00   1.008970e+04   3.263243e+02
  1.936370e+00   1.006070e+04   3.238654e+02
  1.939020e+00   9.940258e+03   3.218277e+02
  1.941660e+00   9.769687e+03   3.193322e+02
  1.944300e+00   9.781958e+03   3.199042e+02
  1.946950e+00   1.010819e+04   3.262405e+02
  1.949590e+00   9.779403e+03   3.182924e+02
  1.952230e+00   1.038315e+04   3.301649e+02
  1.954880e+00   9.804803e+03   3.196275e+02
  1.957520e+00   9.825746e+03   3.209931e+02
  1.960160e+00   1.053775e+04   3.317436e+02
  1.962810e+00   9.552138e+03   3.147537e+02
  1.965450e+00   1.036697e+04   3.304868e+02
  1.968090e+00   9.935883e+03   3.210138e+02
  1.970740e+00   1.057953e+04   3.324005e+02
  1.973380e+00   9.635853e+03   3.163124e+02
  1.976020e+00   1.016089e+04   3.249095e+02
  1.978670e+00   9.726880e+03   3.206857e+02
  1.981310e+00   9.740552e+03   3.182099e+02
  1.983950e+00   9.997013e+03   3.234958e+02
  1.986600e+00   1.022203e+04   3.250416e+02
  1.989240e+00   9.458179e+03   3.147485e+02
  1.991880e+00   9.978441e+03   3.227258e+02
  1.994530e+00   1.047541e+04   3.273566e+02
  1.997170e+00   1.002881e+04   3.257207e+02
  1.999810e+00   9.822589e+03   3.173535e+02
  2.002460e+00   9.979647e+03   3.220917e+02
  2.005100e+00   9.994643e+03   3.214061e+02
  2.007740e+00   1.039677e+04   3.264972e+02
  2.010390e+00   1.004011e+04   3.243811e+02
  2.013030e+00   9.925121e+03   3.190055e+02
  2.015670e+00   9.761948e+03   3.165528e+02
  2.018320e+00   9.494741e+03   3.105112e+02
  2.020960e+00   1.028842e+04   3.253484e+02
  2.023600e+00   1.058620e+04   3.304961e+02
  2.026250e+00   9.814153e+03   3.156019e+02
  2.028890e+00   1.005911e+04   3.228122e+02
  2.031530e+00   9.704120e+03   3.141825e+02
  2.034180e+00   1.032539e+04   3.266808e+02
  2.036820e+00   1.014360e+04   3.222220e+02
  2.039460e+00   1.036220e+04   3.242942e+02
  2.042110e+00   9.663129e+03   3.158492e+02
  2.044750e+00   1.012056e+04   3.214900e+02
  2.047390e+00   1.001886e+04   3.223514e+02
  2.050040e+00   9.534136e+03   3.108039e+02
  2.052680e+00   9.736320e+03   3.150599e+02
  2.055320e+00   1.036393e+04   3.275724e+02
  2.057970e+00   9.973124e+03   3.184174e+02
  2.060610e+00   1.034396e+04   3.254814e+02
  2.063250e+00   9.618012e+03   3.128740e+02
  2.065900e+00   1.053431e+04   3.285561e+02
  2.068540e+00   9.909847e+03   3.196725e+02
  2.071180e+00   9.844384e+03   3.151110e+02
  2.073830e+00   1.016900e+04   3.240112e+02
  2.076470e+00   1.002495e+04   3.186139e+02
  2.079110e+00   9.712481e+03   3.172929e+02
  2.081760e+00   9.901960e+03   3.172793e+02
  2.084400e+00   1.072403e+04   3.286120e+02
  2.087040e+00   1.015418e+04   3.238680e+02
  2.089690e+00   1.045757e+04   3.267990e+02
  2.092330e+00   1.026930e+04   3.252321e+02
  2.094980e+00   1.015791e+04   3.209004e+02
  2.097620e+00   1.040280e+04   3.249289e+02
  2.100260e+00   1.031173e+04   3.247891e+02
  2.102910e+00   1.004548e+04   3.197511e+02
  2.105550e+00   9.664673e+03   3.162378e+02
  2.108190e+00   1.003717e+04   3.263367e+02
  2.110840e+00   9.997335e+03   3.323227e+02
  2.113480e+00   9.612414e+03   3.277806e+02
  2.116120e+00   9.795437e+03   3.294562e+02
  2.118770e+00   9.163247e+03   3.233640e+02
  2.121410e+00   1.058090e+04   3.452947e+02
  2.124050e+00   1.005032e+04   3.447230e+02
  2.126700e+00   9.921895e+03   3.385307e+02
  2.129340e+00   1.028002e+04   3.477269e+02
  2.131980e+00   1.006299e+04   3.469997e+02
  2.134630e+00   1.002298e+04   3.456200e+02
  2.137270e+00   1.051438e+04   3.600056e+02
  2.139910e+00   9.985908e+03   3.447518e+02
  2.142560e+00   1.060731e+04   3.623388e+02
  2.145200e+00   1.009984e+04   3.535652e+02
  2.147840e+00   9.898738e+03   3.506313e+02
  2.150490e+00   9.985643e+03   3.532667e+02
  2.153130e+00   9.635683e+03   3.436934e+02
  2.155770e+00   9.724955e+03   3.520670e+02
  2.158420e+00   1.037005e+04   3.645916e+02
  2.161060e+00   9.513718e+03   3.437446e+02
  2.163700e+00   9.945600e+03   3.464714e+02
  2.166350e+00   1.032858e+04   3.479787e+02
  2.168990e+00   9.989878e+03   3.444785e+02
  2.171630e+00   9.882556e+03   3.391684e+02
  2.174280e+00   9.909166e+03   3.380964e+02
  2.176920e+00   9.954890e+03   3.408489e+02
  2.179560e+00   1.011467e+04   3.386642e+02
  2.182210e+00   9.547704e+03   3.290356e+02
  2.184850e+00   9.650859e+03   3.296671e+02
  2.187490e+00   1.070916e+04   3.478173e+02
  2.190140e+00   1.007615e+04   3.390894e+02
  2.192780e+00   9.993699e+03   3.353666e+02
  2.195420e+00   1.017699e+04   3.357081e+02
  2.198070e+00   1.029729e+04   3.382074e+02
  2.200710e+00   1.089339e+04   3.490467e+02
  2.203350e+00   1.004030e+04   3.373106e+02
  2.206000e+00   9.373895e+03   3.220909e+02
  2.208640e+00   1.014605e+04   3.363383e+02
  2.211280e+00   1.004964e+04   3.353608e+02
  2.213930e+00   9.619691e+03   3.268904e+02
  2.216570e+00   1.013286e+04   3.366419e+02
  2.219210e+00   9.360110e+03   3.206721e+02
  2.221860e+00   1.025755e+04   3.381813e+02
  2.224500e+00   1.027028e+04   3.386012e+02
  2.227140e+00   9.861201e+03   3.314806e+02
  2.229790e+00   9.520370e+03   3.253995e+02
  2.232430e+00   9.003166e+03   3.159492e+02
  2.235070e+00   1.028626e+04   3.394973e+02
  2.237720e+00   9.783022e+03   3.312949e+02
  2.240360e+00   1.014892e+04   3.368038e+02
  2.243010e+00   1.019214e+04   3.373105e+02
  2.245650e+00   9.276743e+03   3.218067e+02
  2.248290e+00   1.025108e+04   3.387052e+02
  2.250940e+00   1.023626e+04   3.402650e+02
  2.253580e+00   9.798493e+03   3.290012e+02
  2.256220e+00   1.022210e+04   3.388593e+02
  2.258870e+00   1.041069e+04   3.430439e+02
  2.261510e+00   9.036759e+03   3.177155e+02
  2.264150e+00   9.780857e+03   3.319839e+02
  2.266800e+00   1.071420e+04   3.467035e+02
  2.269440e+00   9.869903e+03   3.332829e+02
  2.272080e+00   1.013240e+04   3.390678e+02
  2.274730e+00   9.616064e+03   3.273346e+02
  2.277370e+00   1.032173e+04   3.410397e+02
  2.280010e+00   9.641568e+03   3.285838e+02
  2.282660e+00   1.007248e+04   3.366858e+02
  2.285300e+00   1.019813e+04   3.382505e+02
  2.287940e+00   9.894629e+03   3.320420e+02
  2.290590e+00   9.668901e+03   3.316406e+02
  2.293230e+00   1.036994e+04   3.387712e+02
  2.295870e+00   1.057559e+04   3.458587e+02
  2.298520e+00   1.000236e+04   3.341554e+02
  2.301160e+00   1.013017e+04   3.378602e+02
  2.303800e+00   9.670508e+03   3.334658e+02
  2.306450e+00   9.693980e+03   3.273424e+02
  2.309090e+00   9.315861e+03   3.253240e+02
  2.311730e+00   9.804446e+03   3.314508e+02
  2.314380e+00   1.005893e+04   3.369870e+02
  2.317020e+00   9.179768e+03   3.231432e+02
  2.319660e+00   9.930720e+03   3.321330e+02
  2.322310e+00   9.524391e+03   3.301988e+02
  2.324950e+00   1.019028e+04   3.378043e+02
  2.327590e+00   9.750855e+03   3.323083e+02
  2.330240e+00   1.031092e+04   3.431258e+02
  2.332880e+00   1.020481e+04   3.377298e+02
  2.335520e+00   1.006284e+04   3.403806e+02
  2.338170e+00   9.873875e+03   3.330375e+02
  2.340810e+00   9.891286e+03   3.334352e+02
  2.343450e+00   9.952066e+03   3.362492e+02
  2.346100e+00   9.963739e+03   3.345496e+02
  2.348740e+00   9.750446e+03   3.334582e+02
  2.351380e+00   9.711221e+03   3.290522e+02
  2.354030e+00   9.403112e+03   3.254081e+02
  2.356670e+00   9.560477e+03   3.296716e+02
  2.359310e+00   9.188657e+03   3.212739e+02
  2.361960e+00   1.013447e+04   3.385688e+02
  2.364600e+00   9.685497e+03   3.291266e+02
  2.367240e+00   1.031411e+04   3.428525e+02
  2.369890e+00   1.057892e+04   3.450462e+02
  2.372530e+00   9.401844e+03   3.271320e+02
  2.375170e+00   1.027504e+04   3.415538e+02
  2.377820e+00   9.970085e+03   3.338231e+02
  2.380460e+00   9.899850e+03   3.362165e+02
  2.383100e+00   9.760917e+03   3.297908e+02
  2.385750e+00   9.678539e+03   3.313869e+02
  2.388390e+00   9.917651e+03   3.335667e+02
  2.391030e+00   1.014925e+04   3.384965e+02
  2.393680e+00   9.638788e+03   3.292547e+02
  2.396320e+00   9.913488e+03   3.317422e+02
  2.398970e+00   1.029282e+04   3.412036e+02
  2.401610e+00   9.910088e+03   3.310728e+02
  2.404250e+00   9.854954e+03   3.344989e+02
  2.406900e+00   1.005096e+04   3.355917e+02
  2.409540e+00   9.330878e+03   3.219459e+02
  2.412180e+00   1.008756e+04   3.392813e+02
  2.414830e+00   9.641105e+03   3.270521e+02
  2.417470e+00   9.860083e+03   3.344804e+02
  2.420110e+00   9.627994e+03   3.277407e+02
  2.422760e+00   1.025265e+04   3.389421e+02
  2.425400e+00   1.025233e+04   3.411762e+02
  2.428040e+00   9.997403e+03   3.341763e+02
  2.430690e+00   9.786832e+03   3.333408e+02
  2.433330e+00   9.665788e+03   3.280782e+02
  2.435970e+00   9.697785e+03   3.322407e+02
  2.438620e+00   1.032697e+04   3.425241e+02
  2.441260e+00   9.674313e+03   3.289365e+02
  2.443900e+00   1.020386e+04   3.399398e+02
  2.446550e+00   9.746541e+03   3.300595e+02
  2.449190e+00   9.071553e+03   3.209285e+02
  2.451830e+00   9.263537e+03   3.236942e+02
  2.454480e+00   1.039709e+04   3.418542e+02
  2.457120e+00   9.524391e+03   3.301988e+02
  2.459760e+00   1.020601e+04   3.386983e+02
  2.462410e+00   1.068591e+04   3.485359e+02
  2.465050e+00   9.353115e+03   3.248471e+02
  2.467690e+00   9.648104e+03   3.303448e+02
  2.470340e+00   1.049552e+04   3.464038e+02
  2.472980e+00   9.757000e+03   3.325177e+02
  2.475620e+00   9.545610e+03   3.283790e+02
  2.478270e+00   9.347697e+03   3.248549e+02
  2.480910e+00   9.618902e+03   3.310963e+02
  2.483550e+00   1.021957e+04   3.416025e+02
  2.486200e+00   1.008203e+04   3.383307e+02
  2.488840e+00   1.008116e+04   3.390662e+02
  2.491480e+00   9.398755e+03   3.258432e+02
  2.494130e+00   9.369128e+03   3.271842e+02
  2.496770e+00   9.800227e+03   3.339908e+02
  2.499410e+00   1.018913e+04   3.400157e+02
  2.502060e+00   9.331510e+03   3.276736e+02
  2.504700e+00   9.461181e+03   3.270262e+02
  2.507340e+00   9.710988e+03   3.328884e+02
  2.509990e+00   9.940991e+03   3.351107e+02
  2.512630e+00   9.479221e+03   3.296248e+02
  2.515270e+00   9.844923e+03   3.357091e+02
  2.517920e+00   9.382041e+03   3.280354e+02
  2.520560e+00   9.682022e+03   3.322861e+02
  2.523200e+00   9.298626e+03   3.249203e+02
  2.525850e+00   9.700615e+03   3.343053e+02
  2.528490e+00   1.043539e+04   3.457400e+02
  2.531130e+00   1.019861e+04   3.407116e+02
  2.533780e+00   9.935303e+03   3.370321e+02
  2.536420e+00   9.638867e+03   3.321773e+02
  2.539060e+00   9.849570e+03   3.378375e+02
  2.541710e+00   1.006796e+04   3.376684e+02
  2.544350e+00   1.032084e+04   3.438372e+02
  2.546990e+00   1.003847e+04   3.397508e+02
  2.549640e+00   1.019756e+04   3.429810e+02
  2.552280e+00   9.977117e+03   3.390362e+02
  2.554930e+00   9.596825e+03   3.293622e+02
  2.557570e+00   1.013548e+04   3.412793e+02
  2.560210e+00   1.053178e+04   3.472224e+02
  2.562860e+00   9.299748e+03   3.285904e+02
  2.565500e+00   1.044464e+04   3.470001e+02
  2.568140e+00   9.710077e+03   3.326617e+02
  2.570790e+00   9.782080e+03   3.371127e+02
  2.573430e+00   9.964656e+03   3.366745e+02
  2.576070e+00   9.458078e+03   3.298884e+02
  2.578720e+00   9.743344e+03   3.355786e+02
  2.581360e+00   9.555520e+03   3.314773e+02
  2.584000e+00   9.998958e+03   3.411600e+02
  2.586650e+00   9.788699e+03   3.349624e+02
  2.589290e+00   9.719926e+03   3.337836e+02
  2.591930e+00   9.635190e+03   3.326437e+02
  2.594580e+00   1.022856e+04   3.446090e+02
  2.597220e+00   9.901782e+03   3.398283e+02
  2.599860e+00   9.782653e+03   3.335857e+02
  2.602510e+00   9.944727e+03   3.399038e+02
  2.605150e+00   1.031783e+04   3.448871e+02
  2.607790e+00   9.724595e+03   3.349328e+02
  2.610440e+00   9.826394e+03   3.374398e+02
  2.613080e+00   9.473796e+03   3.296355e+02
  2.615720e+00   9.825547e+03   3.396206e+02
  2.618370e+00   9.516280e+03   3.311137e+02
  2.621010e+00   9.901648e+03   3.376434e+02
  2.623650e+00   9.590002e+03   3.336788e+02
  2.626300e+00   9.506076e+03   3.313610e+02
  2.628940e+00   9.479565e+03   3.336965e+02
  2.631580e+00   1.016496e+04   3.418845e+02
  2.634230e+00   9.939829e+03   3.389454e+02
  2.636870e+00   9.971872e+03   3.400380e+02
  2.639510e+00   9.748637e+03   3.355619e+02
  2.642160e+00   9.718001e+03   3.373167e+02
  2.644800e+00   9.800161e+03   3.351585e+02
  2.647440e+00   1.017416e+04   3.459319e+02
  2.650090e+00   9.792663e+03   3.370774e+02
  2.652730e+00   9.632705e+03   3.349620e+02
  2.655370e+00   9.971984e+03   3.390576e+02
  2.658020e+00   9.403708e+03   3.302088e+02
  2.660660e+00   9.895365e+03   3.396081e+02
  2.663300e+00   9.762166e+03   3.362268e+02
  2.665950e+00   9.707424e+03   3.387914e+02
  2.668590e+00   1.001711e+04   3.506691e+02
  2.671230e+00   9.479333e+03   3.463673e+02
  2.673880e+00   1.057282e+04   3.701227e+02
  2.676520e+00   1.004845e+04   3.597924e+02
  2.679160e+00   9.652966e+03   3.589977e+02
  2.681810e+00   1.036828e+04   3.721996e+02
  2.684450e+00   9.761272e+03   3.645414e+02
  2.687090e+00   1.002171e+04   3.709200e+02
  2.689740e+00   1.029627e+04   3.759667e+02
  2.692380e+00   9.298222e+03   3.638675e+02
  2.695020e+00   1.006206e+04   3.776223e+02
  2.697670e+00   9.904943e+03   3.773483e+02
  2.700310e+00   1.092617e+04   3.971184e+02
  2.702950e+00   9.904318e+03   3.787011e+02
  2.705600e+00   1.004909e+04   3.867898e+02
  2.708240e+00   9.638567e+03   3.763228e+02
  2.710890e+00   9.313491e+03   3.731371e+02
  2.713530e+00   9.617679e+03   3.807676e+02
  2.716170e+00   9.962114e+03   3.916511e+02
  2.718820e+00   1.012095e+04   3.969765e+02
  2.721460e+00   9.644547e+03   3.803438e+02
  2.724100e+00   9.453210e+03   3.690858e+02
  2.726750e+00   9.530187e+03   3.673617e+02
  2.729390e+00   9.662076e+03   3.691689e+02
  2.732030e+00   9.553227e+03   3.615950e+02
  2.734680e+00   9.911026e+03   3.673271e+02
  2.737320e+00   1.006950e+04   3.694142e+02
  2.739960e+00   8.945279e+03   3.458445e+02
  2.742610e+00   9.906640e+03   3.636842e+02
  2.745250e+00   9.527165e+03   3.526162e+02
  2.747890e+00   9.535847e+03   3.556271e+02
  2.750540e+00   9.779464e+03   3.597434e+02
  2.753180e+00   9.568493e+03   3.500929e+02
  2.755820e+00   9.897849e+03   3.604584e+02
  2.758470e+00   9.729134e+03   3.531452e+02
  2.761110e+00   9.580223e+03   3.538536e+02
  2.763750e+00   9.789501e+03   3.562764e+02
  2.766400e+00   9.418454e+03   3.462293e+02
  2.769040e+00   9.287110e+03   3.451527e+02
  2.771680e+00   8.795910e+03   3.336479e+02
  2.774330e+00   9.166118e+03   3.437563e+02
  2.776970e+00   9.950302e+03   3.553679e+02
  2.779610e+00   9.428096e+03   3.451871e+02
  2.782260e+00   9.372388e+03   3.476026e+02
  2.784900e+00   9.812958e+03   3.506865e+02
  2.787540e+00   9.738759e+03   3.525667e+02
  2.790190e+00   9.491638e+03   3.442979e+02
  2.792830e+00   9.138239e+03   3.407988e+02
  2.795470e+00   9.691603e+03   3.510897e+02
  2.798120e+00   9.241858e+03   3.397375e+02
  2.800760e+00   9.376463e+03   3.437578e+02
  2.803400e+00   9.802737e+03   3.496520e+02
  2.806050e+00   1.018850e+04   3.582087e+02
  2.808690e+00   9.842261e+03   3.495089e+02
  2.811330e+00   1.026075e+04   3.563705e+02
  2.813980e+00   9.506269e+03   3.452833e+02
  2.816620e+00   9.477638e+03   3.413288e+02
  2.819260e+00   9.521024e+03   3.462763e+02
  2.821910e+00   1.021155e+04   3.546618e+02
  2.824550e+00   9.570228e+03   3.431093e+02
  2.827190e+00   9.393959e+03   3.434771e+02
  2.829840e+00   9.249345e+03   3.366181e+02
  2.832480e+00   9.764251e+03   3.487232e+02
  2.835120e+00   9.420272e+03   3.394830e+02
  2.837770e+00   1.031389e+04   3.577850e+02
  2.840410e+00   9.489565e+03   3.435453e+02
  2.843050e+00   9.840851e+03   3.479266e+02
  2.845700e+00   9.072752e+03   3.355679e+02
  2.848340e+00   8.803603e+03   3.271833e+02
  2.850980e+00   9.465345e+03   3.433442e+02
  2.853630e+00   9.718835e+03   3.459997e+02
  2.856270e+00   9.953110e+03   3.490708e+02
  2.858910e+00   9.751353e+03   3.498278e+02
  2.861560e+00   1.035228e+04   3.569750e+02
  2.864200e+00   9.882507e+03   3.520497e+02
  2.866850e+00   9.454316e+03   3.413756e+02
  2.869490e+00   9.989829e+03   3.507903e+02
  2.872130e+00   9.583253e+03   3.453565e+02
  2.874780e+00   9.632150e+03   3.459970e+02
  2.877420e+00   9.116107e+03   3.362527e+02
  2.880060e+00   9.286498e+03   3.375235e+02
  2.882710e+00   9.784954e+03   3.468185e+02
  2.885350e+00   9.466660e+03   3.438446e+02
  2.887990e+00   9.467294e+03   3.418442e+02
  2.890640e+00   9.272496e+03   3.399462e+02
  2.893280e+00   9.825249e+03   3.482467e+02
  2.895920e+00   9.855515e+03   3.486631e+02
  2.898570e+00   9.782590e+03   3.476092e+02
  2.901210e+00   9.225479e+03   3.366425e+02
  2.903850e+00   9.951067e+03   3.520434e+02
  2.906500e+00   9.182354e+03   3.357401e+02
  2.909140e+00   9.879330e+03   3.526084e+02
  2.911780e+00   9.800696e+03   3.452148e+02
  2.914430e+00   1.010680e+04   3.538087e+02
  2.917070e+00   9.311033e+03   3.379691e+02
  2.919710e+00   9.963693e+03   3.511740e+02
  2.922360e+00   9.623753e+03   3.452502e+02
  2.925000e+00   9.882745e+03   3.472443e+02
  2.927640e+00   9.779117e+03   3.481458e+02
  2.930290e+00   9.324662e+03   3.389106e+02
  2.932930e+00   9.041282e+03   3.334927e+02
  2.935570e+00   9.357207e+03   3.403183e+02
  2.938220e+00   9.424917e+03   3.389907e+02
  2.940860e+00   8.898084e+03   3.339391e+02
  2.943500e+00   9.664955e+03   3.438637e+02
  2.946150e+00   9.729540e+03   3.472622e+02
  2.948790e+00   9.872935e+03   3.475438e+02
  2.951430e+00   9.257095e+03   3.377962e+02
  2.954080e+00   9.542358e+03   3.454566e+02
  2.956720e+00   9.854831e+03   3.460499e+02
  2.959360e+00   9.449722e+03   3.418789e+02
  2.962010e+00   9.886385e+03   3.480173e+02
  2.964650e+00   8.874656e+03   3.311992e+02
  2.967290e+00   9.399127e+03   3.404944e+02
  2.969940e+00   9.071546e+03   3.330269e+02
  2.972580e+00   9.467947e+03   3.420908e+02
  2.975220e+00   9.184455e+03   3.376273e+02
  2.977870e+00   9.151992e+03   3.355283e+02
  2.980510e+00   9.114753e+03   3.343879e+02
  2.983150e+00   9.706316e+03   3.442476e+02
  2.985800e+00   9.505028e+03   3.427601e+02
  2.988440e+00   8.746393e+03   3.277849e+02
  2.991080e+00   9.591550e+03   3.443166e+02
  2.993730e+00   9.589088e+03   3.435647e+02
  2.996370e+00   1.025573e+04   3.538563e+02
  2.999010e+00   1.025543e+04   3.564008e+02
  3.001660e+00   9.589906e+03   3.438148e+02
  3.004300e+00   9.857527e+03   3.478646e+02
  3.006940e+00   9.387878e+03   3.407584e+02
  3.009590e+00   9.107751e+03   3.330124e+02
  3.012230e+00   9.010618e+03   3.337266e+02
  3.014870e+00   9.764931e+03   3.461088e+02
  3.017520e+00   1.006668e+04   3.526204e+02
  3.020160e+00   9.987103e+03   3.502630e+02
  3.022810e+00   1.003482e+04   3.508591e+02
  3.025450e+00   9.379827e+03   3.397953e+02
  3.028090e+00   8.961842e+03   3.292215e+02
  3.030740e+00   9.665871e+03   3.441141e+02
  3.033380e+00   9.058956e+03   3.318945e+02
  3.036020e+00   9.762828e+03   3.456003e+02
  3.038670e+00   9.911376e+03   3.473936e+02
  3.041310e+00   9.138093e+03   3.334537e+02
  3.043950e+00   9.169352e+03   3.348174e+02
  3.046600e+00   9.468479e+03   3.358124e+02
  3.049240e+00   9.435906e+03   3.387293e+02
  3.051880e+00   8.785782e+03   3.265210e+02
  3.054530e+00   9.619149e+03   3.422340e+02
  3.057170e+00   9.668901e+03   3.418473e+02
  3.059810e+00   9.225095e+03   3.320184e+02
  3.062460e+00   9.269686e+03   3.344910e+02
  3.065100e+00   9.705159e+03   3.424876e+02
  3.067740e+00   8.998117e+03   3.296655e+02
  3.070390e+00   9.957872e+03   3.456428e+02
  3.073030e+00   9.596384e+03   3.405629e+02
  3.075670e+00   9.766631e+03   3.438017e+02
  3.078320e+00   8.967938e+03   3.290017e+02
  3.080960e+00   9.064207e+03   3.300989e+02
  3.083600e+00   9.971175e+03   3.461045e+02
  3.086250e+00   9.852506e+03   3.455425e+02
  3.088890e+00   9.694963e+03   3.427687e+02
  3.091530e+00   9.530884e+03   3.378132e+02
  3.094180e+00   9.975115e+03   3.468687e+02
  3.096820e+00   9.456458e+03   3.377306e+02
  3.099460e+00   9.446223e+03   3.382291e+02
  3.102110e+00   9.028434e+03   3.307762e+02
  3.104750e+00   9.034238e+03   3.298837e+02
  3.107390e+00   9.518178e+03   3.392864e+02
  3.110040e+00   9.499014e+03   3.386033e+02
  3.112680e+00   9.537234e+03   3.380383e+02
  3.115320e+00   9.774521e+03   3.430184e+02
  3.117970e+00   9.662407e+03   3.416177e+02
  3.120610e+00   9.531724e+03   3.399853e+02
  3.123250e+00   9.524583e+03   3.395147e+02
  3.125900e+00   9.219877e+03   3.324773e+02
  3.128540e+00   9.813935e+03   3.444016e+02
  3.131180e+00   9.620557e+03   3.409916e+02
  3.133830e+00   9.518887e+03   3.395274e+02
  3.136470e+00   9.722798e+03   3.426836e+02
  3.139110e+00   9.763516e+03   3.430550e+02
  3.141760e+00   9.937337e+03   3.470269e+02
  3.144400e+00   9.226968e+03   3.333839e+02
  3.147040e+00   9.637385e+03   3.409462e+02
  3.149690e+00   9.316658e+03   3.346642e+02
  3.152330e+00   9.028336e+03   3.303296e+02
  3.154970e+00   8.998183e+03   3.314523e+02
  3.157620e+00   9.712405e+03   3.414700e+02
  3.160260e+00   9.622785e+03   3.400044e+02
  3.162900e+00   9.675403e+03   3.420772e+02
  3.165550e+00   9.040618e+03   3.312226e+02
  3.168190e+00   9.271184e+03   3.354197e+02
  3.170830e+00   9.518911e+03   3.376010e+02
  3.173480e+00   9.991198e+03   3.478489e+02
  3.176120e+00   9.432925e+03   3.375366e+02
  3.178770e+00   9.251407e+03   3.340489e+02
  3.181410e+00   9.571433e+03   3.398916e+02
  3.184050e+00   9.863054e+03   3.442230e+02
  3.186700e+00   9.801848e+03   3.441895e+02
  3.189340e+00   9.861111e+03   3.449966e+02
  3.191980e+00   9.394885e+03   3.336222e+02
  3.194630e+00   9.961753e+03   3.464041e+02
  3.197270e+00   9.527321e+03   3.366313e+02
  3.199910e+00   9.783381e+03   3.424868e+02
  3.202560e+00   9.416289e+03   3.354414e+02
  3.205200e+00   9.318955e+03   3.328198e+02
  3.207840e+00   9.271779e+03   3.321959e+02
  3.210490e+00   9.331289e+03   3.332603e+02
  3.213130e+00   9.145890e+03   3.289548e+02
  3.215770e+00   9.705548e+03   3.383141e+02
  3.218420e+00   9.530066e+03   3.356822e+02
  3.221060e+00   9.312799e+03   3.326000e+02
  3.223700e+00   9.139103e+03   3.278635e+02
  3.226350e+00   8.986103e+03   3.276895e+02
  3.228990e+00   9.658393e+03   3.501165e+02
  3.231630e+00   1.016837e+04   3.645536e+02
  3.234280e+00   9.186828e+03   3.512671e+02
  3.236920e+00   9.550300e+03   3.584164e+02
  3.239560e+00   9.421592e+03   3.613015e+02
  3.242210e+00   9.891286e+03   3.727919e+02
  3.244850e+00   9.493229e+03   3.686865e+02
  3.247490e+00   8.543920e+03   3.514499e+02
  3.250140e+00   9.218523e+03   3.669836e+02
  3.252780e+00   9.051826e+03   3.677053e+02
  3.255420e+00   9.142952e+03   3.714070e+02
  3.258070e+00   9.725662e+03   3.835427e+02
  3.260710e+00   9.052631e+03   3.701896e+02
  3.263350e+00   9.975587e+03   3.946281e+02
  3.266000e+00   9.315194e+03   3.831759e+02
  3.268640e+00   9.565025e+03   3.901655e+02
  3.271280e+00   9.469533e+03   3.882130e+02
  3.273930e+00   9.966153e+03   4.005735e+02
  3.276570e+00   9.872364e+03   4.030376e+02
  3.279210e+00   9.685061e+03   4.021503e+02
  3.281860e+00   1.003055e+04   4.018657e+02
  3.284500e+00   8.767856e+03   3.682153e+02
  3.287140e+00   9.607562e+03   3.797723e+02
  3.289790e+00   9.854128e+03   3.827026e+02
  3.292430e+00   9.231190e+03   3.657531e+02
  3.295070e+00   9.670453e+03   3.736022e+02
  3.297720e+00   8.834322e+03   3.559450e+02
  3.300360e+00   8.877893e+03   3.559711e+02
  3.303000e+00   9.560664e+03   3.663654e+02
  3.305650e+00   9.318936e+03   3.600219e+02
  3.308290e+00   9.611981e+03   3.659219e+02
  3.310930e+00   9.775214e+03   3.697325e+02
  3.313580e+00   9.503708e+03   3.649877e+02
  3.316220e+00   9.678443e+03   3.663345e+02
  3.318860e+00   9.311735e+03   3.597437e+02
  3.321510e+00   1.035286e+04   3.762810e+02
  3.324150e+00   9.198634e+03   3.559058e+02
  3.326800e+00   9.561712e+03   3.601149e+02
  3.329440e+00   9.451627e+03   3.600783e+02
  3.332080e+00   9.546806e+03   3.616111e+02
  3.334730e+00   8.760112e+03   3.457341e+02
  3.337370e+00   1.007221e+04   3.687697e+02
  3.340010e+00   9.038807e+03   3.473896e+02
  3.342660e+00   9.692060e+03   3.612018e+02
  3.345300e+00   9.557448e+03   3.586846e+02
  3.347940e+00   9.779218e+03   3.612037e+02
  3.350590e+00   9.204280e+03   3.493897e+02
  3.353230e+00   9.184813e+03   3.494067e+02
  3.355870e+00   8.779562e+03   3.414854e+02
  3.358520e+00   8.925960e+03   3.435604e+02
  3.361160e+00   9.767710e+03   3.583425e+02
  3.363800e+00   9.989720e+03   3.645301e+02
  3.366450e+00   9.514796e+03   3.548420e+02
  3.369090e+00   9.335893e+03   3.513610e+02
  3.371730e+00   9.498857e+03   3.513279e+02
  3.374380e+00   9.005167e+03   3.433188e+02
  3.377020e+00   9.566884e+03   3.555504e+02
  3.379660e+00   9.535847e+03   3.556271e+02
  3.382310e+00   9.064119e+03   3.445661e+02
  3.384950e+00   9.050595e+03   3.430619e+02
  3.387590e+00   9.376801e+03   3.496957e+02
  3.390240e+00   9.609955e+03   3.554370e+02
  3.392880e+00   9.050850e+03   3.438134e+02
  3.395520e+00   9.103253e+03   3.450579e+02
  3.398170e+00   8.906564e+03   3.423071e+02
  3.400810e+00   9.077592e+03   3.455780e+02
  3.403450e+00   8.821176e+03   3.405377e+02
  3.406100e+00   9.484440e+03   3.505550e+02
  3.408740e+00   8.946099e+03   3.428153e+02
  3.411380e+00   9.051021e+03   3.443171e+02
  3.414030e+00   9.685790e+03   3.560567e+02
  3.416670e+00   9.234399e+03   3.477876e+02
  3.419310e+00   9.422134e+03   3.504129e+02
  3.421960e+00   8.893409e+03   3.420542e+02
  3.424600e+00   9.340201e+03   3.502849e+02
  3.427240e+00   9.524846e+03   3.518082e+02
  3.429890e+00   9.316936e+03   3.479474e+02
  3.432530e+00   9.310209e+03   3.476961e+02
  3.435170e+00   9.489456e+03   3.524296e+02
  3.437820e+00   9.172694e+03   3.440029e+02
  3.440460e+00   9.637134e+03   3.526043e+02
  3.443100e+00   9.600175e+03   3.524335e+02
  3.445750e+00   9.603565e+03   3.516115e+02
  3.448390e+00   9.483025e+03   3.500248e+02
  3.451030e+00   9.484182e+03   3.481753e+02
  3.453680e+00   9.196734e+03   3.429803e+02
  3.456320e+00   9.050258e+03   3.420676e+02
  3.458960e+00   9.424512e+03   3.462181e+02
  3.461610e+00   9.359360e+03   3.442896e+02
  3.464250e+00   9.849075e+03   3.549360e+02
  3.466890e+00   8.979377e+03   3.377042e+02
  3.469540e+00   9.521775e+03   3.486169e+02
  3.472180e+00   9.611574e+03   3.468278e+02
  3.474820e+00   8.979449e+03   3.367556e+02
  3.477470e+00   9.403977e+03   3.452309e+02
  3.480110e+00   9.729759e+03   3.517802e+02
  3.482760e+00   9.282961e+03   3.426403e+02
  3.485400e+00   9.004584e+03   3.355810e+02
  3.488040e+00   9.212318e+03   3.404971e+02
  3.490690e+00   9.023942e+03   3.391405e+02
  3.493330e+00   8.528052e+03   3.270359e+02
  3.495970e+00   9.211092e+03   3.395253e+02
  3.498620e+00   8.834322e+03   3.339060e+02
  3.501260e+00   8.393446e+03   3.252394e+02
  3.503900e+00   9.061199e+03   3.374567e+02
  3.506550e+00   9.468646e+03   3.445993e+02
  3.509190e+00   8.688548e+03   3.314888e+02
  3.511830e+00   8.922665e+03   3.355714e+02
  3.514480e+00   9.450793e+03   3.446350e+02
  3.517120e+00   8.841793e+03   3.327653e+02
  3.519760e+00   8.380117e+03   3.235108e+02
  3.522410e+00   9.180723e+03   3.397938e+02
  3.525050e+00   9.309595e+03   3.438577e+02
  3.527690e+00   9.560722e+03   3.456686e+02
  3.530340e+00   9.319063e+03   3.423443e+02
  3.532980e+00   8.205507e+03   3.213525e+02
  3.535620e+00   8.841162e+03   3.334507e+02
  3.538270e+00   8.821941e+03   3.334380e+02
  3.540910e+00   8.706812e+03   3.286174e+02
  3.543550e+00   9.339141e+03   3.433136e+02
  3.546200e+00   9.463361e+03   3.448640e+02
  3.548840e+00   8.998344e+03   3.358152e+02
  3.551480e+00   9.166924e+03   3.383573e+02
  3.554130e+00   9.136001e+03   3.381386e+02
  3.556770e+00   9.648803e+03   3.490814e+02
  3.559410e+00   9.268757e+03   3.414191e+02
  3.562060e+00   8.898735e+03   3.327938e+02
  3.564700e+00   9.305609e+03   3.416197e+02
  3.567340e+00   8.805520e+03   3.309317e+02
  3.569990e+00   9.200902e+03   3.412426e+02
  3.572630e+00   9.297000e+03   3.401594e+02
  3.575270e+00   9.524710e+03   3.454975e+02
  3.577920e+00   9.212318e+03   3.404971e+02
  3.580560e+00   9.010956e+03   3.367552e+02
  3.583200e+00   8.892581e+03   3.325637e+02
  3.585850e+00   9.619721e+03   3.457737e+02
  3.588490e+00   9.295182e+03   3.426249e+02
  3.591130e+00   9.236803e+03   3.404731e+02
  3.593780e+00   8.960834e+03   3.346485e+02
  3.596420e+00   9.041965e+03   3.358101e+02
  3.599060e+00   9.073539e+03   3.372154e+02
  3.601710e+00   8.960964e+03   3.339554e+02
  3.604350e+00   9.073426e+03   3.369786e+02
  3.606990e+00   9.186062e+03   3.390637e+02
  3.609640e+00   9.079989e+03   3.376884e+02
  3.612280e+00   9.330220e+03   3.418328e+02
  3.614920e+00   9.054523e+03   3.362765e+02
  3.617570e+00   8.842418e+03   3.320840e+02
  3.620210e+00   8.954507e+03   3.348796e+02
  3.622850e+00   9.085292e+03   3.360317e+02
  3.625500e+00   9.198003e+03   3.388128e+02
  3.628140e+00   9.035759e+03   3.358113e+02
  3.630780e+00   8.892027e+03   3.334771e+02
  3.633430e+00   9.782385e+03   3.489261e+02
  3.636070e+00   9.428587e+03   3.429144e+02
  3.638720e+00   8.640432e+03   3.294134e+02
  3.641360e+00   9.612437e+03   3.470850e+02
  3.644000e+00   8.320653e+03   3.231474e+02
  3.646650e+00   9.264941e+03   3.389865e+02
  3.649290e+00   9.403643e+03   3.424605e+02
  3.651930e+00   9.428587e+03   3.429144e+02
  3.654580e+00   8.973409e+03   3.341872e+02
  3.657220e+00   9.387956e+03   3.434873e+02
  3.659860e+00   9.743505e+03   3.493216e+02
  3.662510e+00   8.818198e+03   3.309411e+02
  3.665150e+00   9.022936e+03   3.337253e+02
  3.667790e+00   9.284150e+03   3.396893e+02
  3.670440e+00   9.259662e+03   3.394757e+02
  3.673080e+00   8.985864e+03   3.341879e+02
  3.675720e+00   9.428467e+03   3.404422e+02
  3.678370e+00   9.183662e+03   3.369159e+02
  3.681010e+00   9.402759e+03   3.395140e+02
  3.683650e+00   8.461681e+03   3.230685e+02
  3.686300e+00   9.065283e+03   3.325730e+02
  3.688940e+00   8.573269e+03   3.249689e+02
  3.691580e+00   8.875138e+03   3.305274e+02
  3.694230e+00   8.979927e+03   3.303319e+02
  3.696870e+00   8.810542e+03   3.265404e+02
  3.699510e+00   8.639686e+03   3.240135e+02
  3.702160e+00   9.278994e+03   3.365845e+02
  3.704800e+00   8.778126e+03   3.275968e+02
  3.707440e+00   9.286015e+03   3.337789e+02
  3.710090e+00   9.095018e+03   3.318819e+02
  3.712730e+00   8.810542e+03   3.265404e+02
  3.715370e+00   1.023676e+04   3.525728e+02
  3.718020e+00   8.239704e+03   3.162108e+02
  3.720660e+00   9.329130e+03   3.351123e+02
  3.723300e+00   9.053000e+03   3.321224e+02
  3.725950e+00   9.952043e+03   3.477525e+02
  3.728590e+00   8.559882e+03   3.205701e+02
  3.731230e+00   8.901614e+03   3.276730e+02
  3.733880e+00   9.233152e+03   3.336074e+02
  3.736520e+00   8.803603e+03   3.271833e+02
  3.739160e+00   9.277830e+03   3.358800e+02
  3.741810e+00   9.762484e+03   3.428072e+02
  3.744450e+00   9.458963e+03   3.386852e+02
  3.747090e+00   9.240344e+03   3.345229e+02
  3.749740e+00   8.719223e+03   3.251722e+02
  3.752380e+00   9.835839e+03   3.443232e+02
  3.755020e+00   8.847044e+03   3.269962e+02
  3.757670e+00   8.735859e+03   3.264744e+02
  3.760310e+00   9.155570e+03   3.329849e+02
  3.762950e+00   9.057976e+03   3.294354e+02
  3.765600e+00   9.173614e+03   3.332007e+02
  3.768240e+00   9.638727e+03   3.429305e+02
  3.770880e+00   9.303836e+03   3.372638e+02
  3.773530e+00   9.462173e+03   3.377194e+02
  3.776170e+00   9.087866e+03   3.298686e+02
  3.778810e+00   8.622208e+03   3.233581e+02
  3.781460e+00   8.919464e+03   3.285527e+02
  3.784100e+00   8.689110e+03   3.245008e+02
  3.786740e+00   8.955124e+03   3.321272e+02
  3.789390e+00   9.790348e+03   3.594150e+02
  3.792030e+00   9.277757e+03   3.552637e+02
  3.794680e+00   8.329068e+03   3.391859e+02
  3.797320e+00   8.339257e+03   3.421639e+02
  3.799960e+00   8.252407e+03   3.459589e+02
  3.802610e+00   9.221884e+03   3.697639e+02
  3.805250e+00   8.497171e+03   3.597139e+02
  3.807890e+00   9.044840e+03   3.692540e+02
  3.810540e+00   8.561688e+03   3.627704e+02
  3.813180e+00   9.242728e+03   3.805171e+02
  3.815820e+00   8.771220e+03   3.719826e+02
  3.818470e+00   9.088594e+03   3.823600e+02
  3.821110e+00   8.702530e+03   3.741510e+02
  3.823750e+00   8.735634e+03   3.801697e+02
  3.826400e+00   8.657177e+03   3.807422e+02
  3.829040e+00   8.653393e+03   3.828036e+02
  3.831680e+00   8.744433e+03   3.864530e+02
  3.834330e+00   9.131220e+03   3.985191e+02
  3.836970e+00   8.525300e+03   3.875136e+02
  3.839610e+00   8.493507e+03   3.888910e+02
  3.842260e+00   8.622069e+03   3.852056e+02
  3.844900e+00   8.804913e+03   3.785528e+02
  3.847540e+00   8.368073e+03   3.659103e+02
  3.850190e+00   8.392606e+03   3.614951e+02
  3.852830e+00   8.606483e+03   3.643415e+02
  3.855470e+00   9.303722e+03   3.760807e+02
  3.858120e+00   8.495860e+03   3.574235e+02
  3.860760e+00   9.548978e+03   3.765749e+02
  3.863400e+00   8.246393e+03   3.472358e+02
  3.866050e+00   8.933498e+03   3.617067e+02
  3.868690e+00   9.021657e+03   3.652762e+02
  3.871330e+00   9.028901e+03   3.646739e+02
  3.873980e+00   8.774878e+03   3.564551e+02
  3.876620e+00   8.934344e+03   3.591016e+02
  3.879260e+00   9.631802e+03   3.721090e+02
  3.881910e+00   9.698187e+03   3.738376e+02
  3.884550e+00   9.149083e+03   3.613670e+02
  3.887190e+00   8.584624e+03   3.472967e+02
  3.889840e+00   8.191221e+03   3.392457e+02
  3.892480e+00   9.369075e+03   3.616891e+02
  3.895120e+00   8.929391e+03   3.526897e+02
  3.897770e+00   9.192825e+03   3.567508e+02
  3.900410e+00   8.744967e+03   3.464882e+02
  3.903050e+00   8.874217e+03   3.507842e+02
  3.905700e+00   8.841754e+03   3.476052e+02
  3.908340e+00   8.876359e+03   3.476250e+02
  3.910980e+00   8.600531e+03   3.407654e+02
  3.913630e+00   8.951328e+03   3.486942e+02
  3.916270e+00   9.639184e+03   3.604850e+02
  3.918910e+00   9.293826e+03   3.530432e+02
  3.921560e+00   8.717970e+03   3.414221e+02
  3.924200e+00   8.558805e+03   3.377891e+02
  3.926840e+00   8.686134e+03   3.399147e+02
  3.929490e+00   8.699869e+03   3.399320e+02
  3.932130e+00   9.508560e+03   3.548563e+02
  3.934770e+00   8.700729e+03   3.394478e+02
  3.937420e+00   8.932264e+03   3.445696e+02
  3.940060e+00   9.031925e+03   3.463585e+02
  3.942700e+00   8.867097e+03   3.415478e+02
  3.945350e+00   8.885347e+03   3.443002e+02
  3.947990e+00   8.090218e+03   3.275633e+02
  3.950640e+00   8.437177e+03   3.358787e+02
  3.953280e+00   9.169943e+03   3.475858e+02
  3.955920e+00   9.349642e+03   3.518784e+02
  3.958570e+00   9.328539e+03   3.508358e+02
  3.961210e+00   9.296670e+03   3.508802e+02
  3.963850e+00   8.768591e+03   3.395212e+02
  3.966500e+00   8.742298e+03   3.390118e+02
  3.969140e+00   8.608028e+03   3.376346e+02
  3.971780e+00   8.742663e+03   3.387713e+02
  3.974430e+00   8.718406e+03   3.370731e+02
  3.977070e+00   8.696070e+03   3.382379e+02
  3.979710e+00   8.537533e+03   3.353860e+02
  3.982360e+00   9.494576e+03   3.543344e+02
  3.985000e+00   9.254238e+03   3.482878e+02
  3.987640e+00   8.470042e+03   3.324782e+02
  3.990290e+00   7.862354e+03   3.204456e+02
  3.992930e+00   8.828347e+03   3.400552e+02
  3.995570e+00   8.998618e+03   3.430691e+02
  3.998220e+00   8.694070e+03   3.356308e+02
  4.000860e+00   9.162234e+03   3.462999e+02
  4.003500e+00   9.044586e+03   3.445713e+02
  4.006150e+00   8.436204e+03   3.321752e+02
  4.008790e+00   8.745542e+03   3.368657e+02
  4.011430e+00   8.966201e+03   3.405978e+02
  4.014080e+00   9.109707e+03   3.450548e+02
  4.016720e+00   8.972459e+03   3.425701e+02
  4.019360e+00   9.037460e+03   3.423182e+02
  4.022010e+00   8.933646e+03   3.405920e+02
  4.024650e+00   8.927012e+03   3.408349e+02
  4.027290e+00   8.620397e+03   3.352946e+02
  4.029940e+00   8.605044e+03   3.331887e+02
  4.032580e+00   8.300380e+03   3.275899e+02
  4.035220e+00   8.725887e+03   3.366084e+02
  4.037870e+00   8.719197e+03   3.366009e+02
  4.040510e+00   8.707027e+03   3.358808e+02
  4.043150e+00   8.908520e+03   3.384067e+02
  4.045800e+00   8.855736e+03   3.391037e+02
  4.048440e+00   8.580676e+03   3.347640e+02
  4.051080e+00   9.269253e+03   3.456848e+02
  4.053730e+00   8.612855e+03   3.327436e+02
  4.056370e+00   8.610674e+03   3.336568e+02
  4.059010e+00   9.535484e+03   3.512441e+02
  4.061660e+00   8.238407e+03   3.271889e+02
  4.064300e+00   8.624132e+03   3.336777e+02
  4.066940e+00   8.797725e+03   3.376257e+02
  4.069590e+00   8.642745e+03   3.343979e+02
  4.072230e+00   9.024124e+03   3.401095e+02
  4.074870e+00   9.127056e+03   3.425323e+02
  4.077520e+00   8.728927e+03   3.347391e+02
  4.080160e+00   8.830466e+03   3.378884e+02
  4.082800e+00   8.739237e+03   3.366228e+02
  4.085450e+00   8.682895e+03   3.344526e+02
  4.088090e+00   9.171152e+03   3.425030e+02
  4.090730e+00   8.921274e+03   3.388912e+02
  4.093380e+00   8.584230e+03   3.333839e+02
  4.096020e+00   8.876134e+03   3.381538e+02
  4.098660e+00   8.613936e+03   3.322898e+02
  4.101310e+00   8.818535e+03   3.366932e+02
  4.103950e+00   8.704075e+03   3.337861e+02
  4.106600e+00   8.901640e+03   3.391255e+02
  4.109240e+00   9.437861e+03   3.467085e+02
  4.111880e+00   8.219120e+03   3.253981e+02
  4.114530e+00   8.914671e+03   3.391301e+02
  4.117170e+00   8.411528e+03   3.294209e+02
  4.119810e+00   8.514791e+03   3.292009e+02
  4.122460e+00   9.011251e+03   3.393833e+02
  4.125100e+00   8.748007e+03   3.352244e+02
  4.127740e+00   8.784768e+03   3.373770e+02
  4.130390e+00   8.486474e+03   3.295873e+02
  4.133030e+00   8.546295e+03   3.299261e+02
  4.135670e+00   8.651420e+03   3.334877e+02
  4.138320e+00   8.500673e+03   3.293944e+02
  4.140960e+00   9.133180e+03   3.422804e+02
  4.143600e+00   8.736984e+03   3.338230e+02
  4.146250e+00   9.043315e+03   3.403496e+02
  4.148890e+00   8.154707e+03   3.241205e+02
  4.151530e+00   8.382337e+03   3.280262e+02
  4.154180e+00   8.757281e+03   3.333840e+02
  4.156820e+00   8.634439e+03   3.320938e+02
  4.159460e+00   8.793676e+03   3.354997e+02
  4.162110e+00   9.236848e+03   3.449564e+02
  4.164750e+00   8.724229e+03   3.335792e+02
  4.167390e+00   8.636459e+03   3.311931e+02
  4.170040e+00   9.163175e+03   3.407821e+02
  4.172680e+00   8.174616e+03   3.231301e+02
  4.175320e+00   7.987341e+03   3.177194e+02
  4.177970e+00   8.651086e+03   3.305410e+02
  4.180610e+00   8.480231e+03   3.273757e+02
  4.183250e+00   8.351581e+03   3.238604e+02
  4.185900e+00   8.435157e+03   3.249101e+02
  4.188540e+00   8.455051e+03   3.249540e+02
  4.191180e+00   8.490428e+03   3.263137e+02
  4.193830e+00   9.179673e+03   3.388279e+02
  4.196470e+00   8.627364e+03   3.293943e+02
  4.199110e+00   9.010721e+03   3.346498e+02
  4.201760e+00   8.924097e+03   3.321205e+02
  4.204400e+00   8.720339e+03   3.281943e+02
  4.207040e+00   8.626446e+03   3.269846e+02
  4.209690e+00   7.868835e+03   3.108003e+02
  4.212330e+00   8.416535e+03   3.227594e+02
  4.214970e+00   8.764353e+03   3.284580e+02
  4.217620e+00   9.010618e+03   3.337266e+02
  4.220260e+00   9.089951e+03   3.334780e+02
  4.222900e+00   8.244283e+03   3.192199e+02
  4.225550e+00   8.547415e+03   3.249240e+02
  4.228190e+00   8.905734e+03   3.314371e+02
  4.230830e+00   8.979760e+03   3.325837e+02
  4.233480e+00   9.145947e+03   3.355322e+02
  4.236120e+00   8.432762e+03   3.219644e+02
  4.238760e+00   8.599518e+03   3.247993e+02
  4.241410e+00   8.532538e+03   3.255366e+02
  4.244050e+00   8.695228e+03   3.279467e+02
  4.246690e+00   8.376182e+03   3.212119e+02
  4.249340e+00   8.421250e+03   3.215248e+02
  4.251980e+00   9.004345e+03   3.323565e+02
  4.254620e+00   8.801542e+03   3.289291e+02
  4.257270e+00   8.578010e+03   3.256168e+02
  4.259910e+00   8.311797e+03   3.206345e+02
  4.262560e+00   8.468925e+03   3.228747e+02
  4.265200e+00   8.562715e+03   3.241036e+02
  4.267840e+00   8.912502e+03   3.303193e+02
  4.270490e+00   8.036517e+03   3.137733e+02
  4.273130e+00   8.979726e+03   3.330396e+02
  4.275770e+00   8.515554e+03   3.246524e+02
  4.278420e+00   9.282944e+03   3.389652e+02
  4.281060e+00   8.967509e+03   3.319024e+02
  4.283700e+00   8.420469e+03   3.217296e+02
  4.286350e+00   8.695228e+03   3.279467e+02
  4.288990e+00   9.059503e+03   3.332592e+02
  4.291630e+00   8.758677e+03   3.280150e+02
  4.294280e+00   8.893264e+03   3.314324e+02
  4.296920e+00   7.849642e+03   3.105270e+02
  4.299560e+00   8.758995e+03   3.277972e+02
  4.302210e+00   8.531103e+03   3.238363e+02
  4.304850e+00   8.676892e+03   3.274882e+02
  4.307490e+00   9.146369e+03   3.360003e+02
  4.310140e+00   9.041282e+03   3.334927e+02
  4.312780e+00   8.782673e+03   3.289137e+02
  4.315420e+00   8.838839e+03   3.291756e+02
  4.318070e+00   8.832164e+03   3.296134e+02
  4.320710e+00   9.720832e+03   3.465102e+02
  4.323350e+00   8.574413e+03   3.245463e+02
  4.326000e+00   9.363651e+03   3.405527e+02
  4.328640e+00   9.053837e+03   3.344111e+02
  4.331280e+00   8.924283e+03   3.316684e+02
  4.333930e+00   8.608010e+03   3.239667e+02
  4.336570e+00   8.421250e+03   3.215248e+02
  4.339210e+00   9.010618e+03   3.337266e+02
  4.341860e+00   8.453667e+03   3.234706e+02
  4.344500e+00   7.931663e+03   3.118258e+02
  4.347140e+00   8.182664e+03   3.216937e+02
  4.349790e+00   8.703741e+03   3.416517e+02
  4.352430e+00   8.811403e+03   3.499455e+02
  4.355070e+00   8.757872e+03   3.525787e+02
  4.357720e+00   8.904350e+03   3.608225e+02
  4.360360e+00   8.147185e+03   3.505990e+02
  4.363000e+00   8.969236e+03   3.695709e+02
  4.365650e+00   8.513118e+03   3.626710e+02
  4.368290e+00   8.937200e+03   3.743381e+02
  4.370930e+00   8.634303e+03   3.705334e+02
  4.373580e+00   8.428059e+03   3.685333e+02
  4.376220e+00   8.785268e+03   3.812482e+02
  4.378860e+00   9.196629e+03   3.879364e+02
  4.381510e+00   8.816419e+03   3.840492e+02
  4.384150e+00   8.719074e+03   3.857091e+02
  4.386790e+00   8.323102e+03   3.802922e+02
  4.389440e+00   8.276505e+03   3.777690e+02
  4.392080e+00   9.222190e+03   4.040315e+02
  4.394720e+00   8.512264e+03   3.889352e+02
  4.397370e+00   8.587029e+03   3.931731e+02
  4.400010e+00   8.516923e+03   3.907832e+02
  4.402650e+00   8.890629e+03   4.049570e+02
  4.405300e+00   8.610031e+03   4.005749e+02
  4.407940e+00   9.096087e+03   4.147459e+02
  4.410590e+00   8.935046e+03   4.121429e+02
  4.413230e+00   8.799940e+03   4.111942e+02
  4.415870e+00   8.738505e+03   4.128556e+02
  4.418520e+00   8.433811e+03   4.100659e+02
  4.421160e+00   9.012060e+03   4.243613e+02
  4.423800e+00   8.650097e+03   4.171447e+02
  4.426450e+00   8.920469e+03   4.272130e+02
  4.429090e+00   9.138461e+03   4.371519e+02
  4.431730e+00   9.391259e+03   4.441913e+02
  4.434380e+00   8.762582e+03   4.275702e+02
  4.437020e+00   8.575085e+03   4.282193e+02
  4.439660e+00   8.916150e+03   4.398012e+02
  4.442310e+00   9.590100e+03   4.566714e+02
  4.444950e+00   8.959300e+03   4.424683e+02
  4.447590e+00   8.826580e+03   4.413290e+02
  4.450240e+00   8.833527e+03   4.473031e+02
  4.452880e+00   8.645340e+03   4.470399e+02
  4.455520e+00   9.348998e+03   4.639830e+02
  4.458170e+00   8.699748e+03   4.510609e+02
  4.460810e+00   9.652913e+03   4.773058e+02
  4.463450e+00   9.147320e+03   4.674062e+02
  4.466100e+00   9.222644e+03   4.731117e+02
  4.468740e+00   9.004180e+03   4.668450e+02
  4.471380e+00   9.155114e+03   4.792006e+02
  4.474030e+00   8.278825e+03   4.592266e+02
  4.476670e+00   8.623237e+03   4.683500e+02
  4.479310e+00   9.689630e+03   4.957646e+02
  4.481960e+00   8.655199e+03   4.735914e+02
  4.484600e+00   9.099127e+03   4.934694e+02
  4.487240e+00   9.424130e+03   5.044621e+02
  4.489890e+00   8.494758e+03   4.778675e+02
  4.492530e+00   9.073824e+03   4.972425e+02
  4.495170e+00   8.383383e+03   4.816128e+02
  4.497820e+00   9.048990e+03   5.074422e+02
  4.500460e+00   8.287370e+03   4.833292e+02
  4.503100e+00   9.194472e+03   5.156004e+02
  4.505750e+00   8.582016e+03   5.013667e+02
  4.508390e+00   8.887692e+03   5.148502e+02
  4.511030e+00   8.234068e+03   4.947372e+02
  4.513680e+00   8.842708e+03   5.139720e+02
  4.516320e+00   9.471862e+03   5.414703e+02
  4.518960e+00   9.229964e+03   5.410701e+02
  4.521610e+00   9.072221e+03   5.392876e+02
  4.524250e+00   9.712697e+03   5.516441e+02
  4.526890e+00   8.895041e+03   5.363912e+02
  4.529540e+00   9.271539e+03   5.521121e+02
  4.532180e+00   8.721640e+03   5.429856e+02
  4.534820e+00   8.022672e+03   5.178612e+02
  4.537470e+00   9.303342e+03   5.672348e+02
  4.540110e+00   8.817813e+03   5.543711e+02
  4.542750e+00   8.884603e+03   5.641729e+02
  4.545400e+00   9.252970e+03   5.673360e+02
  4.548040e+00   9.100416e+03   5.732723e+02
  4.550680e+00   7.935277e+03   5.424444e+02
  4.553330e+00   9.106384e+03   5.890430e+02
  4.555970e+00   8.820255e+03   5.803302e+02
  4.558610e+00   9.200316e+03   5.902005e+02
  4.561260e+00   8.567559e+03   5.750169e+02
  4.563900e+00   9.052159e+03   6.021406e+02
  4.566550e+00   8.354196e+03   5.863496e+02
  4.569190e+00   8.328233e+03   5.788522e+02
  4.571830e+00   8.071958e+03   5.810323e+02
  4.574480e+00   8.632395e+03   6.043885e+02
  4.577120e+00   9.766515e+03   6.482264e+02
  4.579760e+00   8.155107e+03   5.916336e+02
  4.582410e+00   9.680360e+03   6.556367e+02
  4.585050e+00   8.787195e+03   6.325162e+02
  4.587690e+00   8.641737e+03   6.353532e+02
  4.590340e+00   8.460413e+03   6.254117e+02
  4.592980e+00   8.427131e+03   6.298733e+02
  4.595620e+00   9.627388e+03   6.859230e+02
  4.598270e+00   7.678628e+03   6.228190e+02
  4.600910e+00   1.016054e+04   7.184587e+02
  4.603550e+00   8.735161e+03   6.699563e+02
  4.606200e+00   9.046908e+03   7.043008e+02
  4.608840e+00   9.131274e+03   7.130327e+02
  4.611480e+00   9.020624e+03   7.176423e+02
  4.614130e+00   8.369985e+03   6.880085e+02
  4.616770e+00   8.026486e+03   6.959846e+02
  4.619410e+00   9.023192e+03   7.493353e+02
  4.622060e+00   9.897755e+03   8.001861e+02
  4.624700e+00   9.468690e+03   7.757053e+02
  4.627340e+00   8.992078e+03   7.767972e+02
  4.629990e+00   7.776932e+03   7.348510e+02
  4.632630e+00   9.430716e+03   8.303282e+02
  4.635270e+00   9.135951e+03   8.106846e+02
  4.637920e+00   8.765387e+03   8.138457e+02
  4.640560e+00   8.587029e+03   8.340460e+02
  4.643200e+00   7.659918e+03   7.986017e+02
  4.645850e+00   9.607974e+03   8.882575e+02
  4.648490e+00   9.574898e+03   8.928638e+02
  4.651130e+00   8.608530e+03   8.565807e+02
  4.653780e+00   8.947782e+03   8.903376e+02
  4.656420e+00   9.394708e+03   9.168297e+02
  4.659060e+00   9.383038e+03   9.028832e+02
  4.661710e+00   9.579500e+03   9.304433e+02
  4.664350e+00   8.899376e+03   9.082888e+02
  4.666990e+00   8.846260e+03   9.273401e+02
  4.669640e+00   8.856519e+03   8.946435e+02
  4.672280e+00   1.041188e+04   9.927338e+02
  4.674920e+00   1.137980e+04   1.075290e+03
  4.677570e+00   9.502992e+03   9.854143e+02
  4.680210e+00   9.139489e+03   9.477209e+02
  4.682850e+00   8.433248e+03   9.256693e+02
  4.685500e+00   8.886289e+03   9.695736e+02
  4.688140e+00   1.070223e+04   1.086647e+03
  4.690780e+00   7.828397e+03   9.100327e+02
  4.693430e+00   1.105051e+04   1.094163e+03
  4.696070e+00   9.441682e+03   1.030172e+03
  4.698710e+00   8.174616e+03   9.770535e+02
  4.701360e+00   8.933306e+03   1.024721e+03
  4.704000e+00   8.767276e+03   9.926985e+02
  4.706640e+00   9.787296e+03   1.094253e+03
  4.709290e+00   8.928304e+03   1.067136e+03
  4.711930e+00   8.861758e+03   1.074646e+03
  4.714570e+00   7.000544e+03   9.192165e+02
  4.717220e+00   9.513358e+03   1.113454e+03
  4.719860e+00   9.747138e+03   1.156772e+03
  4.722510e+00   8.849347e+03   1.123868e+03
  4.725150e+00   7.558558e+03   9.924873e+02
  4.727790e+00   1.056212e+04   1.227822e+03
  4.730440e+00   7.580099e+03   1.061426e+03
  4.733080e+00   8.992078e+03   1.180718e+03
  4.735720e+00   9.064015e+03   1.141959e+03
  4.738370e+00   8.992078e+03   1.170669e+03
  4.741010e+00   8.084621e+03   1.154946e+03
  4.743650e+00   1.119768e+04   1.378339e+03
  4.746300e+00   1.022952e+04   1.299150e+03
  4.748940e+00   9.934105e+03   1.304412e+03
  4.751580e+00   7.340472e+03   1.160631e+03
  4.754230e+00   8.329504e+03   1.255720e+03
  4.756870e+00   9.187558e+03   1.340143e+03
  4.759510e+00   9.270183e+03   1.311002e+03
  4.762160e+00   7.193662e+03   1.233703e+03
  4.764800e+00   9.103091e+03   1.421664e+03
  4.767440e+00   8.992078e+03   1.439885e+03
  4.770090e+00   8.573842e+03   1.339009e+03
  4.772730e+00   1.103028e+04   1.626326e+03
  4.775370e+00   7.493398e+03   1.368101e+03
  4.778020e+00   9.122398e+03   1.541967e+03
  4.780660e+00   1.041188e+04   1.569650e+03
  4.783300e+00   7.037278e+03   1.354325e+03
  4.785950e+00   9.554083e+03   1.638512e+03
  4.788590e+00   8.230037e+03   1.583871e+03
  4.791230e+00   1.041188e+04   1.812476e+03
  4.793880e+00   8.646229e+03   1.729246e+03
  4.796520e+00   7.193662e+03   1.695562e+03
  4.799160e+00   8.045543e+03   1.951331e+03
  4.801810e+00   7.405241e+03   1.979134e+03
  4.804450e+00   3.480804e+03   1.421032e+03
  4.807090e+00   4.691519e+03   1.915305e+03
  4.809740e+00   1.079049e+04   3.596831e+03
  4.812380e+00   8.300380e+03   3.388616e+03
creator: radaver
creator-version: 6572
working-directory: /dataInt/p12/vives/2015-10-17/NEW
header-file: images/header/img_0008_00007.txt
image-file: images/pilatus2m/img_0008_00007.tiff
angular-axis-file: etc/radial-averaging/saxs-2/saxis-saxs2-20150921.dat
beamstop-mask-file: etc/radial-averaging/saxs-2/mask-saxs2-20151008.msk
detector-response-file: none
beam-center-x: 656.1000
beam-center-y: 1645.9000
unit-time: 100.0000
channel-first: 8
channel-last: 1819
angular-unit: nanometer
Run Number: 8
Frame Number: 7
Buffer: NAPI
Code: NAPI
Concentration [mg/ml]: 0
Plate Row: 2
Plate Column: 1
Well Row: 1
Well Column: 9
Load Volume: 20
Load Viscosity: low
Exposure time [s]: 0.035
Exposure period [s]: 0.04
Detector Position: saxs-2
Detector Distance [m]: 3
Timestamp (begin): 2015-10-17 03:31:53.714
Timestamp (end): 2015-10-17 03:31:53.749
PETRA Current: 94.2678
Transmitted Beam: 0.15887
Wavelength [nm]: 0.123987
Flytube Vacuum [mbar]: 0.000275647
Crystal Temperature 1 [C]: -181.4
Crystal Temperature 2 [C]: -156.3
Cell Target Temperature [C]: 20
Cell Temperature [C]: 20.2
Storage Temperature [C]: 20.2
