
Sample:   c= 3.0000 mg/ml  Code: ADR_NAPI
  2.520060e-02   5.054359e+07   2.864039e+05
  2.784400e-02   7.675325e+06   6.169349e+04
  3.048740e-02   3.121034e+06   3.686375e+04
  3.313080e-02   1.400804e+06   2.306652e+04
  3.577420e-02   7.140760e+05   1.536447e+04
  3.841750e-02   4.887378e+05   1.283046e+04
  4.106090e-02   3.595882e+05   1.009426e+04
  4.370430e-02   2.644313e+05   8.588328e+03
  4.634770e-02   2.320747e+05   7.482388e+03
  4.899110e-02   2.066031e+05   6.706620e+03
  5.163450e-02   1.793493e+05   6.101587e+03
  5.427790e-02   1.700438e+05   5.537389e+03
  5.692130e-02   1.456046e+05   5.203482e+03
  5.956470e-02   1.464857e+05   4.943652e+03
  6.220810e-02   1.297238e+05   4.393002e+03
  6.485140e-02   1.186995e+05   4.311359e+03
  6.749480e-02   1.166506e+05   3.987035e+03
  7.013820e-02   1.177672e+05   4.037007e+03
  7.278160e-02   1.030310e+05   3.624616e+03
  7.542500e-02   1.035655e+05   3.558552e+03
  7.806840e-02   9.608874e+04   3.393012e+03
  8.071180e-02   9.579068e+04   3.229103e+03
  8.335520e-02   9.635590e+04   3.268650e+03
  8.599860e-02   9.029740e+04   3.061368e+03
  8.864200e-02   8.947989e+04   3.140128e+03
  9.128530e-02   8.216309e+04   3.018336e+03
  9.392870e-02   7.710268e+04   2.905917e+03
  9.657210e-02   7.665159e+04   2.924441e+03
  9.921550e-02   7.915059e+04   2.917529e+03
  1.018590e-01   7.438291e+04   2.863000e+03
  1.045020e-01   7.794637e+04   2.844304e+03
  1.071460e-01   7.865337e+04   2.873931e+03
  1.097890e-01   7.874549e+04   2.936711e+03
  1.124320e-01   7.308429e+04   2.684819e+03
  1.150760e-01   7.554278e+04   2.760273e+03
  1.177190e-01   7.228079e+04   2.648163e+03
  1.203630e-01   6.959215e+04   2.649328e+03
  1.230060e-01   7.341343e+04   2.713438e+03
  1.256490e-01   7.074641e+04   2.585018e+03
  1.282930e-01   7.028601e+04   2.563067e+03
  1.309360e-01   7.040057e+04   2.538709e+03
  1.335800e-01   6.776244e+04   2.516634e+03
  1.362230e-01   6.554447e+04   2.394943e+03
  1.388660e-01   6.671922e+04   2.452647e+03
  1.415100e-01   6.859350e+04   2.456041e+03
  1.441530e-01   6.771988e+04   2.382377e+03
  1.467970e-01   6.707461e+04   2.410947e+03
  1.494400e-01   7.165214e+04   2.416767e+03
  1.520830e-01   6.615213e+04   2.349131e+03
  1.547270e-01   6.772257e+04   2.354945e+03
  1.573700e-01   6.196130e+04   2.227153e+03
  1.600130e-01   6.522207e+04   2.259811e+03
  1.626570e-01   6.122821e+04   2.156672e+03
  1.653000e-01   6.725781e+04   2.294807e+03
  1.679440e-01   6.602962e+04   2.220816e+03
  1.705870e-01   6.605956e+04   2.230673e+03
  1.732300e-01   6.288570e+04   2.149389e+03
  1.758740e-01   6.244521e+04   2.133088e+03
  1.785170e-01   6.215375e+04   2.128104e+03
  1.811610e-01   5.973787e+04   2.037045e+03
  1.838040e-01   5.977134e+04   2.078453e+03
  1.864470e-01   6.143564e+04   2.069819e+03
  1.890910e-01   6.434829e+04   2.089935e+03
  1.917340e-01   6.285784e+04   2.073489e+03
  1.943780e-01   6.136590e+04   2.006880e+03
  1.970210e-01   5.724919e+04   1.978822e+03
  1.996640e-01   6.162211e+04   2.018499e+03
  2.023080e-01   6.064395e+04   1.995040e+03
  2.049510e-01   5.998995e+04   1.945307e+03
  2.075950e-01   5.849740e+04   1.900910e+03
  2.102380e-01   5.843607e+04   1.937137e+03
  2.128810e-01   6.034783e+04   1.904561e+03
  2.155250e-01   6.070890e+04   1.943244e+03
  2.181680e-01   6.159212e+04   1.943830e+03
  2.208110e-01   5.608874e+04   1.839222e+03
  2.234550e-01   5.650034e+04   1.861749e+03
  2.260980e-01   5.528330e+04   1.784261e+03
  2.287420e-01   5.647267e+04   1.815100e+03
  2.313850e-01   5.510057e+04   1.775591e+03
  2.340280e-01   5.804710e+04   1.816635e+03
  2.366720e-01   5.701090e+04   1.811925e+03
  2.393150e-01   5.808776e+04   1.791774e+03
  2.419590e-01   5.687829e+04   1.789723e+03
  2.446020e-01   5.776249e+04   1.765026e+03
  2.472450e-01   5.465091e+04   1.729944e+03
  2.498890e-01   5.169954e+04   1.680009e+03
  2.525320e-01   5.408075e+04   1.685094e+03
  2.551760e-01   5.695084e+04   1.765971e+03
  2.578190e-01   5.725794e+04   1.704075e+03
  2.604620e-01   5.562548e+04   1.696561e+03
  2.631060e-01   5.559741e+04   1.706052e+03
  2.657490e-01   5.340268e+04   1.650402e+03
  2.683920e-01   5.206375e+04   1.636610e+03
  2.710360e-01   5.473274e+04   1.638382e+03
  2.736790e-01   5.325482e+04   1.634168e+03
  2.763230e-01   5.257482e+04   1.605759e+03
  2.789660e-01   4.971292e+04   1.555048e+03
  2.816090e-01   5.106814e+04   1.578253e+03
  2.842530e-01   5.331703e+04   1.595289e+03
  2.868960e-01   5.136677e+04   1.580703e+03
  2.895400e-01   5.132421e+04   1.544677e+03
  2.921830e-01   4.995728e+04   1.527953e+03
  2.948260e-01   5.074437e+04   1.541962e+03
  2.974700e-01   4.959883e+04   1.510644e+03
  3.001130e-01   5.112560e+04   1.545716e+03
  3.027570e-01   4.767926e+04   1.456917e+03
  3.054000e-01   4.860441e+04   1.485880e+03
  3.080430e-01   4.953460e+04   1.479469e+03
  3.106870e-01   4.882224e+04   1.483554e+03
  3.133300e-01   5.241247e+04   1.518086e+03
  3.159740e-01   5.109629e+04   1.471959e+03
  3.186170e-01   5.069763e+04   1.493045e+03
  3.212600e-01   4.964528e+04   1.452635e+03
  3.239040e-01   4.766242e+04   1.431879e+03
  3.265470e-01   5.016555e+04   1.467230e+03
  3.291900e-01   4.642318e+04   1.383457e+03
  3.318340e-01   5.026719e+04   1.465198e+03
  3.344770e-01   4.589903e+04   1.370884e+03
  3.371210e-01   4.688712e+04   1.393575e+03
  3.397640e-01   4.629322e+04   1.370486e+03
  3.424070e-01   4.664657e+04   1.364892e+03
  3.450510e-01   4.877320e+04   1.418041e+03
  3.476940e-01   4.811067e+04   1.367907e+03
  3.503380e-01   4.571534e+04   1.355756e+03
  3.529810e-01   4.669263e+04   1.361006e+03
  3.556240e-01   4.683174e+04   1.357014e+03
  3.582680e-01   4.593837e+04   1.339590e+03
  3.609110e-01   4.745248e+04   1.345392e+03
  3.635550e-01   4.468783e+04   1.315487e+03
  3.661980e-01   4.453579e+04   1.293749e+03
  3.688410e-01   4.234104e+04   1.270867e+03
  3.714850e-01   4.255264e+04   1.261962e+03
  3.741280e-01   4.234723e+04   1.253667e+03
  3.767710e-01   4.087443e+04   1.242045e+03
  3.794150e-01   4.264012e+04   1.247662e+03
  3.820580e-01   4.115958e+04   1.235962e+03
  3.847020e-01   4.277990e+04   1.239607e+03
  3.873450e-01   3.975607e+04   1.204729e+03
  3.899880e-01   4.271446e+04   1.242414e+03
  3.926320e-01   4.176006e+04   1.212603e+03
  3.952750e-01   4.311809e+04   1.245751e+03
  3.979190e-01   4.370757e+04   1.233281e+03
  4.005620e-01   4.150033e+04   1.214832e+03
  4.032050e-01   4.102504e+04   1.186766e+03
  4.058490e-01   3.887441e+04   1.157469e+03
  4.084920e-01   4.032553e+04   1.192771e+03
  4.111360e-01   4.113105e+04   1.184885e+03
  4.137790e-01   4.015814e+04   1.177562e+03
  4.164220e-01   4.135014e+04   1.182398e+03
  4.190660e-01   4.006610e+04   1.159511e+03
  4.217090e-01   4.121490e+04   1.180463e+03
  4.243530e-01   4.185389e+04   1.179568e+03
  4.269960e-01   3.987170e+04   1.212696e+03
  4.296390e-01   3.647836e+04   1.159944e+03
  4.322830e-01   3.659035e+04   1.214293e+03
  4.349260e-01   3.760744e+04   1.261313e+03
  4.375690e-01   3.957578e+04   1.270047e+03
  4.402130e-01   3.738957e+04   1.271284e+03
  4.428560e-01   3.754464e+04   1.267792e+03
  4.455000e-01   3.760679e+04   1.305351e+03
  4.481430e-01   3.773756e+04   1.305962e+03
  4.507860e-01   3.891262e+04   1.326139e+03
  4.534300e-01   3.737443e+04   1.335653e+03
  4.560730e-01   3.643996e+04   1.294838e+03
  4.587170e-01   3.667001e+04   1.298918e+03
  4.613600e-01   3.588321e+04   1.268663e+03
  4.640030e-01   3.521893e+04   1.245956e+03
  4.666470e-01   3.735590e+04   1.309324e+03
  4.692900e-01   3.721667e+04   1.268341e+03
  4.719340e-01   3.515451e+04   1.268529e+03
  4.745770e-01   3.614459e+04   1.262224e+03
  4.772200e-01   3.408928e+04   1.253995e+03
  4.798640e-01   3.353859e+04   1.217374e+03
  4.825070e-01   3.489966e+04   1.184572e+03
  4.851500e-01   3.398805e+04   1.178324e+03
  4.877940e-01   3.406356e+04   1.139894e+03
  4.904370e-01   3.546942e+04   1.177094e+03
  4.930810e-01   3.592556e+04   1.152313e+03
  4.957240e-01   3.274053e+04   1.087731e+03
  4.983670e-01   3.285784e+04   1.102017e+03
  5.010110e-01   3.212626e+04   1.072067e+03
  5.036540e-01   3.087413e+04   1.050967e+03
  5.062980e-01   3.377758e+04   1.077886e+03
  5.089410e-01   3.242347e+04   1.058100e+03
  5.115840e-01   3.230013e+04   1.059163e+03
  5.142280e-01   3.209292e+04   1.040684e+03
  5.168710e-01   3.237373e+04   1.054234e+03
  5.195150e-01   3.124082e+04   1.008819e+03
  5.221580e-01   3.026195e+04   1.002073e+03
  5.248010e-01   3.142198e+04   1.017324e+03
  5.274450e-01   2.973176e+04   9.770462e+02
  5.300880e-01   3.162891e+04   1.011381e+03
  5.327320e-01   3.233492e+04   1.008989e+03
  5.353750e-01   3.246389e+04   1.025573e+03
  5.380180e-01   3.259510e+04   1.001623e+03
  5.406620e-01   3.274922e+04   1.009222e+03
  5.433050e-01   3.083797e+04   9.870994e+02
  5.459480e-01   3.141934e+04   9.876586e+02
  5.485920e-01   3.002224e+04   9.654501e+02
  5.512350e-01   3.084594e+04   9.587994e+02
  5.538790e-01   3.019247e+04   9.509735e+02
  5.565220e-01   2.976327e+04   9.497840e+02
  5.591650e-01   3.075153e+04   9.549427e+02
  5.618090e-01   3.059899e+04   9.557519e+02
  5.644520e-01   3.046180e+04   9.418674e+02
  5.670960e-01   3.056103e+04   9.504029e+02
  5.697390e-01   2.754458e+04   8.927251e+02
  5.723820e-01   2.871953e+04   9.123060e+02
  5.750260e-01   2.930352e+04   9.170793e+02
  5.776690e-01   2.922783e+04   9.151588e+02
  5.803130e-01   2.780498e+04   8.969350e+02
  5.829560e-01   2.947767e+04   9.011587e+02
  5.855990e-01   2.832463e+04   8.966006e+02
  5.882430e-01   2.818868e+04   8.874199e+02
  5.908860e-01   2.802496e+04   8.862270e+02
  5.935290e-01   2.886515e+04   8.903739e+02
  5.961730e-01   2.820162e+04   8.787300e+02
  5.988160e-01   2.771814e+04   8.691677e+02
  6.014600e-01   2.827003e+04   8.757747e+02
  6.041030e-01   2.652282e+04   8.438033e+02
  6.067460e-01   2.889542e+04   8.800748e+02
  6.093900e-01   2.764932e+04   8.544980e+02
  6.120330e-01   2.756504e+04   8.576468e+02
  6.146770e-01   2.723259e+04   8.412175e+02
  6.173200e-01   2.659779e+04   8.271518e+02
  6.199630e-01   2.653592e+04   8.220538e+02
  6.226070e-01   2.706244e+04   8.367605e+02
  6.252500e-01   2.725168e+04   8.354538e+02
  6.278940e-01   2.492719e+04   7.922382e+02
  6.305370e-01   2.560703e+04   8.029688e+02
  6.331800e-01   2.710107e+04   8.208678e+02
  6.358240e-01   2.747027e+04   8.316691e+02
  6.384670e-01   2.607219e+04   8.034583e+02
  6.411110e-01   2.650511e+04   8.106638e+02
  6.437540e-01   2.429842e+04   7.761845e+02
  6.463970e-01   2.575031e+04   7.984833e+02
  6.490410e-01   2.557297e+04   7.929841e+02
  6.516840e-01   2.529224e+04   7.880769e+02
  6.543270e-01   2.392497e+04   7.654277e+02
  6.569710e-01   2.575845e+04   8.002761e+02
  6.596140e-01   2.468261e+04   7.732217e+02
  6.622580e-01   2.414537e+04   7.689451e+02
  6.649010e-01   2.560841e+04   7.817766e+02
  6.675440e-01   2.326303e+04   7.496406e+02
  6.701880e-01   2.283668e+04   7.488442e+02
  6.728310e-01   2.405508e+04   7.546749e+02
  6.754750e-01   2.438073e+04   7.664017e+02
  6.781180e-01   2.482714e+04   7.661823e+02
  6.807610e-01   2.472713e+04   7.656523e+02
  6.834050e-01   2.377121e+04   7.472417e+02
  6.860480e-01   2.226291e+04   7.170401e+02
  6.886920e-01   2.272492e+04   7.349765e+02
  6.913350e-01   2.330791e+04   7.294416e+02
  6.939780e-01   2.332492e+04   7.401938e+02
  6.966220e-01   2.217128e+04   7.137187e+02
  6.992650e-01   2.296218e+04   7.221667e+02
  7.019080e-01   2.384168e+04   7.483484e+02
  7.045520e-01   2.253802e+04   7.091778e+02
  7.071950e-01   2.250201e+04   7.144396e+02
  7.098390e-01   2.086912e+04   6.906671e+02
  7.124820e-01   2.196986e+04   6.993082e+02
  7.151250e-01   2.232629e+04   7.139160e+02
  7.177690e-01   2.216173e+04   6.963041e+02
  7.204120e-01   2.097598e+04   6.841611e+02
  7.230560e-01   2.166471e+04   6.909970e+02
  7.256990e-01   2.191520e+04   6.975686e+02
  7.283420e-01   2.206785e+04   6.961084e+02
  7.309860e-01   2.053623e+04   6.694620e+02
  7.336290e-01   2.049662e+04   6.721108e+02
  7.362730e-01   2.187669e+04   6.880279e+02
  7.389160e-01   2.198488e+04   6.897272e+02
  7.415590e-01   2.114327e+04   6.788696e+02
  7.442030e-01   2.237325e+04   6.891420e+02
  7.468460e-01   2.015677e+04   6.620353e+02
  7.494900e-01   2.110342e+04   6.653556e+02
  7.521330e-01   2.240530e+04   6.904570e+02
  7.547760e-01   2.094651e+04   6.640490e+02
  7.574200e-01   1.997966e+04   6.520115e+02
  7.600630e-01   2.058693e+04   6.606660e+02
  7.627060e-01   2.123760e+04   6.601389e+02
  7.653500e-01   1.902802e+04   6.321638e+02
  7.679930e-01   1.924107e+04   6.316191e+02
  7.706370e-01   2.053387e+04   6.559306e+02
  7.732800e-01   1.983772e+04   6.372793e+02
  7.759230e-01   1.918873e+04   6.282110e+02
  7.785670e-01   2.033133e+04   6.481391e+02
  7.812100e-01   2.096277e+04   6.528588e+02
  7.838540e-01   2.088181e+04   6.538348e+02
  7.864970e-01   1.893505e+04   6.162833e+02
  7.891400e-01   1.991559e+04   6.316840e+02
  7.917840e-01   2.001206e+04   6.386105e+02
  7.944270e-01   1.932627e+04   6.205293e+02
  7.970710e-01   1.907683e+04   6.189342e+02
  7.997140e-01   1.966668e+04   6.228499e+02
  8.023570e-01   1.902185e+04   6.194368e+02
  8.050010e-01   1.998465e+04   6.282120e+02
  8.076440e-01   1.994866e+04   6.252302e+02
  8.102870e-01   2.041626e+04   6.346087e+02
  8.129310e-01   1.912145e+04   6.111243e+02
  8.155740e-01   1.964684e+04   6.191246e+02
  8.182180e-01   1.902916e+04   6.060119e+02
  8.208610e-01   1.920139e+04   6.084195e+02
  8.235040e-01   1.974733e+04   6.180101e+02
  8.261480e-01   1.852957e+04   5.989761e+02
  8.287910e-01   1.802429e+04   5.875750e+02
  8.314350e-01   1.847464e+04   5.904520e+02
  8.340780e-01   1.813952e+04   5.897668e+02
  8.367210e-01   1.960657e+04   6.115122e+02
  8.393650e-01   1.822932e+04   5.865187e+02
  8.420080e-01   1.899138e+04   6.005602e+02
  8.446520e-01   1.842242e+04   5.822771e+02
  8.472950e-01   1.758517e+04   5.788229e+02
  8.499380e-01   1.835556e+04   5.851538e+02
  8.525820e-01   1.790711e+04   5.740756e+02
  8.552250e-01   1.829960e+04   5.842611e+02
  8.578690e-01   1.884160e+04   5.931603e+02
  8.605120e-01   1.725881e+04   5.841223e+02
  8.631550e-01   1.742267e+04   5.830275e+02
  8.657990e-01   1.823003e+04   6.023372e+02
  8.684420e-01   1.851531e+04   6.101003e+02
  8.710850e-01   1.880084e+04   6.096589e+02
  8.737290e-01   1.738372e+04   5.948586e+02
  8.763720e-01   1.761649e+04   5.878699e+02
  8.790160e-01   1.801345e+04   6.031351e+02
  8.816590e-01   1.842777e+04   6.156285e+02
  8.843020e-01   1.743349e+04   5.893597e+02
  8.869460e-01   1.668326e+04   5.797835e+02
  8.895890e-01   1.798316e+04   5.807066e+02
  8.922330e-01   1.764188e+04   5.803751e+02
  8.948760e-01   1.699650e+04   5.621941e+02
  8.975190e-01   1.724892e+04   5.614045e+02
  9.001630e-01   1.677109e+04   5.590365e+02
  9.028060e-01   1.687222e+04   5.532619e+02
  9.054500e-01   1.641490e+04   5.499200e+02
  9.080930e-01   1.605954e+04   5.365116e+02
  9.107360e-01   1.736893e+04   5.573955e+02
  9.133800e-01   1.696383e+04   5.544803e+02
  9.160230e-01   1.704856e+04   5.516786e+02
  9.186660e-01   1.690669e+04   5.491039e+02
  9.213100e-01   1.592858e+04   5.277374e+02
  9.239530e-01   1.747813e+04   5.577496e+02
  9.265970e-01   1.619499e+04   5.371538e+02
  9.292400e-01   1.627775e+04   5.306394e+02
  9.318830e-01   1.673836e+04   5.439238e+02
  9.345270e-01   1.605982e+04   5.260568e+02
  9.371700e-01   1.649762e+04   5.386663e+02
  9.398140e-01   1.633990e+04   5.298576e+02
  9.424570e-01   1.664707e+04   5.314999e+02
  9.451000e-01   1.624626e+04   5.296131e+02
  9.477440e-01   1.582868e+04   5.187642e+02
  9.503870e-01   1.670465e+04   5.388597e+02
  9.530310e-01   1.541302e+04   5.056849e+02
  9.556740e-01   1.672871e+04   5.335630e+02
  9.583170e-01   1.582175e+04   5.152270e+02
  9.609610e-01   1.535629e+04   5.054585e+02
  9.636040e-01   1.655266e+04   5.284857e+02
  9.662480e-01   1.556529e+04   5.042091e+02
  9.688910e-01   1.592376e+04   5.144734e+02
  9.715340e-01   1.628305e+04   5.185578e+02
  9.741780e-01   1.494653e+04   4.911733e+02
  9.768210e-01   1.598387e+04   5.095470e+02
  9.794640e-01   1.521775e+04   4.914068e+02
  9.821080e-01   1.568313e+04   5.038147e+02
  9.847510e-01   1.634789e+04   5.169658e+02
  9.873950e-01   1.614053e+04   5.203917e+02
  9.900380e-01   1.520459e+04   5.145975e+02
  9.926810e-01   1.481881e+04   5.067926e+02
  9.953250e-01   1.521448e+04   5.224675e+02
  9.979680e-01   1.635682e+04   5.395619e+02
  1.000610e+00   1.533549e+04   5.288101e+02
  1.003250e+00   1.476956e+04   5.205585e+02
  1.005900e+00   1.556035e+04   5.362451e+02
  1.008540e+00   1.528301e+04   5.333808e+02
  1.011190e+00   1.515271e+04   5.311021e+02
  1.013830e+00   1.469142e+04   5.304765e+02
  1.016470e+00   1.557777e+04   5.433372e+02
  1.019120e+00   1.532352e+04   5.417682e+02
  1.021760e+00   1.405933e+04   5.189393e+02
  1.024400e+00   1.504934e+04   5.374765e+02
  1.027050e+00   1.406691e+04   5.238790e+02
  1.029690e+00   1.608210e+04   5.562110e+02
  1.032330e+00   1.570415e+04   5.562697e+02
  1.034980e+00   1.547296e+04   5.515513e+02
  1.037620e+00   1.490928e+04   5.408164e+02
  1.040260e+00   1.480785e+04   5.392699e+02
  1.042910e+00   1.416904e+04   5.070080e+02
  1.045550e+00   1.446300e+04   5.175269e+02
  1.048190e+00   1.486459e+04   5.172051e+02
  1.050840e+00   1.375271e+04   4.940118e+02
  1.053480e+00   1.285688e+04   4.755291e+02
  1.056120e+00   1.381971e+04   4.879910e+02
  1.058770e+00   1.412840e+04   4.958098e+02
  1.061410e+00   1.533103e+04   5.127462e+02
  1.064050e+00   1.366945e+04   4.820845e+02
  1.066700e+00   1.430505e+04   4.903709e+02
  1.069340e+00   1.344732e+04   4.736616e+02
  1.071980e+00   1.430516e+04   4.915313e+02
  1.074630e+00   1.426194e+04   4.824172e+02
  1.077270e+00   1.489320e+04   4.975470e+02
  1.079910e+00   1.451693e+04   4.871562e+02
  1.082560e+00   1.509806e+04   4.916606e+02
  1.085200e+00   1.381455e+04   4.732786e+02
  1.087840e+00   1.352704e+04   4.620747e+02
  1.090490e+00   1.446453e+04   4.818835e+02
  1.093130e+00   1.454423e+04   4.797700e+02
  1.095770e+00   1.328219e+04   4.582792e+02
  1.098420e+00   1.346363e+04   4.601776e+02
  1.101060e+00   1.473094e+04   4.794512e+02
  1.103700e+00   1.384626e+04   4.672887e+02
  1.106350e+00   1.351333e+04   4.584082e+02
  1.108990e+00   1.365778e+04   4.580672e+02
  1.111630e+00   1.440706e+04   4.696569e+02
  1.114280e+00   1.340801e+04   4.524985e+02
  1.116920e+00   1.301863e+04   4.505284e+02
  1.119560e+00   1.432059e+04   4.638894e+02
  1.122210e+00   1.431204e+04   4.673045e+02
  1.124850e+00   1.407524e+04   4.620425e+02
  1.127490e+00   1.418724e+04   4.644694e+02
  1.130140e+00   1.450086e+04   4.699756e+02
  1.132780e+00   1.287382e+04   4.400181e+02
  1.135420e+00   1.372760e+04   4.545662e+02
  1.138070e+00   1.362775e+04   4.510125e+02
  1.140710e+00   1.301732e+04   4.420914e+02
  1.143350e+00   1.350874e+04   4.497917e+02
  1.146000e+00   1.292673e+04   4.372531e+02
  1.148640e+00   1.370798e+04   4.536678e+02
  1.151280e+00   1.351749e+04   4.456584e+02
  1.153930e+00   1.296441e+04   4.375275e+02
  1.156570e+00   1.367130e+04   4.478183e+02
  1.159220e+00   1.271802e+04   4.306865e+02
  1.161860e+00   1.356626e+04   4.477533e+02
  1.164500e+00   1.365821e+04   4.428978e+02
  1.167150e+00   1.251534e+04   4.277654e+02
  1.169790e+00   1.262486e+04   4.246201e+02
  1.172430e+00   1.378346e+04   4.467245e+02
  1.175080e+00   1.217636e+04   4.198743e+02
  1.177720e+00   1.293554e+04   4.281040e+02
  1.180360e+00   1.398110e+04   4.493695e+02
  1.183010e+00   1.342792e+04   4.363487e+02
  1.185650e+00   1.225974e+04   4.192742e+02
  1.188290e+00   1.305650e+04   4.297599e+02
  1.190940e+00   1.304832e+04   4.281015e+02
  1.193580e+00   1.282039e+04   4.268724e+02
  1.196220e+00   1.291087e+04   4.245069e+02
  1.198870e+00   1.350462e+04   4.351802e+02
  1.201510e+00   1.273148e+04   4.208897e+02
  1.204150e+00   1.278525e+04   4.224367e+02
  1.206800e+00   1.254117e+04   4.192051e+02
  1.209440e+00   1.327555e+04   4.271337e+02
  1.212080e+00   1.270365e+04   4.204295e+02
  1.214730e+00   1.277108e+04   4.199105e+02
  1.217370e+00   1.246342e+04   4.133856e+02
  1.220010e+00   1.307676e+04   4.235977e+02
  1.222660e+00   1.252859e+04   4.103877e+02
  1.225300e+00   1.294572e+04   4.217943e+02
  1.227940e+00   1.242405e+04   4.116271e+02
  1.230590e+00   1.259257e+04   4.131488e+02
  1.233230e+00   1.240693e+04   4.099366e+02
  1.235870e+00   1.260999e+04   4.106379e+02
  1.238520e+00   1.252075e+04   4.121254e+02
  1.241160e+00   1.193711e+04   4.005833e+02
  1.243800e+00   1.261304e+04   4.090059e+02
  1.246450e+00   1.294430e+04   4.160455e+02
  1.249090e+00   1.223632e+04   4.049632e+02
  1.251730e+00   1.319780e+04   4.207304e+02
  1.254380e+00   1.293805e+04   4.111983e+02
  1.257020e+00   1.295659e+04   4.151561e+02
  1.259660e+00   1.219378e+04   3.996349e+02
  1.262310e+00   1.248708e+04   4.062047e+02
  1.264950e+00   1.225830e+04   4.026155e+02
  1.267590e+00   1.114775e+04   3.794738e+02
  1.270240e+00   1.269352e+04   4.071449e+02
  1.272880e+00   1.211797e+04   3.969372e+02
  1.275520e+00   1.212779e+04   3.981142e+02
  1.278170e+00   1.246289e+04   4.003657e+02
  1.280810e+00   1.241702e+04   4.018052e+02
  1.283450e+00   1.180194e+04   3.910159e+02
  1.286100e+00   1.187132e+04   3.903266e+02
  1.288740e+00   1.165654e+04   3.874766e+02
  1.291380e+00   1.199799e+04   3.890615e+02
  1.294030e+00   1.186687e+04   3.912391e+02
  1.296670e+00   1.177712e+04   3.889146e+02
  1.299310e+00   1.197691e+04   3.885823e+02
  1.301960e+00   1.185497e+04   3.868725e+02
  1.304600e+00   1.198072e+04   3.876870e+02
  1.307240e+00   1.182880e+04   3.889286e+02
  1.309890e+00   1.236766e+04   3.930699e+02
  1.312530e+00   1.240726e+04   3.945278e+02
  1.315180e+00   1.166042e+04   3.811326e+02
  1.317820e+00   1.176490e+04   3.819047e+02
  1.320460e+00   1.161434e+04   3.806446e+02
  1.323110e+00   1.187285e+04   3.802356e+02
  1.325750e+00   1.199174e+04   3.846352e+02
  1.328390e+00   1.217842e+04   3.858880e+02
  1.331040e+00   1.126399e+04   3.703576e+02
  1.333680e+00   1.158527e+04   3.776689e+02
  1.336320e+00   1.246742e+04   3.875309e+02
  1.338970e+00   1.175793e+04   3.800798e+02
  1.341610e+00   1.192570e+04   3.817325e+02
  1.344250e+00   1.214603e+04   3.823744e+02
  1.346900e+00   1.196999e+04   3.810090e+02
  1.349540e+00   1.149581e+04   3.702552e+02
  1.352180e+00   1.126268e+04   3.707157e+02
  1.354830e+00   1.159713e+04   3.731316e+02
  1.357470e+00   1.165198e+04   3.748964e+02
  1.360110e+00   1.188516e+04   3.788851e+02
  1.362760e+00   1.176822e+04   3.772719e+02
  1.365400e+00   1.140673e+04   3.724430e+02
  1.368040e+00   1.090752e+04   3.592201e+02
  1.370690e+00   1.206177e+04   3.810458e+02
  1.373330e+00   1.127679e+04   3.691856e+02
  1.375970e+00   1.182554e+04   3.760302e+02
  1.378620e+00   1.109127e+04   3.652717e+02
  1.381260e+00   1.090949e+04   3.588960e+02
  1.383900e+00   1.163369e+04   3.733428e+02
  1.386550e+00   1.163582e+04   3.718826e+02
  1.389190e+00   1.156936e+04   3.703261e+02
  1.391830e+00   1.172416e+04   3.720551e+02
  1.394480e+00   1.115301e+04   3.629994e+02
  1.397120e+00   1.136030e+04   3.681894e+02
  1.399760e+00   1.173293e+04   3.712133e+02
  1.402410e+00   1.155191e+04   3.667736e+02
  1.405050e+00   1.153871e+04   3.693451e+02
  1.407690e+00   1.175641e+04   3.715847e+02
  1.410340e+00   1.080293e+04   3.565498e+02
  1.412980e+00   1.205206e+04   3.738984e+02
  1.415620e+00   1.118068e+04   3.604796e+02
  1.418270e+00   1.142333e+04   3.664036e+02
  1.420910e+00   1.077631e+04   3.541315e+02
  1.423550e+00   1.063666e+04   3.518294e+02
  1.426200e+00   1.109087e+04   3.583297e+02
  1.428840e+00   1.153080e+04   3.653673e+02
  1.431480e+00   1.122681e+04   3.602855e+02
  1.434130e+00   1.189746e+04   3.683937e+02
  1.436770e+00   1.054255e+04   3.489075e+02
  1.439410e+00   1.140570e+04   3.639706e+02
  1.442060e+00   1.067895e+04   3.503651e+02
  1.444700e+00   1.112142e+04   3.580112e+02
  1.447340e+00   1.157319e+04   3.618389e+02
  1.449990e+00   1.161118e+04   3.646341e+02
  1.452630e+00   1.154988e+04   3.637870e+02
  1.455270e+00   1.118309e+04   3.570485e+02
  1.457920e+00   1.125765e+04   3.565333e+02
  1.460560e+00   1.097971e+04   3.519933e+02
  1.463200e+00   1.123882e+04   3.582803e+02
  1.465850e+00   1.053703e+04   3.451519e+02
  1.468490e+00   1.091075e+04   3.517768e+02
  1.471140e+00   1.110015e+04   3.522525e+02
  1.473780e+00   1.146891e+04   3.612366e+02
  1.476420e+00   1.066609e+04   3.466013e+02
  1.479070e+00   1.150107e+04   3.592330e+02
  1.481710e+00   1.042845e+04   3.406825e+02
  1.484350e+00   1.049522e+04   3.417715e+02
  1.487000e+00   1.061617e+04   3.464456e+02
  1.489640e+00   1.114365e+04   3.506441e+02
  1.492280e+00   1.136030e+04   3.565798e+02
  1.494930e+00   1.076413e+04   3.447281e+02
  1.497570e+00   1.101666e+04   3.504867e+02
  1.500210e+00   1.198659e+04   3.652480e+02
  1.502860e+00   1.160813e+04   3.572155e+02
  1.505500e+00   1.110859e+04   3.521661e+02
  1.508140e+00   1.104014e+04   3.491197e+02
  1.510790e+00   1.111347e+04   3.495216e+02
  1.513430e+00   1.043379e+04   3.388736e+02
  1.516070e+00   1.171565e+04   3.576568e+02
  1.518720e+00   1.110490e+04   3.504675e+02
  1.521360e+00   1.098997e+04   3.459800e+02
  1.524000e+00   1.103035e+04   3.472512e+02
  1.526650e+00   1.101617e+04   3.476672e+02
  1.529290e+00   1.080881e+04   3.424902e+02
  1.531930e+00   1.162423e+04   3.589026e+02
  1.534580e+00   1.140538e+04   3.506444e+02
  1.537220e+00   1.062458e+04   3.390441e+02
  1.539860e+00   1.125942e+04   3.499822e+02
  1.542510e+00   1.048962e+04   3.374980e+02
  1.545150e+00   1.064966e+04   3.419399e+02
  1.547790e+00   1.061677e+04   3.453635e+02
  1.550440e+00   1.026078e+04   3.451074e+02
  1.553080e+00   1.115018e+04   3.598704e+02
  1.555720e+00   1.098216e+04   3.597326e+02
  1.558370e+00   1.060367e+04   3.558359e+02
  1.561010e+00   1.051160e+04   3.533435e+02
  1.563650e+00   1.027315e+04   3.555169e+02
  1.566300e+00   1.100427e+04   3.635912e+02
  1.568940e+00   1.080445e+04   3.642180e+02
  1.571580e+00   1.072337e+04   3.621024e+02
  1.574230e+00   1.094716e+04   3.707175e+02
  1.576870e+00   1.087022e+04   3.704560e+02
  1.579510e+00   1.109847e+04   3.711883e+02
  1.582160e+00   1.086802e+04   3.708122e+02
  1.584800e+00   1.047747e+04   3.628051e+02
  1.587440e+00   1.095693e+04   3.764844e+02
  1.590090e+00   1.070600e+04   3.709409e+02
  1.592730e+00   1.113685e+04   3.756366e+02
  1.595370e+00   1.095249e+04   3.790265e+02
  1.598020e+00   1.090589e+04   3.762889e+02
  1.600660e+00   1.043630e+04   3.678311e+02
  1.603300e+00   1.077503e+04   3.638468e+02
  1.605950e+00   1.066477e+04   3.607413e+02
  1.608590e+00   1.039940e+04   3.558602e+02
  1.611230e+00   1.075131e+04   3.564024e+02
  1.613880e+00   1.096651e+04   3.617517e+02
  1.616520e+00   1.109052e+04   3.592572e+02
  1.619160e+00   1.069463e+04   3.551094e+02
  1.621810e+00   1.084792e+04   3.576452e+02
  1.624450e+00   1.042122e+04   3.448919e+02
  1.627100e+00   1.064850e+04   3.514529e+02
  1.629740e+00   1.067692e+04   3.489860e+02
  1.632380e+00   1.049292e+04   3.489894e+02
  1.635030e+00   1.088224e+04   3.523257e+02
  1.637670e+00   1.125053e+04   3.563080e+02
  1.640310e+00   1.050653e+04   3.475250e+02
  1.642960e+00   1.080068e+04   3.476861e+02
  1.645600e+00   1.051241e+04   3.445303e+02
  1.648240e+00   1.087171e+04   3.481732e+02
  1.650890e+00   1.063732e+04   3.449386e+02
  1.653530e+00   1.068187e+04   3.467483e+02
  1.656170e+00   1.026150e+04   3.379446e+02
  1.658820e+00   1.090887e+04   3.500823e+02
  1.661460e+00   1.057399e+04   3.419872e+02
  1.664100e+00   1.052631e+04   3.444314e+02
  1.666750e+00   1.045371e+04   3.420560e+02
  1.669390e+00   1.014786e+04   3.334793e+02
  1.672030e+00   1.050968e+04   3.429703e+02
  1.674680e+00   1.098410e+04   3.463105e+02
  1.677320e+00   1.067986e+04   3.454113e+02
  1.679960e+00   1.019169e+04   3.341987e+02
  1.682610e+00   1.024468e+04   3.341446e+02
  1.685250e+00   1.077537e+04   3.454425e+02
  1.687890e+00   1.087303e+04   3.448716e+02
  1.690540e+00   1.078780e+04   3.437280e+02
  1.693180e+00   1.079492e+04   3.405151e+02
  1.695820e+00   1.074167e+04   3.422582e+02
  1.698470e+00   1.087022e+04   3.465298e+02
  1.701110e+00   1.044127e+04   3.343883e+02
  1.703750e+00   1.088504e+04   3.461240e+02
  1.706400e+00   9.798331e+03   3.228660e+02
  1.709040e+00   1.015002e+04   3.315866e+02
  1.711680e+00   1.058772e+04   3.385581e+02
  1.714330e+00   1.025285e+04   3.305652e+02
  1.716970e+00   1.056651e+04   3.377072e+02
  1.719610e+00   1.057332e+04   3.374082e+02
  1.722260e+00   1.052639e+04   3.362532e+02
  1.724900e+00   1.032079e+04   3.308695e+02
  1.727540e+00   1.048799e+04   3.338364e+02
  1.730190e+00   1.100474e+04   3.433955e+02
  1.732830e+00   1.016611e+04   3.289675e+02
  1.735470e+00   1.087333e+04   3.406243e+02
  1.738120e+00   1.073441e+04   3.369341e+02
  1.740760e+00   1.031467e+04   3.306730e+02
  1.743400e+00   1.113492e+04   3.434677e+02
  1.746050e+00   1.013159e+04   3.273367e+02
  1.748690e+00   1.060780e+04   3.344463e+02
  1.751330e+00   1.066722e+04   3.340035e+02
  1.753980e+00   1.022533e+04   3.293357e+02
  1.756620e+00   1.010702e+04   3.250198e+02
  1.759260e+00   1.040924e+04   3.303272e+02
  1.761910e+00   1.040576e+04   3.298849e+02
  1.764550e+00   1.057696e+04   3.329779e+02
  1.767190e+00   1.044963e+04   3.319436e+02
  1.769840e+00   1.017455e+04   3.240237e+02
  1.772480e+00   1.054648e+04   3.315258e+02
  1.775120e+00   1.009244e+04   3.220626e+02
  1.777770e+00   1.016121e+04   3.240924e+02
  1.780410e+00   1.004039e+04   3.233792e+02
  1.783060e+00   1.073768e+04   3.310568e+02
  1.785700e+00   1.022776e+04   3.257182e+02
  1.788340e+00   1.032772e+04   3.262649e+02
  1.790990e+00   1.056832e+04   3.283419e+02
  1.793630e+00   1.038430e+04   3.277257e+02
  1.796270e+00   1.064228e+04   3.282717e+02
  1.798920e+00   1.054696e+04   3.310505e+02
  1.801560e+00   1.076214e+04   3.313390e+02
  1.804200e+00   1.053170e+04   3.276789e+02
  1.806850e+00   1.032239e+04   3.249635e+02
  1.809490e+00   1.037285e+04   3.251054e+02
  1.812130e+00   1.078049e+04   3.365617e+02
  1.814780e+00   1.011269e+04   3.202723e+02
  1.817420e+00   1.048232e+04   3.286980e+02
  1.820060e+00   1.139505e+04   3.431061e+02
  1.822710e+00   1.091121e+04   3.354518e+02
  1.825350e+00   9.908480e+03   3.209671e+02
  1.827990e+00   1.113950e+04   3.378711e+02
  1.830640e+00   1.074468e+04   3.356075e+02
  1.833280e+00   1.038880e+04   3.265691e+02
  1.835920e+00   9.975450e+03   3.219563e+02
  1.838570e+00   1.050599e+04   3.299272e+02
  1.841210e+00   1.034285e+04   3.252854e+02
  1.843850e+00   9.405160e+03   3.147317e+02
  1.846500e+00   1.024222e+04   3.245371e+02
  1.849140e+00   1.061970e+04   3.321901e+02
  1.851780e+00   1.071741e+04   3.345924e+02
  1.854430e+00   1.011539e+04   3.234544e+02
  1.857070e+00   1.048628e+04   3.319375e+02
  1.859710e+00   1.026382e+04   3.237621e+02
  1.862360e+00   1.031443e+04   3.281457e+02
  1.865000e+00   1.010916e+04   3.239183e+02
  1.867640e+00   1.053418e+04   3.311392e+02
  1.870290e+00   1.064027e+04   3.329967e+02
  1.872930e+00   1.046808e+04   3.269678e+02
  1.875570e+00   1.012904e+04   3.262343e+02
  1.878220e+00   1.042659e+04   3.290602e+02
  1.880860e+00   1.072149e+04   3.331004e+02
  1.883500e+00   1.003907e+04   3.246867e+02
  1.886150e+00   1.027096e+04   3.235047e+02
  1.888790e+00   9.894331e+03   3.227175e+02
  1.891430e+00   9.906315e+03   3.188956e+02
  1.894080e+00   1.029515e+04   3.280308e+02
  1.896720e+00   9.939787e+03   3.223197e+02
  1.899360e+00   1.092445e+04   3.363360e+02
  1.902010e+00   1.010069e+04   3.254903e+02
  1.904650e+00   1.041106e+04   3.259828e+02
  1.907290e+00   1.048329e+04   3.310145e+02
  1.909940e+00   1.004040e+04   3.218805e+02
  1.912580e+00   1.062288e+04   3.340924e+02
  1.915220e+00   1.028877e+04   3.271638e+02
  1.917870e+00   1.034179e+04   3.257358e+02
  1.920510e+00   9.925822e+03   3.215289e+02
  1.923150e+00   1.013413e+04   3.248853e+02
  1.925800e+00   1.070079e+04   3.327788e+02
  1.928440e+00   1.005081e+04   3.235469e+02
  1.931080e+00   1.029679e+04   3.257761e+02
  1.933730e+00   1.020408e+04   3.269598e+02
  1.936370e+00   1.005916e+04   3.226476e+02
  1.939020e+00   1.010504e+04   3.232890e+02
  1.941660e+00   1.008119e+04   3.231882e+02
  1.944300e+00   1.016696e+04   3.249375e+02
  1.946950e+00   1.030560e+04   3.281973e+02
  1.949590e+00   1.056100e+04   3.295489e+02
  1.952230e+00   1.041100e+04   3.293895e+02
  1.954880e+00   9.701669e+03   3.167707e+02
  1.957520e+00   9.972081e+03   3.221833e+02
  1.960160e+00   1.065723e+04   3.323899e+02
  1.962810e+00   1.060407e+04   3.304106e+02
  1.965450e+00   1.035347e+04   3.290550e+02
  1.968090e+00   1.018197e+04   3.237677e+02
  1.970740e+00   1.029439e+04   3.266825e+02
  1.973380e+00   1.066785e+04   3.315940e+02
  1.976020e+00   1.081840e+04   3.340220e+02
  1.978670e+00   1.001218e+04   3.241562e+02
  1.981310e+00   9.885618e+03   3.193898e+02
  1.983950e+00   1.011053e+04   3.241288e+02
  1.986600e+00   1.001348e+04   3.205236e+02
  1.989240e+00   1.035556e+04   3.281284e+02
  1.991880e+00   9.956863e+03   3.211891e+02
  1.994530e+00   9.555539e+03   3.115017e+02
  1.997170e+00   1.061663e+04   3.338959e+02
  1.999810e+00   1.023889e+04   3.228151e+02
  2.002460e+00   1.013327e+04   3.233658e+02
  2.005100e+00   1.032127e+04   3.254124e+02
  2.007740e+00   1.016764e+04   3.216900e+02
  2.010390e+00   1.043441e+04   3.294713e+02
  2.013030e+00   1.001498e+04   3.192658e+02
  2.015670e+00   9.853188e+03   3.168572e+02
  2.018320e+00   1.047325e+04   3.249179e+02
  2.020960e+00   1.001871e+04   3.198729e+02
  2.023600e+00   1.011915e+04   3.219330e+02
  2.026250e+00   1.042704e+04   3.241088e+02
  2.028890e+00   1.027307e+04   3.250255e+02
  2.031530e+00   1.028908e+04   3.223215e+02
  2.034180e+00   1.011608e+04   3.221615e+02
  2.036820e+00   1.047542e+04   3.262436e+02
  2.039460e+00   9.993840e+03   3.173047e+02
  2.042110e+00   9.930247e+03   3.190055e+02
  2.044750e+00   1.029956e+04   3.231260e+02
  2.047390e+00   1.026433e+04   3.250745e+02
  2.050040e+00   1.041947e+04   3.237173e+02
  2.052680e+00   9.826640e+03   3.153519e+02
  2.055320e+00   1.058575e+04   3.298399e+02
  2.057970e+00   1.016216e+04   3.202369e+02
  2.060610e+00   1.038989e+04   3.250015e+02
  2.063250e+00   1.055757e+04   3.265924e+02
  2.065900e+00   1.036529e+04   3.247090e+02
  2.068540e+00   1.059445e+04   3.293124e+02
  2.071180e+00   1.026259e+04   3.205494e+02
  2.073830e+00   9.838015e+03   3.175206e+02
  2.076470e+00   9.840658e+03   3.145088e+02
  2.079110e+00   1.012465e+04   3.227621e+02
  2.081760e+00   9.940147e+03   3.167194e+02
  2.084400e+00   1.007543e+04   3.173461e+02
  2.087040e+00   1.043839e+04   3.271595e+02
  2.089690e+00   1.049217e+04   3.261334e+02
  2.092330e+00   9.846150e+03   3.172878e+02
  2.094980e+00   1.018383e+04   3.201261e+02
  2.097620e+00   1.079979e+04   3.298512e+02
  2.100260e+00   1.018513e+04   3.216000e+02
  2.102910e+00   1.024438e+04   3.217117e+02
  2.105550e+00   1.004554e+04   3.212211e+02
  2.108190e+00   1.040571e+04   3.310497e+02
  2.110840e+00   1.025278e+04   3.353018e+02
  2.113480e+00   1.006319e+04   3.341427e+02
  2.116120e+00   1.004238e+04   3.323543e+02
  2.118770e+00   9.990720e+03   3.364050e+02
  2.121410e+00   9.831967e+03   3.316240e+02
  2.124050e+00   9.765141e+03   3.385454e+02
  2.126700e+00   1.022729e+04   3.424351e+02
  2.129340e+00   1.037955e+04   3.481191e+02
  2.131980e+00   1.022654e+04   3.485194e+02
  2.134630e+00   1.069458e+04   3.556963e+02
  2.137270e+00   9.788567e+03   3.460781e+02
  2.139910e+00   1.001880e+04   3.440471e+02
  2.142560e+00   1.022215e+04   3.543892e+02
  2.145200e+00   1.038187e+04   3.571471e+02
  2.147840e+00   1.031909e+04   3.566799e+02
  2.150490e+00   1.023476e+04   3.563285e+02
  2.153130e+00   1.047749e+04   3.570721e+02
  2.155770e+00   9.526917e+03   3.471802e+02
  2.158420e+00   9.950239e+03   3.558198e+02
  2.161060e+00   9.406767e+03   3.405478e+02
  2.163700e+00   1.035171e+04   3.521722e+02
  2.166350e+00   1.061338e+04   3.514443e+02
  2.168990e+00   9.645214e+03   3.372370e+02
  2.171630e+00   9.278366e+03   3.274264e+02
  2.174280e+00   1.034013e+04   3.440980e+02
  2.176920e+00   9.951188e+03   3.395302e+02
  2.179560e+00   9.995262e+03   3.354190e+02
  2.182210e+00   9.736376e+03   3.310467e+02
  2.184850e+00   1.049651e+04   3.425408e+02
  2.187490e+00   1.043977e+04   3.421497e+02
  2.190140e+00   9.696209e+03   3.314096e+02
  2.192780e+00   1.007660e+04   3.355142e+02
  2.195420e+00   9.783368e+03   3.279392e+02
  2.198070e+00   1.010027e+04   3.337224e+02
  2.200710e+00   1.010275e+04   3.349030e+02
  2.203350e+00   1.028143e+04   3.400796e+02
  2.206000e+00   9.667490e+03   3.258910e+02
  2.208640e+00   1.095684e+04   3.482312e+02
  2.211280e+00   9.864646e+03   3.310358e+02
  2.213930e+00   9.791529e+03   3.285822e+02
  2.216570e+00   1.002504e+04   3.336124e+02
  2.219210e+00   1.013098e+04   3.323867e+02
  2.221860e+00   1.032599e+04   3.380577e+02
  2.224500e+00   9.906640e+03   3.313276e+02
  2.227140e+00   1.005414e+04   3.334747e+02
  2.229790e+00   9.880921e+03   3.302828e+02
  2.232430e+00   1.025769e+04   3.360017e+02
  2.235070e+00   1.034409e+04   3.391961e+02
  2.237720e+00   1.026790e+04   3.381554e+02
  2.240360e+00   1.060685e+04   3.430499e+02
  2.243010e+00   1.007286e+04   3.340956e+02
  2.245650e+00   9.762584e+03   3.289098e+02
  2.248290e+00   1.067559e+04   3.443739e+02
  2.250940e+00   1.073359e+04   3.471493e+02
  2.253580e+00   9.726434e+03   3.265817e+02
  2.256220e+00   1.016923e+04   3.367367e+02
  2.258870e+00   1.031169e+04   3.401512e+02
  2.261510e+00   1.021217e+04   3.365025e+02
  2.264150e+00   1.023464e+04   3.383468e+02
  2.266800e+00   1.066882e+04   3.446939e+02
  2.269440e+00   1.034472e+04   3.399485e+02
  2.272080e+00   9.911464e+03   3.341154e+02
  2.274730e+00   1.019792e+04   3.358508e+02
  2.277370e+00   1.021227e+04   3.379768e+02
  2.280010e+00   1.001529e+04   3.336578e+02
  2.282660e+00   1.004309e+04   3.349558e+02
  2.285300e+00   1.064655e+04   3.443339e+02
  2.287940e+00   1.020899e+04   3.360329e+02
  2.290590e+00   1.039949e+04   3.426750e+02
  2.293230e+00   9.656504e+03   3.257058e+02
  2.295870e+00   1.012730e+04   3.372023e+02
  2.298520e+00   1.006178e+04   3.339118e+02
  2.301160e+00   9.932635e+03   3.333174e+02
  2.303800e+00   1.026142e+04   3.422374e+02
  2.306450e+00   9.907968e+03   3.297165e+02
  2.309090e+00   1.035252e+04   3.416842e+02
  2.311730e+00   9.732344e+03   3.290133e+02
  2.314380e+00   9.906515e+03   3.331922e+02
  2.317020e+00   1.035433e+04   3.419300e+02
  2.319660e+00   9.593053e+03   3.252349e+02
  2.322310e+00   9.420257e+03   3.271791e+02
  2.324950e+00   1.069335e+04   3.447676e+02
  2.327590e+00   9.859015e+03   3.329153e+02
  2.330240e+00   9.929056e+03   3.354717e+02
  2.332880e+00   9.763624e+03   3.291317e+02
  2.335520e+00   1.027456e+04   3.426756e+02
  2.338170e+00   1.012462e+04   3.359975e+02
  2.340810e+00   1.037642e+04   3.402561e+02
  2.343450e+00   1.031869e+04   3.411254e+02
  2.346100e+00   9.823562e+03   3.309642e+02
  2.348740e+00   1.084472e+04   3.503769e+02
  2.351380e+00   1.012677e+04   3.347808e+02
  2.354030e+00   1.046298e+04   3.419932e+02
  2.356670e+00   9.997966e+03   3.358882e+02
  2.359310e+00   1.028073e+04   3.385779e+02
  2.361960e+00   9.779248e+03   3.313572e+02
  2.364600e+00   9.925123e+03   3.319458e+02
  2.367240e+00   1.036270e+04   3.423932e+02
  2.369890e+00   1.014363e+04   3.366283e+02
  2.372530e+00   1.028179e+04   3.408380e+02
  2.375170e+00   1.027837e+04   3.403507e+02
  2.377820e+00   9.808004e+03   3.298789e+02
  2.380460e+00   9.487009e+03   3.279190e+02
  2.383100e+00   1.025323e+04   3.367602e+02
  2.385750e+00   9.900201e+03   3.339255e+02
  2.388390e+00   1.039041e+04   3.401666e+02
  2.391030e+00   1.006341e+04   3.358202e+02
  2.393680e+00   9.824685e+03   3.311901e+02
  2.396320e+00   1.012710e+04   3.340621e+02
  2.398970e+00   1.011608e+04   3.370154e+02
  2.401610e+00   1.010071e+04   3.330104e+02
  2.404250e+00   1.043615e+04   3.429531e+02
  2.406900e+00   1.028848e+04   3.382831e+02
  2.409540e+00   9.978980e+03   3.317125e+02
  2.412180e+00   1.052311e+04   3.452519e+02
  2.414830e+00   1.048427e+04   3.397973e+02
  2.417470e+00   1.023809e+04   3.395761e+02
  2.420110e+00   9.756528e+03   3.287058e+02
  2.422760e+00   1.078900e+04   3.464139e+02
  2.425400e+00   9.996613e+03   3.356534e+02
  2.428040e+00   9.768648e+03   3.291141e+02
  2.430690e+00   1.032345e+04   3.410963e+02
  2.433330e+00   9.970534e+03   3.319825e+02
  2.435970e+00   1.016880e+04   3.389601e+02
  2.438620e+00   9.935264e+03   3.347275e+02
  2.441260e+00   9.914021e+03   3.317601e+02
  2.443900e+00   1.020751e+04   3.387481e+02
  2.446550e+00   1.048480e+04   3.410706e+02
  2.449190e+00   9.861371e+03   3.333752e+02
  2.451830e+00   1.009362e+04   3.366411e+02
  2.454480e+00   1.068882e+04   3.453402e+02
  2.457120e+00   1.074977e+04   3.495053e+02
  2.459760e+00   1.040989e+04   3.408045e+02
  2.462410e+00   1.058475e+04   3.456045e+02
  2.465050e+00   1.029228e+04   3.395110e+02
  2.467690e+00   9.970117e+03   3.345752e+02
  2.470340e+00   1.054317e+04   3.459103e+02
  2.472980e+00   1.038267e+04   3.417499e+02
  2.475620e+00   1.040613e+04   3.415980e+02
  2.478270e+00   1.032115e+04   3.400936e+02
  2.480910e+00   9.763111e+03   3.323402e+02
  2.483550e+00   9.963060e+03   3.360457e+02
  2.486200e+00   9.252783e+03   3.229244e+02
  2.488840e+00   9.939104e+03   3.354285e+02
  2.491480e+00   1.002487e+04   3.352819e+02
  2.494130e+00   9.855972e+03   3.343410e+02
  2.496770e+00   9.773350e+03   3.323039e+02
  2.499410e+00   9.933990e+03   3.344949e+02
  2.502060e+00   1.056494e+04   3.473732e+02
  2.504700e+00   1.027803e+04   3.395955e+02
  2.507340e+00   9.764173e+03   3.325691e+02
  2.509990e+00   1.010337e+04   3.365920e+02
  2.512630e+00   9.762224e+03   3.332768e+02
  2.515270e+00   1.023842e+04   3.410913e+02
  2.517920e+00   9.643213e+03   3.313447e+02
  2.520560e+00   9.588179e+03   3.294537e+02
  2.523200e+00   1.035726e+04   3.416544e+02
  2.525850e+00   1.040694e+04   3.449866e+02
  2.528490e+00   1.029043e+04   3.420653e+02
  2.531130e+00   1.003322e+04   3.366928e+02
  2.533780e+00   9.862238e+03   3.345535e+02
  2.536420e+00   9.829340e+03   3.342076e+02
  2.539060e+00   1.022573e+04   3.429601e+02
  2.541710e+00   9.903982e+03   3.336736e+02
  2.544350e+00   1.025631e+04   3.414979e+02
  2.546990e+00   9.907576e+03   3.362850e+02
  2.549640e+00   9.756137e+03   3.342398e+02
  2.552280e+00   9.652148e+03   3.322406e+02
  2.554930e+00   9.761881e+03   3.309587e+02
  2.557570e+00   1.007235e+04   3.389615e+02
  2.560210e+00   9.897520e+03   3.353647e+02
  2.562860e+00   1.039536e+04   3.461276e+02
  2.565500e+00   9.829988e+03   3.353949e+02
  2.568140e+00   1.057765e+04   3.459260e+02
  2.570790e+00   1.013683e+04   3.419069e+02
  2.573430e+00   1.060274e+04   3.460074e+02
  2.576070e+00   1.025656e+04   3.422659e+02
  2.578720e+00   1.033712e+04   3.443794e+02
  2.581360e+00   1.021576e+04   3.414752e+02
  2.584000e+00   9.879206e+03   3.378617e+02
  2.586650e+00   9.136440e+03   3.224180e+02
  2.589290e+00   9.659823e+03   3.315243e+02
  2.591930e+00   9.894922e+03   3.358555e+02
  2.594580e+00   1.018791e+04   3.426566e+02
  2.597220e+00   9.458496e+03   3.309109e+02
  2.599860e+00   9.631670e+03   3.297821e+02
  2.602510e+00   1.041361e+04   3.465432e+02
  2.605150e+00   1.031062e+04   3.434964e+02
  2.607790e+00   9.824842e+03   3.354146e+02
  2.610440e+00   9.650608e+03   3.331760e+02
  2.613080e+00   9.631828e+03   3.311491e+02
  2.615720e+00   1.033592e+04   3.470463e+02
  2.618370e+00   9.812254e+03   3.349848e+02
  2.621010e+00   9.645968e+03   3.320279e+02
  2.623650e+00   1.008419e+04   3.409079e+02
  2.626300e+00   1.082350e+04   3.522750e+02
  2.628940e+00   1.014445e+04   3.439290e+02
  2.631580e+00   9.645048e+03   3.317997e+02
  2.634230e+00   1.039449e+04   3.453337e+02
  2.636870e+00   1.001364e+04   3.394941e+02
  2.639510e+00   1.008971e+04   3.401239e+02
  2.642160e+00   9.541933e+03   3.330158e+02
  2.644800e+00   1.028561e+04   3.420942e+02
  2.647440e+00   9.562266e+03   3.341326e+02
  2.650090e+00   1.026196e+04   3.437887e+02
  2.652730e+00   1.089151e+04   3.548645e+02
  2.655370e+00   9.944423e+03   3.373415e+02
  2.658020e+00   9.207943e+03   3.255499e+02
  2.660660e+00   9.868872e+03   3.379037e+02
  2.663300e+00   9.839810e+03   3.363178e+02
  2.665950e+00   9.976406e+03   3.421879e+02
  2.668590e+00   1.029683e+04   3.542217e+02
  2.671230e+00   9.887012e+03   3.524339e+02
  2.673880e+00   9.929154e+03   3.573581e+02
  2.676520e+00   9.642071e+03   3.511435e+02
  2.679160e+00   9.634989e+03   3.573420e+02
  2.681810e+00   9.376889e+03   3.526542e+02
  2.684450e+00   1.009490e+04   3.693532e+02
  2.687090e+00   9.852613e+03   3.664226e+02
  2.689740e+00   9.484673e+03   3.595156e+02
  2.692380e+00   9.569070e+03   3.677692e+02
  2.695020e+00   1.086026e+04   3.908692e+02
  2.697670e+00   9.789291e+03   3.737569e+02
  2.700310e+00   1.028705e+04   3.839093e+02
  2.702950e+00   9.802734e+03   3.753661e+02
  2.705600e+00   9.960414e+03   3.836608e+02
  2.708240e+00   9.888552e+03   3.797675e+02
  2.710890e+00   9.734701e+03   3.800762e+02
  2.713530e+00   1.011558e+04   3.890607e+02
  2.716170e+00   9.934704e+03   3.896712e+02
  2.718820e+00   9.567381e+03   3.845455e+02
  2.721460e+00   1.060096e+04   3.972878e+02
  2.724100e+00   9.598257e+03   3.705366e+02
  2.726750e+00   9.572554e+03   3.668211e+02
  2.729390e+00   9.338993e+03   3.616073e+02
  2.732030e+00   9.347113e+03   3.563553e+02
  2.734680e+00   9.621917e+03   3.605966e+02
  2.737320e+00   9.874374e+03   3.644698e+02
  2.739960e+00   9.821863e+03   3.610588e+02
  2.742610e+00   9.542218e+03   3.556175e+02
  2.745250e+00   9.327552e+03   3.476174e+02
  2.747890e+00   9.676361e+03   3.569180e+02
  2.750540e+00   9.891449e+03   3.604645e+02
  2.753180e+00   9.866861e+03   3.541997e+02
  2.755820e+00   9.512326e+03   3.520670e+02
  2.758470e+00   9.555792e+03   3.486958e+02
  2.761110e+00   9.665454e+03   3.541148e+02
  2.763750e+00   9.833346e+03   3.557580e+02
  2.766400e+00   9.513432e+03   3.466887e+02
  2.769040e+00   1.019927e+04   3.603733e+02
  2.771680e+00   9.145800e+03   3.389659e+02
  2.774330e+00   9.751360e+03   3.532545e+02
  2.776970e+00   1.029287e+04   3.601021e+02
  2.779610e+00   9.421487e+03   3.437949e+02
  2.782260e+00   9.610592e+03   3.506955e+02
  2.784900e+00   9.703471e+03   3.474400e+02
  2.787540e+00   9.971217e+03   3.554355e+02
  2.790190e+00   9.533410e+03   3.437836e+02
  2.792830e+00   9.613531e+03   3.482615e+02
  2.795470e+00   9.683456e+03   3.496493e+02
  2.798120e+00   9.880530e+03   3.499863e+02
  2.800760e+00   9.507669e+03   3.448794e+02
  2.803400e+00   9.928726e+03   3.505955e+02
  2.806050e+00   9.476008e+03   3.441841e+02
  2.808690e+00   9.794520e+03   3.473758e+02
  2.811330e+00   9.681553e+03   3.448910e+02
  2.813980e+00   9.560850e+03   3.449974e+02
  2.816620e+00   9.749602e+03   3.449161e+02
  2.819260e+00   1.021359e+04   3.573282e+02
  2.821910e+00   9.635134e+03   3.432375e+02
  2.824550e+00   1.004932e+04   3.502974e+02
  2.827190e+00   9.848464e+03   3.503926e+02
  2.829840e+00   1.002041e+04   3.490776e+02
  2.832480e+00   9.840797e+03   3.487978e+02
  2.835120e+00   1.032253e+04   3.540597e+02
  2.837770e+00   9.622038e+03   3.443036e+02
  2.840410e+00   9.703729e+03   3.461206e+02
  2.843050e+00   1.008596e+04   3.509353e+02
  2.845700e+00   9.954682e+03   3.502045e+02
  2.848340e+00   9.342373e+03   3.358047e+02
  2.850980e+00   1.028586e+04   3.565980e+02
  2.853630e+00   1.050327e+04   3.583671e+02
  2.856270e+00   9.381665e+03   3.376535e+02
  2.858910e+00   9.380656e+03   3.418501e+02
  2.861560e+00   9.543007e+03   3.414756e+02
  2.864200e+00   9.884524e+03   3.507886e+02
  2.866850e+00   9.421496e+03   3.395271e+02
  2.869490e+00   9.940818e+03   3.486397e+02
  2.872130e+00   9.438651e+03   3.414784e+02
  2.874780e+00   8.969130e+03   3.326466e+02
  2.877420e+00   9.812389e+03   3.475726e+02
  2.880060e+00   9.449573e+03   3.392199e+02
  2.882710e+00   9.554366e+03   3.414452e+02
  2.885350e+00   9.756559e+03   3.477838e+02
  2.887990e+00   9.348661e+03   3.384442e+02
  2.890640e+00   9.810503e+03   3.483812e+02
  2.893280e+00   9.802003e+03   3.465532e+02
  2.895920e+00   1.015036e+04   3.525366e+02
  2.898570e+00   9.465430e+03   3.406683e+02
  2.901210e+00   9.608809e+03   3.422996e+02
  2.903850e+00   9.754258e+03   3.472608e+02
  2.906500e+00   1.038213e+04   3.556859e+02
  2.909140e+00   9.594303e+03   3.462046e+02
  2.911780e+00   9.788972e+03   3.437373e+02
  2.914430e+00   9.688221e+03   3.451286e+02
  2.917070e+00   9.985373e+03   3.487044e+02
  2.919710e+00   9.976422e+03   3.501038e+02
  2.922360e+00   1.040131e+04   3.576045e+02
  2.925000e+00   1.011285e+04   3.499695e+02
  2.927640e+00   1.016242e+04   3.535957e+02
  2.930290e+00   8.962631e+03   3.310423e+02
  2.932930e+00   1.006154e+04   3.505102e+02
  2.935570e+00   9.312966e+03   3.382622e+02
  2.938220e+00   9.924445e+03   3.465767e+02
  2.940860e+00   1.027573e+04   3.575383e+02
  2.943500e+00   9.642454e+03   3.421979e+02
  2.946150e+00   9.781020e+03   3.468970e+02
  2.948790e+00   1.033467e+04   3.542679e+02
  2.951430e+00   9.421496e+03   3.395271e+02
  2.954080e+00   9.372868e+03   3.411136e+02
  2.956720e+00   9.734110e+03   3.426569e+02
  2.959360e+00   9.638061e+03   3.439971e+02
  2.962010e+00   1.051900e+04   3.576567e+02
  2.964650e+00   9.643706e+03   3.439796e+02
  2.967290e+00   9.366737e+03   3.386551e+02
  2.969940e+00   9.441725e+03   3.385022e+02
  2.972580e+00   1.014675e+04   3.528370e+02
  2.975220e+00   9.560437e+03   3.431997e+02
  2.977870e+00   9.744060e+03   3.449360e+02
  2.980510e+00   9.827068e+03   3.459292e+02
  2.983150e+00   1.034998e+04   3.541690e+02
  2.985800e+00   9.766400e+03   3.461609e+02
  2.988440e+00   9.645391e+03   3.429506e+02
  2.991080e+00   8.698967e+03   3.266965e+02
  2.993730e+00   9.677415e+03   3.438720e+02
  2.996370e+00   9.331950e+03   3.363001e+02
  2.999010e+00   9.589863e+03   3.433722e+02
  3.001660e+00   9.764095e+03   3.456452e+02
  3.004300e+00   1.002875e+04   3.495801e+02
  3.006940e+00   1.009234e+04   3.520107e+02
  3.009590e+00   9.125378e+03   3.321065e+02
  3.012230e+00   9.815477e+03   3.470295e+02
  3.014870e+00   9.084254e+03   3.325982e+02
  3.017520e+00   1.031143e+04   3.555667e+02
  3.020160e+00   9.560033e+03   3.414298e+02
  3.022810e+00   9.863600e+03   3.465716e+02
  3.025450e+00   9.335285e+03   3.377387e+02
  3.028090e+00   1.027655e+04   3.512451e+02
  3.030740e+00   9.594788e+03   3.415835e+02
  3.033380e+00   9.909675e+03   3.458500e+02
  3.036020e+00   9.521013e+03   3.400362e+02
  3.038670e+00   8.968253e+03   3.292349e+02
  3.041310e+00   9.819752e+03   3.443937e+02
  3.043950e+00   9.732986e+03   3.436837e+02
  3.046600e+00   9.493427e+03   3.350158e+02
  3.049240e+00   9.909675e+03   3.458500e+02
  3.051880e+00   9.901661e+03   3.453601e+02
  3.054530e+00   1.057577e+04   3.575263e+02
  3.057170e+00   9.441831e+03   3.365649e+02
  3.059810e+00   9.655446e+03   3.384232e+02
  3.062460e+00   9.572931e+03   3.386660e+02
  3.065100e+00   9.369847e+03   3.352795e+02
  3.067740e+00   1.004694e+04   3.470657e+02
  3.070390e+00   8.467445e+03   3.175540e+02
  3.073030e+00   9.429834e+03   3.363510e+02
  3.075670e+00   1.040360e+04   3.535286e+02
  3.078320e+00   9.596893e+03   3.390896e+02
  3.080960e+00   9.355541e+03   3.341264e+02
  3.083600e+00   9.349291e+03   3.339033e+02
  3.086250e+00   9.334955e+03   3.351054e+02
  3.088890e+00   9.731931e+03   3.421565e+02
  3.091530e+00   9.555877e+03   3.370098e+02
  3.094180e+00   9.841892e+03   3.432754e+02
  3.096820e+00   9.829919e+03   3.430665e+02
  3.099460e+00   9.809528e+03   3.434022e+02
  3.102110e+00   1.024920e+04   3.511319e+02
  3.104750e+00   9.613481e+03   3.390413e+02
  3.107390e+00   9.508207e+03   3.378594e+02
  3.110040e+00   9.932365e+03   3.449653e+02
  3.112680e+00   9.217336e+03   3.310965e+02
  3.115320e+00   9.427810e+03   3.356389e+02
  3.117970e+00   9.711241e+03   3.412182e+02
  3.120610e+00   9.594041e+03   3.398384e+02
  3.123250e+00   9.574673e+03   3.391523e+02
  3.125900e+00   9.092567e+03   3.289575e+02
  3.128540e+00   9.921721e+03   3.450120e+02
  3.131180e+00   9.105908e+03   3.305235e+02
  3.133830e+00   9.424841e+03   3.366015e+02
  3.136470e+00   9.351566e+03   3.348398e+02
  3.139110e+00   9.990842e+03   3.457473e+02
  3.141760e+00   9.334955e+03   3.351054e+02
  3.144400e+00   9.493910e+03   3.369263e+02
  3.147040e+00   9.243237e+03   3.326714e+02
  3.149690e+00   9.653868e+03   3.394119e+02
  3.152330e+00   9.729765e+03   3.416583e+02
  3.154970e+00   1.002276e+04   3.485254e+02
  3.157620e+00   9.605227e+03   3.383297e+02
  3.160260e+00   9.730895e+03   3.406495e+02
  3.162900e+00   9.580239e+03   3.391368e+02
  3.165550e+00   9.504149e+03   3.383566e+02
  3.168190e+00   9.636653e+03   3.407071e+02
  3.170830e+00   9.080460e+03   3.285195e+02
  3.173480e+00   9.256540e+03   3.335826e+02
  3.176120e+00   8.848020e+03   3.257001e+02
  3.178770e+00   9.710188e+03   3.409708e+02
  3.181410e+00   9.728686e+03   3.414099e+02
  3.184050e+00   9.456617e+03   3.358143e+02
  3.186700e+00   9.333856e+03   3.346349e+02
  3.189340e+00   9.728686e+03   3.414099e+02
  3.191980e+00   8.631946e+03   3.186109e+02
  3.194630e+00   8.812357e+03   3.246074e+02
  3.197270e+00   9.610744e+03   3.368564e+02
  3.199910e+00   9.723334e+03   3.401764e+02
  3.202560e+00   9.631722e+03   3.380072e+02
  3.205200e+00   9.510000e+03   3.349755e+02
  3.207840e+00   1.007788e+04   3.450599e+02
  3.210490e+00   9.605290e+03   3.368722e+02
  3.213130e+00   9.982970e+03   3.424130e+02
  3.215770e+00   9.833177e+03   3.392768e+02
  3.218420e+00   9.577350e+03   3.352743e+02
  3.221060e+00   9.574466e+03   3.359979e+02
  3.223700e+00   9.013516e+03   3.244035e+02
  3.226350e+00   9.857095e+03   3.419388e+02
  3.228990e+00   9.360593e+03   3.434069e+02
  3.231630e+00   9.795192e+03   3.564835e+02
  3.234280e+00   1.007919e+04   3.665766e+02
  3.236920e+00   9.707053e+03   3.600147e+02
  3.239560e+00   9.489838e+03   3.612720e+02
  3.242210e+00   9.344353e+03   3.610039e+02
  3.244850e+00   9.963520e+03   3.763170e+02
  3.247490e+00   9.571717e+03   3.706184e+02
  3.250140e+00   9.875827e+03   3.784425e+02
  3.252780e+00   9.355937e+03   3.724540e+02
  3.255420e+00   9.734676e+03   3.818254e+02
  3.258070e+00   9.759238e+03   3.827888e+02
  3.260710e+00   9.331674e+03   3.744672e+02
  3.263350e+00   9.452828e+03   3.827338e+02
  3.266000e+00   9.716064e+03   3.898922e+02
  3.268640e+00   9.700058e+03   3.914625e+02
  3.271280e+00   8.278226e+03   3.616360e+02
  3.273930e+00   1.013259e+04   4.024166e+02
  3.276570e+00   9.767096e+03   3.994062e+02
  3.279210e+00   9.663563e+03   4.002239e+02
  3.281860e+00   9.908843e+03   3.979487e+02
  3.284500e+00   9.992765e+03   3.916474e+02
  3.287140e+00   8.881245e+03   3.637900e+02
  3.289790e+00   8.984964e+03   3.640891e+02
  3.292430e+00   9.681167e+03   3.731816e+02
  3.295070e+00   1.002916e+04   3.790665e+02
  3.297720e+00   9.367264e+03   3.651740e+02
  3.300360e+00   9.180977e+03   3.606628e+02
  3.303000e+00   9.364931e+03   3.612600e+02
  3.305650e+00   9.388470e+03   3.600314e+02
  3.308290e+00   8.960519e+03   3.520024e+02
  3.310930e+00   8.606670e+03   3.456522e+02
  3.313580e+00   9.809500e+03   3.694471e+02
  3.316220e+00   9.400807e+03   3.597119e+02
  3.318860e+00   9.795091e+03   3.676032e+02
  3.321510e+00   9.489336e+03   3.589197e+02
  3.324150e+00   9.103648e+03   3.527592e+02
  3.326800e+00   9.747191e+03   3.622515e+02
  3.329440e+00   9.599991e+03   3.615566e+02
  3.332080e+00   9.870890e+03   3.663431e+02
  3.334730e+00   9.616729e+03   3.609094e+02
  3.337370e+00   9.408433e+03   3.550984e+02
  3.340010e+00   9.648242e+03   3.575877e+02
  3.342660e+00   9.300091e+03   3.525190e+02
  3.345300e+00   9.166469e+03   3.499774e+02
  3.347940e+00   9.389463e+03   3.526287e+02
  3.350590e+00   8.636317e+03   3.371915e+02
  3.353230e+00   9.645039e+03   3.567347e+02
  3.355870e+00   9.440147e+03   3.527949e+02
  3.358520e+00   9.175351e+03   3.470436e+02
  3.361160e+00   9.956870e+03   3.604629e+02
  3.363800e+00   9.018378e+03   3.450786e+02
  3.366450e+00   9.641864e+03   3.558877e+02
  3.369090e+00   9.766039e+03   3.580404e+02
  3.371730e+00   8.925949e+03   3.393137e+02
  3.374380e+00   9.133832e+03   3.444890e+02
  3.377020e+00   9.273543e+03   3.487675e+02
  3.379660e+00   9.689526e+03   3.571607e+02
  3.382310e+00   9.361520e+03   3.488833e+02
  3.384950e+00   9.306738e+03   3.466010e+02
  3.387590e+00   8.790021e+03   3.373301e+02
  3.390240e+00   1.007432e+04   3.625826e+02
  3.392880e+00   9.528791e+03   3.514748e+02
  3.395520e+00   9.257021e+03   3.466782e+02
  3.398170e+00   9.533201e+03   3.528396e+02
  3.400810e+00   9.180603e+03   3.462530e+02
  3.403450e+00   9.056446e+03   3.437780e+02
  3.406100e+00   9.504721e+03   3.496368e+02
  3.408740e+00   8.710788e+03   3.370305e+02
  3.411380e+00   8.802429e+03   3.383048e+02
  3.414030e+00   9.237773e+03   3.464436e+02
  3.416670e+00   9.777588e+03   3.565519e+02
  3.419310e+00   9.546885e+03   3.514257e+02
  3.421960e+00   9.167544e+03   3.460067e+02
  3.424600e+00   9.167191e+03   3.457472e+02
  3.427240e+00   8.745367e+03   3.358638e+02
  3.429890e+00   8.616379e+03   3.333777e+02
  3.432530e+00   9.679983e+03   3.532276e+02
  3.435170e+00   9.068869e+03   3.432617e+02
  3.437820e+00   9.284524e+03   3.448186e+02
  3.440460e+00   8.951562e+03   3.385792e+02
  3.443100e+00   9.015851e+03   3.402814e+02
  3.445750e+00   9.213471e+03   3.431276e+02
  3.448390e+00   9.041371e+03   3.405177e+02
  3.451030e+00   9.325619e+03   3.439806e+02
  3.453680e+00   9.560796e+03   3.484148e+02
  3.456320e+00   9.522724e+03   3.495902e+02
  3.458960e+00   9.670831e+03   3.494213e+02
  3.461610e+00   9.227672e+03   3.405996e+02
  3.464250e+00   9.471918e+03   3.467916e+02
  3.466890e+00   9.694993e+03   3.496104e+02
  3.469540e+00   9.591120e+03   3.485952e+02
  3.472180e+00   9.416659e+03   3.420285e+02
  3.474820e+00   9.690673e+03   3.485493e+02
  3.477470e+00   9.183852e+03   3.399096e+02
  3.480110e+00   9.872832e+03   3.530518e+02
  3.482760e+00   9.440667e+03   3.442657e+02
  3.485400e+00   8.913535e+03   3.326502e+02
  3.488040e+00   9.531840e+03   3.450758e+02
  3.490690e+00   9.134707e+03   3.399586e+02
  3.493330e+00   8.863704e+03   3.321814e+02
  3.495970e+00   8.845200e+03   3.314879e+02
  3.498620e+00   9.583651e+03   3.464976e+02
  3.501260e+00   9.144876e+03   3.382355e+02
  3.503900e+00   1.006742e+04   3.543901e+02
  3.506550e+00   8.913500e+03   3.331132e+02
  3.509190e+00   9.967938e+03   3.537489e+02
  3.511830e+00   9.207822e+03   3.396356e+02
  3.514480e+00   9.044463e+03   3.359029e+02
  3.517120e+00   9.025403e+03   3.349641e+02
  3.519760e+00   9.285467e+03   3.392836e+02
  3.522410e+00   9.138175e+03   3.377567e+02
  3.525050e+00   8.900735e+03   3.349836e+02
  3.527690e+00   9.304325e+03   3.397459e+02
  3.530340e+00   9.587593e+03   3.459625e+02
  3.532980e+00   9.444392e+03   3.434892e+02
  3.535620e+00   9.874722e+03   3.511047e+02
  3.538270e+00   9.695320e+03   3.482662e+02
  3.540910e+00   9.270676e+03   3.378422e+02
  3.543550e+00   9.019907e+03   3.361521e+02
  3.546200e+00   9.119314e+03   3.372900e+02
  3.548840e+00   8.720684e+03   3.293757e+02
  3.551480e+00   9.248275e+03   3.386034e+02
  3.554130e+00   9.565736e+03   3.447252e+02
  3.556770e+00   8.951022e+03   3.349836e+02
  3.559410e+00   9.075756e+03   3.366011e+02
  3.562060e+00   9.525131e+03   3.430392e+02
  3.564700e+00   9.872075e+03   3.505677e+02
  3.567340e+00   9.234592e+03   3.376501e+02
  3.569990e+00   9.258867e+03   3.410547e+02
  3.572630e+00   9.846341e+03   3.487753e+02
  3.575270e+00   9.006812e+03   3.347355e+02
  3.577920e+00   9.331958e+03   3.414385e+02
  3.580560e+00   9.419406e+03   3.430345e+02
  3.583200e+00   9.246938e+03   3.378758e+02
  3.585850e+00   9.166524e+03   3.362872e+02
  3.588490e+00   8.675221e+03   3.297824e+02
  3.591130e+00   8.944636e+03   3.338109e+02
  3.593780e+00   8.981775e+03   3.338051e+02
  3.596420e+00   8.864050e+03   3.312651e+02
  3.599060e+00   8.994371e+03   3.345043e+02
  3.601710e+00   9.463360e+03   3.419251e+02
  3.604350e+00   9.155776e+03   3.372573e+02
  3.606990e+00   9.391813e+03   3.415769e+02
  3.609640e+00   9.038147e+03   3.356684e+02
  3.612280e+00   8.739474e+03   3.296155e+02
  3.614920e+00   8.516843e+03   3.249378e+02
  3.617570e+00   9.408768e+03   3.412919e+02
  3.620210e+00   9.000540e+03   3.345024e+02
  3.622850e+00   8.895106e+03   3.312711e+02
  3.625500e+00   9.018864e+03   3.342613e+02
  3.628140e+00   9.241857e+03   3.383684e+02
  3.630780e+00   9.199066e+03   3.379361e+02
  3.633430e+00   9.315108e+03   3.392362e+02
  3.636070e+00   9.086889e+03   3.354032e+02
  3.638720e+00   9.050614e+03   3.358998e+02
  3.641360e+00   9.118775e+03   3.368096e+02
  3.644000e+00   9.442944e+03   3.429832e+02
  3.646650e+00   9.393792e+03   3.400781e+02
  3.649290e+00   9.693507e+03   3.464177e+02
  3.651930e+00   9.891586e+03   3.499392e+02
  3.654580e+00   9.982238e+03   3.511739e+02
  3.657220e+00   8.907237e+03   3.333450e+02
  3.659860e+00   9.361058e+03   3.411359e+02
  3.662510e+00   9.209509e+03   3.369583e+02
  3.665150e+00   9.213883e+03   3.359958e+02
  3.667790e+00   9.129513e+03   3.356076e+02
  3.670440e+00   9.018606e+03   3.337936e+02
  3.673080e+00   9.006141e+03   3.333322e+02
  3.675720e+00   9.224905e+03   3.355065e+02
  3.678370e+00   9.275626e+03   3.373512e+02
  3.681010e+00   9.053724e+03   3.319256e+02
  3.683650e+00   8.962682e+03   3.312702e+02
  3.686300e+00   9.022839e+03   3.305712e+02
  3.688940e+00   9.280542e+03   3.368623e+02
  3.691580e+00   9.249752e+03   3.361879e+02
  3.694230e+00   8.950074e+03   3.285675e+02
  3.696870e+00   9.118164e+03   3.309684e+02
  3.699510e+00   9.191315e+03   3.329662e+02
  3.702160e+00   8.713860e+03   3.249721e+02
  3.704800e+00   9.308230e+03   3.361007e+02
  3.707440e+00   9.491637e+03   3.362110e+02
  3.710090e+00   9.184411e+03   3.322803e+02
  3.712730e+00   8.925949e+03   3.274613e+02
  3.715370e+00   9.269487e+03   3.342662e+02
  3.718020e+00   8.865720e+03   3.267948e+02
  3.720660e+00   9.045440e+03   3.287621e+02
  3.723300e+00   9.312982e+03   3.356166e+02
  3.725950e+00   9.360185e+03   3.360111e+02
  3.728590e+00   9.414553e+03   3.349548e+02
  3.731230e+00   9.087586e+03   3.298585e+02
  3.733880e+00   9.380622e+03   3.350222e+02
  3.736520e+00   9.125109e+03   3.318770e+02
  3.739160e+00   8.497456e+03   3.202599e+02
  3.741810e+00   9.403912e+03   3.352133e+02
  3.744450e+00   9.040308e+03   3.298855e+02
  3.747090e+00   9.184411e+03   3.322803e+02
  3.749740e+00   9.594041e+03   3.398384e+02
  3.752380e+00   9.739575e+03   3.413719e+02
  3.755020e+00   9.537809e+03   3.382712e+02
  3.757670e+00   9.386175e+03   3.371614e+02
  3.760310e+00   9.160368e+03   3.318451e+02
  3.762950e+00   9.407630e+03   3.344968e+02
  3.765600e+00   9.142190e+03   3.314041e+02
  3.768240e+00   9.628399e+03   3.414841e+02
  3.770880e+00   9.878617e+03   3.462453e+02
  3.773530e+00   9.584029e+03   3.386350e+02
  3.776170e+00   8.771439e+03   3.228811e+02
  3.778810e+00   9.413476e+03   3.366252e+02
  3.781460e+00   9.418498e+03   3.363749e+02
  3.784100e+00   9.768020e+03   3.427903e+02
  3.786740e+00   9.170496e+03   3.348592e+02
  3.789390e+00   9.351618e+03   3.499755e+02
  3.792030e+00   9.439090e+03   3.570192e+02
  3.794680e+00   9.008216e+03   3.514440e+02
  3.797320e+00   9.016533e+03   3.544765e+02
  3.799960e+00   9.458627e+03   3.690162e+02
  3.802610e+00   9.139348e+03   3.667494e+02
  3.805250e+00   8.903276e+03   3.668531e+02
  3.807890e+00   9.068106e+03   3.683666e+02
  3.810540e+00   9.154820e+03   3.737440e+02
  3.813180e+00   8.848197e+03   3.709357e+02
  3.815820e+00   9.458374e+03   3.848558e+02
  3.818470e+00   9.245304e+03   3.842217e+02
  3.821110e+00   9.181433e+03   3.828922e+02
  3.823750e+00   9.377584e+03   3.924397e+02
  3.826400e+00   9.973128e+03   4.071512e+02
  3.829040e+00   9.278953e+03   3.949385e+02
  3.831680e+00   9.392167e+03   3.990349e+02
  3.834330e+00   9.012274e+03   3.944565e+02
  3.836970e+00   8.934692e+03   3.952475e+02
  3.839610e+00   9.314803e+03   4.057592e+02
  3.842260e+00   9.429903e+03   4.013633e+02
  3.844900e+00   9.337916e+03   3.884061e+02
  3.847540e+00   9.434189e+03   3.870894e+02
  3.850190e+00   9.150064e+03   3.760653e+02
  3.852830e+00   9.247467e+03   3.762741e+02
  3.855470e+00   8.948585e+03   3.674743e+02
  3.858120e+00   9.060286e+03   3.677457e+02
  3.860760e+00   9.198666e+03   3.682414e+02
  3.863400e+00   8.896922e+03   3.593433e+02
  3.866050e+00   9.144010e+03   3.645956e+02
  3.868690e+00   8.911269e+03   3.616972e+02
  3.871330e+00   9.211053e+03   3.669772e+02
  3.873980e+00   8.954696e+03   3.587623e+02
  3.876620e+00   9.527699e+03   3.694683e+02
  3.879260e+00   9.389728e+03   3.660497e+02
  3.881910e+00   8.554035e+03   3.498005e+02
  3.884550e+00   8.713427e+03   3.513593e+02
  3.887190e+00   9.163045e+03   3.574844e+02
  3.889840e+00   8.716747e+03   3.486699e+02
  3.892480e+00   8.995250e+03   3.530945e+02
  3.895120e+00   8.600992e+03   3.448684e+02
  3.897770e+00   9.180191e+03   3.551923e+02
  3.900410e+00   8.816930e+03   3.466293e+02
  3.903050e+00   8.712608e+03   3.462951e+02
  3.905700e+00   8.993776e+03   3.492893e+02
  3.908340e+00   9.081360e+03   3.503211e+02
  3.910980e+00   8.644501e+03   3.403769e+02
  3.913630e+00   9.613598e+03   3.600321e+02
  3.916270e+00   8.631540e+03   3.398666e+02
  3.918910e+00   8.519922e+03   3.367795e+02
  3.921560e+00   8.760040e+03   3.409841e+02
  3.924200e+00   8.548797e+03   3.363479e+02
  3.926840e+00   9.374888e+03   3.518333e+02
  3.929490e+00   9.163272e+03   3.475827e+02
  3.932130e+00   8.623598e+03   3.366949e+02
  3.934770e+00   9.070552e+03   3.453100e+02
  3.937420e+00   9.381153e+03   3.518207e+02
  3.940060e+00   9.242379e+03   3.490798e+02
  3.942700e+00   8.854124e+03   3.400406e+02
  3.945350e+00   9.362977e+03   3.521310e+02
  3.947990e+00   9.215582e+03   3.483163e+02
  3.950640e+00   9.450225e+03   3.541621e+02
  3.953280e+00   9.756422e+03   3.572080e+02
  3.955920e+00   9.438633e+03   3.522466e+02
  3.958570e+00   9.050376e+03   3.442925e+02
  3.961210e+00   9.175718e+03   3.473061e+02
  3.963850e+00   8.952049e+03   3.417908e+02
  3.966500e+00   9.265240e+03   3.477183e+02
  3.969140e+00   8.584160e+03   3.359242e+02
  3.971780e+00   8.991102e+03   3.422854e+02
  3.974430e+00   9.003566e+03   3.412793e+02
  3.977070e+00   9.245899e+03   3.474822e+02
  3.979710e+00   8.827862e+03   3.397846e+02
  3.982360e+00   9.306615e+03   3.495173e+02
  3.985000e+00   8.093208e+03   3.245081e+02
  3.987640e+00   8.822310e+03   3.380717e+02
  3.990290e+00   8.660180e+03   3.350724e+02
  3.992930e+00   9.361520e+03   3.488833e+02
  3.995570e+00   8.815592e+03   3.383114e+02
  3.998220e+00   8.835918e+03   3.371113e+02
  4.000860e+00   9.419670e+03   3.498378e+02
  4.003500e+00   8.834735e+03   3.392960e+02
  4.006150e+00   9.153155e+03   3.447278e+02
  4.008790e+00   9.247953e+03   3.451306e+02
  4.011430e+00   9.195654e+03   3.436577e+02
  4.014080e+00   8.990818e+03   3.415329e+02
  4.016720e+00   8.711727e+03   3.363125e+02
  4.019360e+00   8.816547e+03   3.368629e+02
  4.022010e+00   8.880836e+03   3.383329e+02
  4.024650e+00   9.248885e+03   3.456471e+02
  4.027290e+00   9.346679e+03   3.478474e+02
  4.029940e+00   8.951562e+03   3.385792e+02
  4.032580e+00   9.497056e+03   3.491187e+02
  4.035220e+00   9.357746e+03   3.472985e+02
  4.037870e+00   9.067836e+03   3.419999e+02
  4.040510e+00   8.501517e+03   3.306707e+02
  4.043150e+00   9.085455e+03   3.404918e+02
  4.045800e+00   8.842168e+03   3.375955e+02
  4.048440e+00   9.152825e+03   3.444711e+02
  4.051080e+00   8.638016e+03   3.324774e+02
  4.053730e+00   9.213060e+03   3.428746e+02
  4.056370e+00   8.585852e+03   3.319482e+02
  4.059010e+00   8.810362e+03   3.363812e+02
  4.061660e+00   8.332606e+03   3.278420e+02
  4.064300e+00   9.509052e+03   3.490883e+02
  4.066940e+00   8.823057e+03   3.368659e+02
  4.069590e+00   9.606633e+03   3.512533e+02
  4.072230e+00   8.945036e+03   3.373684e+02
  4.074870e+00   9.110976e+03   3.409697e+02
  4.077520e+00   8.460857e+03   3.283449e+02
  4.080160e+00   9.150542e+03   3.426905e+02
  4.082800e+00   8.713580e+03   3.348901e+02
  4.085450e+00   9.079404e+03   3.407440e+02
  4.088090e+00   8.494253e+03   3.284068e+02
  4.090730e+00   8.868445e+03   3.366416e+02
  4.093380e+00   8.765295e+03   3.356405e+02
  4.096020e+00   8.491161e+03   3.295210e+02
  4.098660e+00   9.543068e+03   3.484636e+02
  4.101310e+00   8.855767e+03   3.361603e+02
  4.103950e+00   7.839588e+03   3.156099e+02
  4.106600e+00   8.515561e+03   3.304679e+02
  4.109240e+00   9.191452e+03   3.408921e+02
  4.111880e+00   8.670192e+03   3.329767e+02
  4.114530e+00   8.759468e+03   3.349266e+02
  4.117170e+00   8.874724e+03   3.371229e+02
  4.119810e+00   8.237394e+03   3.226013e+02
  4.122460e+00   8.361337e+03   3.257115e+02
  4.125100e+00   8.250128e+03   3.243460e+02
  4.127740e+00   8.913088e+03   3.385802e+02
  4.130390e+00   9.008538e+03   3.383228e+02
  4.133030e+00   8.319086e+03   3.243117e+02
  4.135670e+00   8.702641e+03   3.332414e+02
  4.138320e+00   9.058983e+03   3.387868e+02
  4.140960e+00   9.053281e+03   3.395246e+02
  4.143600e+00   8.254921e+03   3.232876e+02
  4.146250e+00   8.417348e+03   3.271495e+02
  4.148890e+00   8.644616e+03   3.324852e+02
  4.151530e+00   9.225392e+03   3.428590e+02
  4.154180e+00   8.957445e+03   3.359304e+02
  4.156820e+00   8.710408e+03   3.323228e+02
  4.159460e+00   8.983126e+03   3.378452e+02
  4.162110e+00   8.491161e+03   3.295210e+02
  4.164750e+00   8.356208e+03   3.252650e+02
  4.167390e+00   8.749448e+03   3.321245e+02
  4.170040e+00   9.146110e+03   3.392105e+02
  4.172680e+00   9.014702e+03   3.380777e+02
  4.175320e+00   8.468048e+03   3.259353e+02
  4.177970e+00   9.001168e+03   3.359206e+02
  4.180610e+00   8.994948e+03   3.359225e+02
  4.183250e+00   8.738953e+03   3.300657e+02
  4.185900e+00   9.516044e+03   3.438286e+02
  4.188540e+00   9.186290e+03   3.374668e+02
  4.191180e+00   9.448808e+03   3.429700e+02
  4.193830e+00   8.056942e+03   3.162626e+02
  4.196470e+00   8.626337e+03   3.281613e+02
  4.199110e+00   8.290585e+03   3.198162e+02
  4.201760e+00   8.846199e+03   3.294497e+02
  4.204400e+00   9.416386e+03   3.397846e+02
  4.207040e+00   9.375015e+03   3.396210e+02
  4.209690e+00   8.042494e+03   3.130536e+02
  4.212330e+00   8.747799e+03   3.278376e+02
  4.214970e+00   8.846526e+03   3.287786e+02
  4.217620e+00   8.564004e+03   3.241523e+02
  4.220260e+00   9.763896e+03   3.443461e+02
  4.222900e+00   9.386050e+03   3.393534e+02
  4.225550e+00   8.717514e+03   3.269323e+02
  4.228190e+00   9.109611e+03   3.339745e+02
  4.230830e+00   8.999313e+03   3.317191e+02
  4.233480e+00   9.029811e+03   3.321670e+02
  4.236120e+00   9.029669e+03   3.319372e+02
  4.238760e+00   8.633695e+03   3.242452e+02
  4.241410e+00   8.913621e+03   3.315011e+02
  4.244050e+00   8.226116e+03   3.178026e+02
  4.246690e+00   9.378361e+03   3.386330e+02
  4.249340e+00   9.675364e+03   3.433658e+02
  4.251980e+00   9.011190e+03   3.312579e+02
  4.254620e+00   8.822230e+03   3.281023e+02
  4.257270e+00   8.649889e+03   3.257737e+02
  4.259910e+00   9.318839e+03   3.382524e+02
  4.262560e+00   9.225314e+03   3.357435e+02
  4.265200e+00   9.084254e+03   3.325982e+02
  4.267840e+00   9.017093e+03   3.310279e+02
  4.270490e+00   8.658414e+03   3.244878e+02
  4.273130e+00   9.416386e+03   3.397846e+02
  4.275770e+00   8.588078e+03   3.248309e+02
  4.278420e+00   8.846089e+03   3.296743e+02
  4.281060e+00   9.230797e+03   3.354990e+02
  4.283700e+00   8.736814e+03   3.265101e+02
  4.286350e+00   9.318839e+03   3.382524e+02
  4.288990e+00   9.260596e+03   3.356964e+02
  4.291630e+00   8.938143e+03   3.301379e+02
  4.294280e+00   9.024037e+03   3.326304e+02
  4.296920e+00   8.864980e+03   3.287839e+02
  4.299560e+00   8.438858e+03   3.205657e+02
  4.302210e+00   8.602590e+03   3.239923e+02
  4.304850e+00   9.079316e+03   3.337623e+02
  4.307490e+00   9.299651e+03   3.375559e+02
  4.310140e+00   8.400894e+03   3.202811e+02
  4.312780e+00   9.133814e+03   3.341888e+02
  4.315420e+00   9.430962e+03   3.387702e+02
  4.318070e+00   9.023634e+03   3.319398e+02
  4.320710e+00   9.673866e+03   3.443987e+02
  4.323350e+00   8.889368e+03   3.292358e+02
  4.326000e+00   8.692350e+03   3.269095e+02
  4.328640e+00   9.391864e+03   3.393419e+02
  4.331280e+00   8.821946e+03   3.285464e+02
  4.333930e+00   9.077237e+03   3.314538e+02
  4.336570e+00   8.858929e+03   3.285595e+02
  4.339210e+00   8.772583e+03   3.280760e+02
  4.341860e+00   8.747799e+03   3.278376e+02
  4.344500e+00   8.871189e+03   3.285626e+02
  4.347140e+00   9.126815e+03   3.384948e+02
  4.349790e+00   8.945918e+03   3.450963e+02
  4.352430e+00   8.843174e+03   3.492844e+02
  4.355070e+00   8.735736e+03   3.508356e+02
  4.357720e+00   8.287345e+03   3.468146e+02
  4.360360e+00   9.165572e+03   3.704963e+02
  4.363000e+00   9.160246e+03   3.721096e+02
  4.365650e+00   8.297145e+03   3.567221e+02
  4.368290e+00   8.575760e+03   3.653396e+02
  4.370930e+00   9.075899e+03   3.784912e+02
  4.373580e+00   9.469824e+03   3.892074e+02
  4.376220e+00   8.540007e+03   3.745041e+02
  4.378860e+00   8.706659e+03   3.760704e+02
  4.381510e+00   9.282987e+03   3.926285e+02
  4.384150e+00   8.773514e+03   3.854861e+02
  4.386790e+00   9.038063e+03   3.948296e+02
  4.389440e+00   9.191246e+03   3.966315e+02
  4.392080e+00   8.925949e+03   3.960250e+02
  4.394720e+00   8.520224e+03   3.876836e+02
  4.397370e+00   9.077842e+03   4.027641e+02
  4.400010e+00   8.881453e+03   3.975884e+02
  4.402650e+00   8.752008e+03   4.003075e+02
  4.405300e+00   9.379184e+03   4.165442e+02
  4.407940e+00   9.310770e+03   4.180659e+02
  4.410590e+00   9.473206e+03   4.228099e+02
  4.413230e+00   8.735224e+03   4.081702e+02
  4.415870e+00   8.596793e+03   4.079857e+02
  4.418520e+00   8.549912e+03   4.113578e+02
  4.421160e+00   9.342494e+03   4.304794e+02
  4.423800e+00   8.985855e+03   4.235973e+02
  4.426450e+00   9.118888e+03   4.303469e+02
  4.429090e+00   7.618194e+03   3.976665e+02
  4.431730e+00   9.071935e+03   4.349660e+02
  4.434380e+00   9.402276e+03   4.412707e+02
  4.437020e+00   8.363434e+03   4.213437e+02
  4.439660e+00   9.281265e+03   4.470628e+02
  4.442310e+00   8.397084e+03   4.257491e+02
  4.444950e+00   8.351131e+03   4.256131e+02
  4.447590e+00   9.331177e+03   4.520970e+02
  4.450240e+00   9.105817e+03   4.524717e+02
  4.452880e+00   8.489978e+03   4.413729e+02
  4.455520e+00   8.388792e+03   4.378914e+02
  4.458170e+00   9.633990e+03   4.729140e+02
  4.460810e+00   7.965414e+03   4.319852e+02
  4.463450e+00   8.771849e+03   4.560267e+02
  4.466100e+00   9.058453e+03   4.671541e+02
  4.468740e+00   8.433400e+03   4.501416e+02
  4.471380e+00   8.241253e+03   4.529802e+02
  4.474030e+00   8.167370e+03   4.544446e+02
  4.476670e+00   9.898083e+03   4.999287e+02
  4.479310e+00   8.737107e+03   4.690325e+02
  4.481960e+00   9.106012e+03   4.839791e+02
  4.484600e+00   9.935432e+03   5.137489e+02
  4.487240e+00   8.738317e+03   4.839706e+02
  4.489890e+00   9.499665e+03   5.034812e+02
  4.492530e+00   9.061191e+03   4.950658e+02
  4.495170e+00   8.459054e+03   4.819993e+02
  4.497820e+00   8.671729e+03   4.949217e+02
  4.500460e+00   8.590177e+03   4.902673e+02
  4.503100e+00   9.528666e+03   5.229535e+02
  4.505750e+00   8.344454e+03   4.925576e+02
  4.508390e+00   8.615095e+03   5.050258e+02
  4.511030e+00   9.058732e+03   5.170092e+02
  4.513680e+00   8.540443e+03   5.032504e+02
  4.516320e+00   9.033491e+03   5.268439e+02
  4.518960e+00   9.067631e+03   5.343153e+02
  4.521610e+00   8.750931e+03   5.277010e+02
  4.524250e+00   8.957050e+03   5.277993e+02
  4.526890e+00   8.925949e+03   5.353429e+02
  4.529540e+00   8.550635e+03   5.282600e+02
  4.532180e+00   9.563517e+03   5.664939e+02
  4.534820e+00   8.693676e+03   5.370971e+02
  4.537470e+00   9.337916e+03   5.661943e+02
  4.540110e+00   8.995143e+03   5.578551e+02
  4.542750e+00   9.281565e+03   5.745144e+02
  4.545400e+00   9.288512e+03   5.663306e+02
  4.548040e+00   8.029770e+03   5.365116e+02
  4.550680e+00   8.760313e+03   5.678468e+02
  4.553330e+00   8.509909e+03   5.673273e+02
  4.555970e+00   8.490075e+03   5.672670e+02
  4.558610e+00   9.019907e+03   5.822325e+02
  4.561260e+00   9.500581e+03   6.032875e+02
  4.563900e+00   8.747033e+03   5.897248e+02
  4.566550e+00   8.537865e+03   5.905764e+02
  4.569190e+00   9.145604e+03   6.043585e+02
  4.571830e+00   8.593821e+03   5.973119e+02
  4.574480e+00   1.033310e+04   6.588143e+02
  4.577120e+00   8.626994e+03   6.069932e+02
  4.579760e+00   9.714160e+03   6.433359e+02
  4.582410e+00   9.212461e+03   6.372393e+02
  4.585050e+00   8.586989e+03   6.229657e+02
  4.587690e+00   7.604445e+03   5.938074e+02
  4.590340e+00   9.637272e+03   6.650349e+02
  4.592980e+00   7.664166e+03   5.984708e+02
  4.595620e+00   9.605098e+03   6.826046e+02
  4.598270e+00   1.007930e+04   7.109392e+02
  4.600910e+00   9.127666e+03   6.784541e+02
  4.603550e+00   8.568911e+03   6.611059e+02
  4.606200e+00   9.361362e+03   7.137971e+02
  4.608840e+00   8.732508e+03   6.947210e+02
  4.611480e+00   9.350995e+03   7.279739e+02
  4.614130e+00   8.982087e+03   7.100964e+02
  4.616770e+00   8.386798e+03   7.088138e+02
  4.619410e+00   8.277351e+03   7.150542e+02
  4.622060e+00   9.439673e+03   7.785711e+02
  4.624700e+00   7.948195e+03   7.080815e+02
  4.627340e+00   8.859338e+03   7.682020e+02
  4.629990e+00   9.718601e+03   8.184539e+02
  4.632630e+00   9.433930e+03   8.274104e+02
  4.635270e+00   8.354689e+03   7.723912e+02
  4.637920e+00   8.850941e+03   8.147952e+02
  4.640560e+00   8.765122e+03   8.395464e+02
  4.643200e+00   8.182120e+03   8.223340e+02
  4.645850e+00   7.662459e+03   7.903223e+02
  4.648490e+00   9.504483e+03   8.862976e+02
  4.651130e+00   9.814314e+03   9.112362e+02
  4.653780e+00   9.849324e+03   9.306736e+02
  4.656420e+00   9.147988e+03   9.013780e+02
  4.659060e+00   9.572757e+03   9.086059e+02
  4.661710e+00   9.509052e+03   9.236007e+02
  4.664350e+00   9.662110e+03   9.429254e+02
  4.666990e+00   9.070695e+03   9.355707e+02
  4.669640e+00   8.970803e+03   8.970803e+02
  4.672280e+00   8.550120e+03   8.962961e+02
  4.674920e+00   9.682386e+03   9.882044e+02
  4.677570e+00   8.317362e+03   9.184990e+02
  4.680210e+00   8.974725e+03   9.356798e+02
  4.682850e+00   8.572946e+03   9.298665e+02
  4.685500e+00   7.980849e+03   9.154662e+02
  4.688140e+00   1.018544e+04   1.056181e+03
  4.690780e+00   8.400894e+03   9.392485e+02
  4.693430e+00   9.678740e+03   1.020229e+03
  4.696070e+00   7.587057e+03   9.200658e+02
  4.698710e+00   9.041871e+03   1.023790e+03
  4.701360e+00   9.801043e+03   1.069381e+03
  4.704000e+00   8.144929e+03   9.532918e+02
  4.706640e+00   8.500904e+03   1.016052e+03
  4.709290e+00   8.862645e+03   1.059289e+03
  4.711930e+00   8.537865e+03   1.050938e+03
  4.714570e+00   6.709438e+03   8.965864e+02
  4.717220e+00   1.034893e+04   1.157045e+03
  4.719860e+00   9.130360e+03   1.115451e+03
  4.722510e+00   8.500904e+03   1.097462e+03
  4.725150e+00   8.408503e+03   1.042946e+03
  4.727790e+00   9.776040e+03   1.176897e+03
  4.730440e+00   8.704645e+03   1.133248e+03
  4.733080e+00   7.540888e+03   1.077270e+03
  4.735720e+00   8.426096e+03   1.096984e+03
  4.738370e+00   7.715651e+03   1.080407e+03
  4.741010e+00   9.826733e+03   1.268626e+03
  4.743650e+00   1.178899e+04   1.409054e+03
  4.746300e+00   8.844060e+03   1.203524e+03
  4.748940e+00   9.521013e+03   1.272299e+03
  4.751580e+00   7.650814e+03   1.180546e+03
  4.754230e+00   9.771566e+03   1.355072e+03
  4.756870e+00   7.179568e+03   1.180314e+03
  4.759510e+00   1.159453e+04   1.460774e+03
  4.762160e+00   7.980849e+03   1.294665e+03
  4.764800e+00   7.713783e+03   1.303867e+03
  4.767440e+00   8.697079e+03   1.410853e+03
  4.770090e+00   7.680468e+03   1.262661e+03
  4.772730e+00   8.092861e+03   1.387914e+03
  4.775370e+00   8.925949e+03   1.487658e+03
  4.778020e+00   8.537865e+03   1.486251e+03
  4.780660e+00   1.174467e+04   1.660947e+03
  4.783300e+00   7.244249e+03   1.369034e+03
  4.785950e+00   9.762757e+03   1.650207e+03
  4.788590e+00   9.077237e+03   1.657269e+03
  4.791230e+00   1.033531e+04   1.799147e+03
  4.793880e+00   1.201570e+04   2.031024e+03
  4.796520e+00   1.110785e+04   2.099186e+03
  4.799160e+00   5.637442e+03   1.627389e+03
  4.801810e+00   9.451005e+03   2.227623e+03
  4.804450e+00   1.036562e+04   2.443200e+03
  4.807090e+00   9.314034e+03   2.688730e+03
  4.809740e+00   2.380253e+03   1.683093e+03
  4.812380e+00   6.866115e+03   3.070620e+03
creator: radaver
creator-version: 6572
working-directory: /dataInt/p12/vives/2015-10-17/NEW
header-file: images/header/img_0009_00006.txt
image-file: images/pilatus2m/img_0009_00006.tiff
angular-axis-file: etc/radial-averaging/saxs-2/saxis-saxs2-20150921.dat
beamstop-mask-file: etc/radial-averaging/saxs-2/mask-saxs2-20151008.msk
detector-response-file: none
beam-center-x: 656.1000
beam-center-y: 1645.9000
unit-time: 100.0000
channel-first: 8
channel-last: 1819
angular-unit: nanometer
Run Number: 9
Frame Number: 6
Sample: ADR
Buffer: NAPI
Code: ADR_NAPI
Concentration [mg/ml]: 3
Plate Row: 2
Plate Column: 1
Well Row: 1
Well Column: 2
Load Volume: 20
Load Viscosity: low
Exposure time [s]: 0.035
Exposure period [s]: 0.04
Detector Position: saxs-2
Detector Distance [m]: 3
Timestamp (begin): 2015-10-17 03:33:01.920
Timestamp (end): 2015-10-17 03:33:01.955
PETRA Current: 94.1409
Transmitted Beam: 0.160047
Wavelength [nm]: 0.123987
Flytube Vacuum [mbar]: 0.000285457
Crystal Temperature 1 [C]: -181.4
Crystal Temperature 2 [C]: -156.3
Cell Target Temperature [C]: 20
Cell Temperature [C]: 20
Storage Temperature [C]: 20.1
