
Sample:   c= 3.0000 mg/ml  Code: ADR_NAPI
  2.520060e-02   4.937448e+07   2.840759e+05
  2.784400e-02   7.530588e+06   6.132572e+04
  3.048740e-02   3.199336e+06   3.745566e+04
  3.313080e-02   1.449009e+06   2.354323e+04
  3.577420e-02   6.532270e+05   1.474737e+04
  3.841750e-02   4.891570e+05   1.288148e+04
  4.106090e-02   3.398835e+05   9.848593e+03
  4.370430e-02   2.828840e+05   8.914431e+03
  4.634770e-02   2.422269e+05   7.671402e+03
  4.899110e-02   2.098249e+05   6.782675e+03
  5.163450e-02   1.793691e+05   6.123561e+03
  5.427790e-02   1.554524e+05   5.313254e+03
  5.692130e-02   1.473881e+05   5.253818e+03
  5.956470e-02   1.339163e+05   4.743558e+03
  6.220810e-02   1.399344e+05   4.578793e+03
  6.485140e-02   1.293206e+05   4.516073e+03
  6.749480e-02   1.166558e+05   4.001262e+03
  7.013820e-02   1.137259e+05   3.981202e+03
  7.278160e-02   1.067166e+05   3.701957e+03
  7.542500e-02   1.050401e+05   3.596504e+03
  7.806840e-02   9.737470e+04   3.427752e+03
  8.071180e-02   9.548456e+04   3.235371e+03
  8.335520e-02   9.022863e+04   3.174232e+03
  8.599860e-02   8.853476e+04   3.042090e+03
  8.864200e-02   8.645325e+04   3.097509e+03
  9.128530e-02   8.799525e+04   3.134701e+03
  9.392870e-02   8.261389e+04   3.018646e+03
  9.657210e-02   8.146609e+04   3.025575e+03
  9.921550e-02   8.047104e+04   2.952196e+03
  1.018590e-01   8.090426e+04   2.996454e+03
  1.045020e-01   7.891824e+04   2.872129e+03
  1.071460e-01   7.307823e+04   2.780027e+03
  1.097890e-01   7.610625e+04   2.897316e+03
  1.124320e-01   7.370284e+04   2.705716e+03
  1.150760e-01   7.201647e+04   2.704635e+03
  1.177190e-01   7.269658e+04   2.665186e+03
  1.203630e-01   7.526686e+04   2.764997e+03
  1.230060e-01   6.807674e+04   2.622218e+03
  1.256490e-01   7.153439e+04   2.608591e+03
  1.282930e-01   7.106773e+04   2.586420e+03
  1.309360e-01   6.555319e+04   2.458437e+03
  1.335800e-01   7.285619e+04   2.618762e+03
  1.362230e-01   6.530507e+04   2.399042e+03
  1.388660e-01   6.574038e+04   2.443222e+03
  1.415100e-01   6.243843e+04   2.351567e+03
  1.441530e-01   6.803217e+04   2.396331e+03
  1.467970e-01   6.423466e+04   2.367721e+03
  1.494400e-01   6.838483e+04   2.369394e+03
  1.520830e-01   6.452178e+04   2.328229e+03
  1.547270e-01   6.473990e+04   2.310666e+03
  1.573700e-01   6.288522e+04   2.251652e+03
  1.600130e-01   6.253126e+04   2.220550e+03
  1.626570e-01   6.158669e+04   2.170646e+03
  1.653000e-01   6.316210e+04   2.231723e+03
  1.679440e-01   6.394107e+04   2.193161e+03
  1.705870e-01   6.357034e+04   2.196001e+03
  1.732300e-01   6.348043e+04   2.167186e+03
  1.758740e-01   6.120104e+04   2.119219e+03
  1.785170e-01   5.980678e+04   2.094940e+03
  1.811610e-01   6.163135e+04   2.076413e+03
  1.838040e-01   5.684771e+04   2.034171e+03
  1.864470e-01   6.131026e+04   2.075038e+03
  1.890910e-01   6.125071e+04   2.046243e+03
  1.917340e-01   6.075569e+04   2.045750e+03
  1.943780e-01   6.193406e+04   2.023298e+03
  1.970210e-01   6.364882e+04   2.093892e+03
  1.996640e-01   6.119425e+04   2.018612e+03
  2.023080e-01   6.120698e+04   2.011386e+03
  2.049510e-01   5.997143e+04   1.951904e+03
  2.075950e-01   5.922403e+04   1.919462e+03
  2.102380e-01   5.755779e+04   1.929341e+03
  2.128810e-01   5.944480e+04   1.896960e+03
  2.155250e-01   5.594077e+04   1.871986e+03
  2.181680e-01   5.832273e+04   1.898243e+03
  2.208110e-01   5.861307e+04   1.886821e+03
  2.234550e-01   5.560430e+04   1.853477e+03
  2.260980e-01   5.753192e+04   1.826640e+03
  2.287420e-01   5.699138e+04   1.829883e+03
  2.313850e-01   5.629876e+04   1.801157e+03
  2.340280e-01   5.525308e+04   1.778660e+03
  2.366720e-01   5.747392e+04   1.825719e+03
  2.393150e-01   5.677492e+04   1.777692e+03
  2.419590e-01   5.699879e+04   1.797971e+03
  2.446020e-01   5.768400e+04   1.770081e+03
  2.472450e-01   5.906507e+04   1.804829e+03
  2.498890e-01   5.426606e+04   1.727308e+03
  2.525320e-01   5.837797e+04   1.756971e+03
  2.551760e-01   5.366042e+04   1.720274e+03
  2.578190e-01   5.362972e+04   1.655049e+03
  2.604620e-01   5.242492e+04   1.652870e+03
  2.631060e-01   5.235447e+04   1.661419e+03
  2.657490e-01   5.547721e+04   1.688118e+03
  2.683920e-01   5.186370e+04   1.639255e+03
  2.710360e-01   5.487462e+04   1.646321e+03
  2.736790e-01   5.232011e+04   1.625507e+03
  2.763230e-01   5.131839e+04   1.592081e+03
  2.789660e-01   5.378921e+04   1.623282e+03
  2.816090e-01   5.354319e+04   1.621777e+03
  2.842530e-01   5.018660e+04   1.553236e+03
  2.868960e-01   5.094788e+04   1.579827e+03
  2.895400e-01   4.930103e+04   1.519294e+03
  2.921830e-01   5.163000e+04   1.558830e+03
  2.948260e-01   5.242615e+04   1.572863e+03
  2.974700e-01   5.134130e+04   1.542400e+03
  3.001130e-01   5.238304e+04   1.570157e+03
  3.027570e-01   5.227729e+04   1.530960e+03
  3.054000e-01   5.178604e+04   1.539180e+03
  3.080430e-01   4.908548e+04   1.477969e+03
  3.106870e-01   4.885128e+04   1.489258e+03
  3.133300e-01   4.941935e+04   1.479330e+03
  3.159740e-01   4.706070e+04   1.417645e+03
  3.186170e-01   4.645242e+04   1.434236e+03
  3.212600e-01   4.918465e+04   1.451007e+03
  3.239040e-01   4.826096e+04   1.445950e+03
  3.265470e-01   4.775599e+04   1.436636e+03
  3.291900e-01   4.716820e+04   1.399459e+03
  3.318340e-01   4.774254e+04   1.432993e+03
  3.344770e-01   4.544164e+04   1.368873e+03
  3.371210e-01   4.747051e+04   1.407190e+03
  3.397640e-01   4.956407e+04   1.423104e+03
  3.424070e-01   4.681708e+04   1.372233e+03
  3.450510e-01   4.467692e+04   1.362000e+03
  3.476940e-01   4.598480e+04   1.342086e+03
  3.503380e-01   4.693095e+04   1.378534e+03
  3.529810e-01   4.562601e+04   1.350142e+03
  3.556240e-01   4.395679e+04   1.319364e+03
  3.582680e-01   4.709088e+04   1.361099e+03
  3.609110e-01   4.329492e+04   1.289659e+03
  3.635550e-01   4.477131e+04   1.321384e+03
  3.661980e-01   4.367884e+04   1.285784e+03
  3.688410e-01   4.479315e+04   1.311784e+03
  3.714850e-01   4.500335e+04   1.302395e+03
  3.741280e-01   4.537665e+04   1.302336e+03
  3.767710e-01   4.538392e+04   1.313409e+03
  3.794150e-01   4.353131e+04   1.265103e+03
  3.820580e-01   4.470385e+04   1.292645e+03
  3.847020e-01   4.301147e+04   1.247365e+03
  3.873450e-01   4.147239e+04   1.234823e+03
  3.899880e-01   4.443729e+04   1.271715e+03
  3.926320e-01   4.102837e+04   1.206195e+03
  3.952750e-01   4.240949e+04   1.239853e+03
  3.979190e-01   4.096906e+04   1.198254e+03
  4.005620e-01   4.029097e+04   1.201244e+03
  4.032050e-01   4.276862e+04   1.216019e+03
  4.058490e-01   3.935883e+04   1.168788e+03
  4.084920e-01   4.046989e+04   1.199141e+03
  4.111360e-01   4.231703e+04   1.206108e+03
  4.137790e-01   4.058254e+04   1.187965e+03
  4.164220e-01   4.014567e+04   1.169181e+03
  4.190660e-01   4.031695e+04   1.167260e+03
  4.217090e-01   3.953276e+04   1.160222e+03
  4.243530e-01   4.057768e+04   1.165563e+03
  4.269960e-01   3.855768e+04   1.196774e+03
  4.296390e-01   3.952348e+04   1.211670e+03
  4.322830e-01   3.892008e+04   1.256795e+03
  4.349260e-01   4.038822e+04   1.311749e+03
  4.375690e-01   3.805086e+04   1.249754e+03
  4.402130e-01   3.809052e+04   1.287694e+03
  4.428560e-01   3.720777e+04   1.266567e+03
  4.455000e-01   3.796522e+04   1.316207e+03
  4.481430e-01   3.755050e+04   1.307341e+03
  4.507860e-01   3.650364e+04   1.288988e+03
  4.534300e-01   3.696695e+04   1.333062e+03
  4.560730e-01   3.757924e+04   1.319586e+03
  4.587170e-01   3.920103e+04   1.347759e+03
  4.613600e-01   3.451192e+04   1.248598e+03
  4.640030e-01   3.773312e+04   1.294235e+03
  4.666470e-01   3.558771e+04   1.282492e+03
  4.692900e-01   3.643630e+04   1.259423e+03
  4.719340e-01   3.563475e+04   1.281693e+03
  4.745770e-01   3.595745e+04   1.263416e+03
  4.772200e-01   3.739760e+04   1.318092e+03
  4.798640e-01   3.364335e+04   1.223597e+03
  4.825070e-01   3.615991e+04   1.210045e+03
  4.851500e-01   3.435294e+04   1.188832e+03
  4.877940e-01   3.630319e+04   1.180943e+03
  4.904370e-01   3.395107e+04   1.155708e+03
  4.930810e-01   3.458020e+04   1.134539e+03
  4.957240e-01   3.311870e+04   1.097874e+03
  4.983670e-01   3.320294e+04   1.111717e+03
  5.010110e-01   3.466039e+04   1.117496e+03
  5.036540e-01   3.433612e+04   1.112256e+03
  5.062980e-01   3.322080e+04   1.072756e+03
  5.089410e-01   3.206264e+04   1.055927e+03
  5.115840e-01   3.350898e+04   1.082626e+03
  5.142280e-01   3.252484e+04   1.051379e+03
  5.168710e-01   3.198138e+04   1.051541e+03
  5.195150e-01   3.297193e+04   1.040067e+03
  5.221580e-01   3.294985e+04   1.049337e+03
  5.248010e-01   3.254083e+04   1.038949e+03
  5.274450e-01   3.375861e+04   1.044803e+03
  5.300880e-01   3.116964e+04   1.007571e+03
  5.327320e-01   3.316710e+04   1.025514e+03
  5.353750e-01   3.194405e+04   1.020936e+03
  5.380180e-01   3.037784e+04   9.703846e+02
  5.406620e-01   3.169768e+04   9.964081e+02
  5.433050e-01   3.143890e+04   1.000205e+03
  5.459480e-01   3.092341e+04   9.833071e+02
  5.485920e-01   3.211156e+04   1.002020e+03
  5.512350e-01   3.343622e+04   1.001785e+03
  5.538790e-01   3.143260e+04   9.737477e+02
  5.565220e-01   3.214193e+04   9.905075e+02
  5.591650e-01   3.147770e+04   9.695778e+02
  5.618090e-01   3.018501e+04   9.526306e+02
  5.644520e-01   3.149943e+04   9.611707e+02
  5.670960e-01   2.830756e+04   9.179355e+02
  5.697390e-01   3.184886e+04   9.633493e+02
  5.723820e-01   2.933217e+04   9.252545e+02
  5.750260e-01   3.029213e+04   9.357269e+02
  5.776690e-01   2.891602e+04   9.134919e+02
  5.803130e-01   2.771113e+04   8.985949e+02
  5.829560e-01   2.896572e+04   8.964666e+02
  5.855990e-01   2.926902e+04   9.146569e+02
  5.882430e-01   2.813572e+04   8.897295e+02
  5.908860e-01   2.864742e+04   8.991920e+02
  5.935290e-01   2.671915e+04   8.596746e+02
  5.961730e-01   2.793320e+04   8.776392e+02
  5.988160e-01   2.777781e+04   8.731881e+02
  6.014600e-01   2.814299e+04   8.769031e+02
  6.041030e-01   2.857671e+04   8.789713e+02
  6.067460e-01   2.731902e+04   8.587661e+02
  6.093900e-01   2.704787e+04   8.481500e+02
  6.120330e-01   2.843272e+04   8.741291e+02
  6.146770e-01   2.891774e+04   8.699279e+02
  6.173200e-01   2.803023e+04   8.521441e+02
  6.199630e-01   2.775033e+04   8.436348e+02
  6.226070e-01   2.574345e+04   8.190082e+02
  6.252500e-01   2.790958e+04   8.484763e+02
  6.278940e-01   2.611860e+04   8.138254e+02
  6.305370e-01   2.566216e+04   8.066830e+02
  6.331800e-01   2.689297e+04   8.206095e+02
  6.358240e-01   2.718363e+04   8.302522e+02
  6.384670e-01   2.498569e+04   7.893279e+02
  6.411110e-01   2.594430e+04   8.048856e+02
  6.437540e-01   2.616903e+04   8.083641e+02
  6.463970e-01   2.655664e+04   8.137639e+02
  6.490410e-01   2.503649e+04   7.874044e+02
  6.516840e-01   2.534827e+04   7.917469e+02
  6.543270e-01   2.382366e+04   7.665137e+02
  6.569710e-01   2.486473e+04   7.890582e+02
  6.596140e-01   2.417492e+04   7.679416e+02
  6.622580e-01   2.461285e+04   7.791061e+02
  6.649010e-01   2.564612e+04   7.851262e+02
  6.675440e-01   2.561786e+04   7.894572e+02
  6.701880e-01   2.490313e+04   7.847642e+02
  6.728310e-01   2.460748e+04   7.659975e+02
  6.754750e-01   2.435984e+04   7.687896e+02
  6.781180e-01   2.328900e+04   7.447000e+02
  6.807610e-01   2.344636e+04   7.482033e+02
  6.834050e-01   2.299384e+04   7.375278e+02
  6.860480e-01   2.421197e+04   7.504206e+02
  6.886920e-01   2.477760e+04   7.701744e+02
  6.913350e-01   2.349649e+04   7.349834e+02
  6.939780e-01   2.261534e+04   7.314324e+02
  6.966220e-01   2.367083e+04   7.400749e+02
  6.992650e-01   2.342266e+04   7.319582e+02
  7.019080e-01   2.292287e+04   7.363888e+02
  7.045520e-01   2.227114e+04   7.074662e+02
  7.071950e-01   2.236489e+04   7.147851e+02
  7.098390e-01   2.193819e+04   7.106476e+02
  7.124820e-01   2.221561e+04   7.057020e+02
  7.151250e-01   2.156527e+04   7.041311e+02
  7.177690e-01   2.251747e+04   7.043591e+02
  7.204120e-01   2.265319e+04   7.135085e+02
  7.230560e-01   2.184082e+04   6.962599e+02
  7.256990e-01   2.115407e+04   6.877782e+02
  7.283420e-01   2.264479e+04   7.076497e+02
  7.309860e-01   2.189096e+04   6.936418e+02
  7.336290e-01   2.210717e+04   7.004925e+02
  7.362730e-01   2.061560e+04   6.702711e+02
  7.389160e-01   2.074636e+04   6.723933e+02
  7.415590e-01   2.140324e+04   6.854524e+02
  7.442030e-01   2.212602e+04   6.877539e+02
  7.468460e-01   2.067225e+04   6.728244e+02
  7.494900e-01   2.013364e+04   6.521924e+02
  7.521330e-01   2.151447e+04   6.789906e+02
  7.547760e-01   2.101051e+04   6.674210e+02
  7.574200e-01   2.003588e+04   6.552435e+02
  7.600630e-01   2.064777e+04   6.639877e+02
  7.627060e-01   2.012790e+04   6.449397e+02
  7.653500e-01   2.024193e+04   6.543286e+02
  7.679930e-01   2.159117e+04   6.714536e+02
  7.706370e-01   1.916042e+04   6.358610e+02
  7.732800e-01   2.010236e+04   6.437907e+02
  7.759230e-01   2.087852e+04   6.576115e+02
  7.785670e-01   2.047577e+04   6.527437e+02
  7.812100e-01   2.025166e+04   6.439653e+02
  7.838540e-01   2.041162e+04   6.487240e+02
  7.864970e-01   2.036242e+04   6.413559e+02
  7.891400e-01   2.074313e+04   6.469604e+02
  7.917840e-01   1.908700e+04   6.258874e+02
  7.944270e-01   2.000534e+04   6.335756e+02
  7.970710e-01   1.979884e+04   6.327737e+02
  7.997140e-01   1.988586e+04   6.285319e+02
  8.023570e-01   1.952266e+04   6.297632e+02
  8.050010e-01   1.911234e+04   6.165270e+02
  8.076440e-01   2.022853e+04   6.318332e+02
  8.102870e-01   1.942894e+04   6.212690e+02
  8.129310e-01   1.904092e+04   6.119985e+02
  8.155740e-01   1.890222e+04   6.094321e+02
  8.182180e-01   1.893111e+04   6.065919e+02
  8.208610e-01   1.842528e+04   5.981099e+02
  8.235040e-01   1.940066e+04   6.147334e+02
  8.261480e-01   1.854422e+04   6.013374e+02
  8.287910e-01   1.905899e+04   6.063473e+02
  8.314350e-01   1.870091e+04   5.961634e+02
  8.340780e-01   1.836495e+04   5.955242e+02
  8.367210e-01   1.874705e+04   6.000783e+02
  8.393650e-01   1.837783e+04   5.909911e+02
  8.420080e-01   1.799785e+04   5.867132e+02
  8.446520e-01   1.745975e+04   5.688694e+02
  8.472950e-01   1.774847e+04   5.835662e+02
  8.499380e-01   1.775329e+04   5.775144e+02
  8.525820e-01   1.808993e+04   5.790446e+02
  8.552250e-01   1.805387e+04   5.823829e+02
  8.578690e-01   1.861813e+04   5.917232e+02
  8.605120e-01   1.736151e+04   5.879351e+02
  8.631550e-01   1.821451e+04   5.982430e+02
  8.657990e-01   1.761795e+04   5.942386e+02
  8.684420e-01   1.822168e+04   6.073893e+02
  8.710850e-01   1.799863e+04   5.986257e+02
  8.737290e-01   1.836823e+04   6.136395e+02
  8.763720e-01   1.797872e+04   5.959889e+02
  8.790160e-01   1.810075e+04   6.067386e+02
  8.816590e-01   1.723306e+04   5.974490e+02
  8.843020e-01   1.757741e+04   5.938858e+02
  8.869460e-01   1.751201e+04   5.961157e+02
  8.895890e-01   1.809204e+04   5.845271e+02
  8.922330e-01   1.642121e+04   5.619222e+02
  8.948760e-01   1.666778e+04   5.587051e+02
  8.975190e-01   1.770269e+04   5.707578e+02
  9.001630e-01   1.764092e+04   5.753833e+02
  9.028060e-01   1.785083e+04   5.710985e+02
  9.054500e-01   1.686549e+04   5.593930e+02
  9.080930e-01   1.752745e+04   5.624827e+02
  9.107360e-01   1.747431e+04   5.610663e+02
  9.133800e-01   1.648202e+04   5.484872e+02
  9.160230e-01   1.751128e+04   5.610975e+02
  9.186660e-01   1.736806e+04   5.585191e+02
  9.213100e-01   1.693980e+04   5.461610e+02
  9.239530e-01   1.668813e+04   5.469313e+02
  9.265970e-01   1.622033e+04   5.394800e+02
  9.292400e-01   1.635855e+04   5.338410e+02
  9.318830e-01   1.639446e+04   5.402158e+02
  9.345270e-01   1.617391e+04   5.297940e+02
  9.371700e-01   1.751819e+04   5.570459e+02
  9.398140e-01   1.739039e+04   5.485628e+02
  9.424570e-01   1.562030e+04   5.166735e+02
  9.451000e-01   1.549230e+04   5.190117e+02
  9.477440e-01   1.621510e+04   5.269198e+02
  9.503870e-01   1.682332e+04   5.426879e+02
  9.530310e-01   1.637467e+04   5.230698e+02
  9.556740e-01   1.499655e+04   5.069760e+02
  9.583170e-01   1.672832e+04   5.316610e+02
  9.609610e-01   1.559943e+04   5.112508e+02
  9.636040e-01   1.699312e+04   5.373697e+02
  9.662480e-01   1.607064e+04   5.141454e+02
  9.688910e-01   1.622103e+04   5.210945e+02
  9.715340e-01   1.703072e+04   5.322101e+02
  9.741780e-01   1.550787e+04   5.020858e+02
  9.768210e-01   1.608106e+04   5.129062e+02
  9.794640e-01   1.468662e+04   4.844669e+02
  9.821080e-01   1.605534e+04   5.115658e+02
  9.847510e-01   1.639818e+04   5.195961e+02
  9.873950e-01   1.547792e+04   5.114050e+02
  9.900380e-01   1.566342e+04   5.241562e+02
  9.926810e-01   1.440043e+04   5.013588e+02
  9.953250e-01   1.512381e+04   5.227554e+02
  9.979680e-01   1.521828e+04   5.222901e+02
  1.000610e+00   1.526080e+04   5.293912e+02
  1.003250e+00   1.491144e+04   5.249075e+02
  1.005900e+00   1.542895e+04   5.358695e+02
  1.008540e+00   1.541033e+04   5.374972e+02
  1.011190e+00   1.655392e+04   5.570839e+02
  1.013830e+00   1.591464e+04   5.540767e+02
  1.016470e+00   1.421884e+04   5.209381e+02
  1.019120e+00   1.624258e+04   5.597563e+02
  1.021760e+00   1.468005e+04   5.321515e+02
  1.024400e+00   1.426699e+04   5.251751e+02
  1.027050e+00   1.593524e+04   5.595620e+02
  1.029690e+00   1.466583e+04   5.330388e+02
  1.032330e+00   1.434726e+04   5.335803e+02
  1.034980e+00   1.641450e+04   5.700990e+02
  1.037620e+00   1.367173e+04   5.197213e+02
  1.040260e+00   1.414168e+04   5.288689e+02
  1.042910e+00   1.456204e+04   5.158138e+02
  1.045550e+00   1.505065e+04   5.298081e+02
  1.048190e+00   1.518767e+04   5.246494e+02
  1.050840e+00   1.481547e+04   5.145625e+02
  1.053480e+00   1.461325e+04   5.087680e+02
  1.056120e+00   1.518473e+04   5.133377e+02
  1.058770e+00   1.398345e+04   4.950088e+02
  1.061410e+00   1.500818e+04   5.091175e+02
  1.064050e+00   1.364671e+04   4.833912e+02
  1.066700e+00   1.401731e+04   4.871352e+02
  1.069340e+00   1.384530e+04   4.823238e+02
  1.071980e+00   1.347129e+04   4.786813e+02
  1.074630e+00   1.441256e+04   4.866776e+02
  1.077270e+00   1.585275e+04   5.151451e+02
  1.079910e+00   1.417553e+04   4.831009e+02
  1.082560e+00   1.393150e+04   4.739591e+02
  1.085200e+00   1.435359e+04   4.841344e+02
  1.087840e+00   1.424309e+04   4.758283e+02
  1.090490e+00   1.521401e+04   4.959626e+02
  1.093130e+00   1.356374e+04   4.649589e+02
  1.095770e+00   1.457089e+04   4.816987e+02
  1.098420e+00   1.397113e+04   4.704325e+02
  1.101060e+00   1.430126e+04   4.740821e+02
  1.103700e+00   1.403992e+04   4.722137e+02
  1.106350e+00   1.453332e+04   4.770797e+02
  1.108990e+00   1.412614e+04   4.675070e+02
  1.111630e+00   1.326047e+04   4.521781e+02
  1.114280e+00   1.519502e+04   4.834180e+02
  1.116920e+00   1.336235e+04   4.580556e+02
  1.119560e+00   1.345378e+04   4.512252e+02
  1.122210e+00   1.478251e+04   4.766071e+02
  1.124850e+00   1.380864e+04   4.592685e+02
  1.127490e+00   1.364484e+04   4.571194e+02
  1.130140e+00   1.337666e+04   4.529909e+02
  1.132780e+00   1.376804e+04   4.566570e+02
  1.135420e+00   1.384028e+04   4.580465e+02
  1.138070e+00   1.407031e+04   4.599023e+02
  1.140710e+00   1.412290e+04   4.621154e+02
  1.143350e+00   1.321255e+04   4.464108e+02
  1.146000e+00   1.348032e+04   4.481010e+02
  1.148640e+00   1.428923e+04   4.648287e+02
  1.151280e+00   1.373190e+04   4.507716e+02
  1.153930e+00   1.286319e+04   4.373616e+02
  1.156570e+00   1.354683e+04   4.473557e+02
  1.159220e+00   1.373375e+04   4.491416e+02
  1.161860e+00   1.330545e+04   4.450007e+02
  1.164500e+00   1.271384e+04   4.288271e+02
  1.167150e+00   1.420923e+04   4.574113e+02
  1.169790e+00   1.244128e+04   4.230161e+02
  1.172430e+00   1.364808e+04   4.461015e+02
  1.175080e+00   1.286069e+04   4.330421e+02
  1.177720e+00   1.294183e+04   4.297263e+02
  1.180360e+00   1.349859e+04   4.431129e+02
  1.183010e+00   1.353759e+04   4.396806e+02
  1.185650e+00   1.301111e+04   4.334629e+02
  1.188290e+00   1.370486e+04   4.418624e+02
  1.190940e+00   1.348051e+04   4.366764e+02
  1.193580e+00   1.142279e+04   4.043623e+02
  1.196220e+00   1.260900e+04   4.210024e+02
  1.198870e+00   1.337459e+04   4.346157e+02
  1.201510e+00   1.366271e+04   4.375569e+02
  1.204150e+00   1.332590e+04   4.328052e+02
  1.206800e+00   1.275727e+04   4.243006e+02
  1.209440e+00   1.306537e+04   4.252416e+02
  1.212080e+00   1.348054e+04   4.346300e+02
  1.214730e+00   1.298695e+04   4.249460e+02
  1.217370e+00   1.281433e+04   4.206509e+02
  1.220010e+00   1.339076e+04   4.301733e+02
  1.222660e+00   1.213022e+04   4.052423e+02
  1.225300e+00   1.263632e+04   4.182010e+02
  1.227940e+00   1.253978e+04   4.150062e+02
  1.230590e+00   1.320078e+04   4.245084e+02
  1.233230e+00   1.323169e+04   4.248438e+02
  1.235870e+00   1.327867e+04   4.228789e+02
  1.238520e+00   1.314250e+04   4.237313e+02
  1.241160e+00   1.302374e+04   4.199024e+02
  1.243800e+00   1.238208e+04   4.066808e+02
  1.246450e+00   1.287465e+04   4.163960e+02
  1.249090e+00   1.279567e+04   4.155840e+02
  1.251730e+00   1.275125e+04   4.150179e+02
  1.254380e+00   1.172697e+04   3.928683e+02
  1.257020e+00   1.345055e+04   4.244956e+02
  1.259660e+00   1.312460e+04   4.160778e+02
  1.262310e+00   1.252256e+04   4.082238e+02
  1.264950e+00   1.269165e+04   4.111228e+02
  1.267590e+00   1.208555e+04   3.965141e+02
  1.270240e+00   1.238914e+04   4.036601e+02
  1.272880e+00   1.203383e+04   3.969594e+02
  1.275520e+00   1.224027e+04   4.013744e+02
  1.278170e+00   1.205922e+04   3.952248e+02
  1.280810e+00   1.296354e+04   4.120083e+02
  1.283450e+00   1.187274e+04   3.935776e+02
  1.286100e+00   1.261483e+04   4.037910e+02
  1.288740e+00   1.231011e+04   3.996030e+02
  1.291380e+00   1.194346e+04   3.895528e+02
  1.294030e+00   1.279555e+04   4.077002e+02
  1.296670e+00   1.246870e+04   4.015897e+02
  1.299310e+00   1.239211e+04   3.966619e+02
  1.301960e+00   1.248593e+04   3.984421e+02
  1.304600e+00   1.263438e+04   3.995342e+02
  1.307240e+00   1.174541e+04   3.889295e+02
  1.309890e+00   1.175096e+04   3.845033e+02
  1.312530e+00   1.178788e+04   3.859178e+02
  1.315180e+00   1.195654e+04   3.873104e+02
  1.317820e+00   1.213564e+04   3.892508e+02
  1.320460e+00   1.180992e+04   3.851972e+02
  1.323110e+00   1.219021e+04   3.866501e+02
  1.325750e+00   1.205208e+04   3.869690e+02
  1.328390e+00   1.148914e+04   3.761377e+02
  1.331040e+00   1.140533e+04   3.739955e+02
  1.333680e+00   1.144439e+04   3.766966e+02
  1.336320e+00   1.134285e+04   3.709509e+02
  1.338970e+00   1.215080e+04   3.877475e+02
  1.341610e+00   1.247805e+04   3.918570e+02
  1.344250e+00   1.158979e+04   3.748406e+02
  1.346900e+00   1.201839e+04   3.831322e+02
  1.349540e+00   1.208189e+04   3.809220e+02
  1.352180e+00   1.195714e+04   3.833284e+02
  1.354830e+00   1.137726e+04   3.708879e+02
  1.357470e+00   1.167402e+04   3.765814e+02
  1.360110e+00   1.209124e+04   3.835108e+02
  1.362760e+00   1.162039e+04   3.762242e+02
  1.365400e+00   1.142653e+04   3.740879e+02
  1.368040e+00   1.191433e+04   3.767642e+02
  1.370690e+00   1.168678e+04   3.764057e+02
  1.373330e+00   1.233070e+04   3.874209e+02
  1.375970e+00   1.194568e+04   3.792756e+02
  1.378620e+00   1.150929e+04   3.734107e+02
  1.381260e+00   1.187880e+04   3.758286e+02
  1.383900e+00   1.159567e+04   3.740540e+02
  1.386550e+00   1.188607e+04   3.771929e+02
  1.389190e+00   1.167543e+04   3.733390e+02
  1.391830e+00   1.193825e+04   3.767679e+02
  1.394480e+00   1.147021e+04   3.694306e+02
  1.397120e+00   1.165733e+04   3.742942e+02
  1.399760e+00   1.129584e+04   3.655249e+02
  1.402410e+00   1.102414e+04   3.595677e+02
  1.405050e+00   1.127540e+04   3.664012e+02
  1.407690e+00   1.110659e+04   3.624500e+02
  1.410340e+00   1.154336e+04   3.698731e+02
  1.412980e+00   1.200918e+04   3.745560e+02
  1.415620e+00   1.134205e+04   3.643590e+02
  1.418270e+00   1.138613e+04   3.671036e+02
  1.420910e+00   1.127479e+04   3.635139e+02
  1.423550e+00   1.101695e+04   3.593333e+02
  1.426200e+00   1.169433e+04   3.692538e+02
  1.428840e+00   1.200913e+04   3.741908e+02
  1.431480e+00   1.174905e+04   3.698769e+02
  1.434130e+00   1.087914e+04   3.535245e+02
  1.436770e+00   1.115239e+04   3.601295e+02
  1.439410e+00   1.139315e+04   3.650602e+02
  1.442060e+00   1.109055e+04   3.583193e+02
  1.444700e+00   1.073617e+04   3.530029e+02
  1.447340e+00   1.111992e+04   3.559400e+02
  1.449990e+00   1.143996e+04   3.632190e+02
  1.452630e+00   1.174733e+04   3.681843e+02
  1.455270e+00   1.120513e+04   3.586675e+02
  1.457920e+00   1.115568e+04   3.561734e+02
  1.460560e+00   1.109180e+04   3.550400e+02
  1.463200e+00   1.126115e+04   3.599078e+02
  1.465850e+00   1.190991e+04   3.682498e+02
  1.468490e+00   1.110249e+04   3.561125e+02
  1.471140e+00   1.161806e+04   3.616544e+02
  1.473780e+00   1.129829e+04   3.598110e+02
  1.476420e+00   1.177408e+04   3.654503e+02
  1.479070e+00   1.150367e+04   3.605476e+02
  1.481710e+00   1.117505e+04   3.539175e+02
  1.484350e+00   1.096209e+04   3.505290e+02
  1.487000e+00   1.175050e+04   3.657772e+02
  1.489640e+00   1.118948e+04   3.526104e+02
  1.492280e+00   1.114794e+04   3.544837e+02
  1.494930e+00   1.124087e+04   3.535285e+02
  1.497570e+00   1.124091e+04   3.552913e+02
  1.500210e+00   1.109659e+04   3.526729e+02
  1.502860e+00   1.153561e+04   3.573606e+02
  1.505500e+00   1.116502e+04   3.543113e+02
  1.508140e+00   1.085172e+04   3.473552e+02
  1.510790e+00   1.125884e+04   3.530476e+02
  1.513430e+00   1.098453e+04   3.489352e+02
  1.516070e+00   1.088620e+04   3.459861e+02
  1.518720e+00   1.087189e+04   3.480008e+02
  1.521360e+00   1.036601e+04   3.372064e+02
  1.524000e+00   1.098761e+04   3.478067e+02
  1.526650e+00   1.043142e+04   3.395137e+02
  1.529290e+00   1.145392e+04   3.538129e+02
  1.531930e+00   1.021138e+04   3.375778e+02
  1.534580e+00   1.045502e+04   3.369083e+02
  1.537220e+00   1.120129e+04   3.493586e+02
  1.539860e+00   1.064919e+04   3.415729e+02
  1.542510e+00   1.101252e+04   3.470338e+02
  1.545150e+00   1.092434e+04   3.475496e+02
  1.547790e+00   1.117872e+04   3.556423e+02
  1.550440e+00   1.131561e+04   3.636974e+02
  1.553080e+00   1.115921e+04   3.612927e+02
  1.555720e+00   1.133312e+04   3.667312e+02
  1.558370e+00   1.040241e+04   3.536924e+02
  1.561010e+00   1.029919e+04   3.509954e+02
  1.563650e+00   1.095327e+04   3.683983e+02
  1.566300e+00   1.120343e+04   3.681676e+02
  1.568940e+00   1.112851e+04   3.709503e+02
  1.571580e+00   1.166154e+04   3.789492e+02
  1.574230e+00   1.089850e+04   3.712042e+02
  1.576870e+00   1.111273e+04   3.758938e+02
  1.579510e+00   1.158990e+04   3.806623e+02
  1.582160e+00   1.051201e+04   3.659812e+02
  1.584800e+00   1.050130e+04   3.645053e+02
  1.587440e+00   1.003161e+04   3.615140e+02
  1.590090e+00   1.044552e+04   3.676998e+02
  1.592730e+00   1.065453e+04   3.687153e+02
  1.595370e+00   1.043585e+04   3.712909e+02
  1.598020e+00   1.099644e+04   3.791876e+02
  1.600660e+00   1.101964e+04   3.793116e+02
  1.603300e+00   1.145788e+04   3.765293e+02
  1.605950e+00   1.058078e+04   3.605920e+02
  1.608590e+00   1.124590e+04   3.713723e+02
  1.611230e+00   1.089908e+04   3.601158e+02
  1.613880e+00   1.062379e+04   3.573168e+02
  1.616520e+00   1.016138e+04   3.450985e+02
  1.619160e+00   1.098436e+04   3.611635e+02
  1.621810e+00   1.082998e+04   3.586166e+02
  1.624450e+00   1.115049e+04   3.580206e+02
  1.627100e+00   1.103957e+04   3.591172e+02
  1.629740e+00   1.178669e+04   3.679749e+02
  1.632380e+00   1.140913e+04   3.651972e+02
  1.635030e+00   1.071831e+04   3.509016e+02
  1.637670e+00   1.103498e+04   3.541294e+02
  1.640310e+00   1.026860e+04   3.447857e+02
  1.642960e+00   1.104649e+04   3.528671e+02
  1.645600e+00   1.145134e+04   3.608625e+02
  1.648240e+00   1.078050e+04   3.479390e+02
  1.650890e+00   1.058897e+04   3.453742e+02
  1.653530e+00   1.163062e+04   3.631026e+02
  1.656170e+00   1.072671e+04   3.467452e+02
  1.658820e+00   1.026224e+04   3.407522e+02
  1.661460e+00   1.015898e+04   3.363975e+02
  1.664100e+00   1.044219e+04   3.442687e+02
  1.666750e+00   1.041526e+04   3.426369e+02
  1.669390e+00   1.015373e+04   3.347586e+02
  1.672030e+00   1.060688e+04   3.457745e+02
  1.674680e+00   1.063329e+04   3.419435e+02
  1.677320e+00   1.062072e+04   3.456751e+02
  1.679960e+00   1.058416e+04   3.417803e+02
  1.682610e+00   1.050405e+04   3.395478e+02
  1.685250e+00   1.022735e+04   3.377369e+02
  1.687890e+00   1.089519e+04   3.464470e+02
  1.690540e+00   1.032398e+04   3.374498e+02
  1.693180e+00   1.075262e+04   3.410523e+02
  1.695820e+00   1.026885e+04   3.358273e+02
  1.698470e+00   1.051355e+04   3.420058e+02
  1.701110e+00   1.096842e+04   3.439408e+02
  1.703750e+00   1.006454e+04   3.340034e+02
  1.706400e+00   1.069295e+04   3.384794e+02
  1.709040e+00   1.014576e+04   3.326926e+02
  1.711680e+00   9.823427e+03   3.272658e+02
  1.714330e+00   1.101264e+04   3.438094e+02
  1.716970e+00   1.011983e+04   3.316639e+02
  1.719610e+00   1.061591e+04   3.392858e+02
  1.722260e+00   1.104469e+04   3.456533e+02
  1.724900e+00   1.091756e+04   3.415075e+02
  1.727540e+00   1.084074e+04   3.406076e+02
  1.730190e+00   1.056493e+04   3.376566e+02
  1.732830e+00   1.058140e+04   3.368095e+02
  1.735470e+00   1.081088e+04   3.408489e+02
  1.738120e+00   1.073611e+04   3.381557e+02
  1.740760e+00   1.082567e+04   3.399662e+02
  1.743400e+00   1.072322e+04   3.382533e+02
  1.746050e+00   9.990547e+03   3.262029e+02
  1.748690e+00   1.047077e+04   3.334574e+02
  1.751330e+00   1.062714e+04   3.345576e+02
  1.753980e+00   1.060777e+04   3.366273e+02
  1.756620e+00   1.104197e+04   3.409249e+02
  1.759260e+00   1.072600e+04   3.365047e+02
  1.761910e+00   1.017425e+04   3.273512e+02
  1.764550e+00   1.026149e+04   3.291375e+02
  1.767190e+00   9.833608e+03   3.231524e+02
  1.769840e+00   1.019487e+04   3.254972e+02
  1.772480e+00   1.072636e+04   3.355266e+02
  1.775120e+00   1.037115e+04   3.276370e+02
  1.777770e+00   1.015012e+04   3.250640e+02
  1.780410e+00   1.019564e+04   3.270252e+02
  1.783060e+00   1.056725e+04   3.295836e+02
  1.785700e+00   1.072873e+04   3.347829e+02
  1.788340e+00   1.053603e+04   3.307075e+02
  1.790990e+00   1.079751e+04   3.330598e+02
  1.793630e+00   1.049974e+04   3.307108e+02
  1.796270e+00   9.881670e+03   3.174450e+02
  1.798920e+00   1.049631e+04   3.314257e+02
  1.801560e+00   1.043793e+04   3.274671e+02
  1.804200e+00   1.040117e+04   3.267965e+02
  1.806850e+00   1.059148e+04   3.303391e+02
  1.809490e+00   1.071335e+04   3.315698e+02
  1.812130e+00   9.989356e+03   3.251258e+02
  1.814780e+00   1.059315e+04   3.289543e+02
  1.817420e+00   1.030766e+04   3.271038e+02
  1.820060e+00   1.075810e+04   3.345611e+02
  1.822710e+00   1.018898e+04   3.253092e+02
  1.825350e+00   9.769452e+03   3.198375e+02
  1.827990e+00   1.034138e+04   3.266966e+02
  1.830640e+00   1.071545e+04   3.363390e+02
  1.833280e+00   1.098987e+04   3.370745e+02
  1.835920e+00   1.009864e+04   3.250868e+02
  1.838570e+00   1.000673e+04   3.231342e+02
  1.841210e+00   1.052966e+04   3.293737e+02
  1.843850e+00   9.896253e+03   3.239888e+02
  1.846500e+00   9.848944e+03   3.193739e+02
  1.849140e+00   1.040213e+04   3.299354e+02
  1.851780e+00   1.104603e+04   3.408878e+02
  1.854430e+00   1.072890e+04   3.343002e+02
  1.857070e+00   1.037031e+04   3.312673e+02
  1.859710e+00   1.018246e+04   3.236198e+02
  1.862360e+00   1.092391e+04   3.388992e+02
  1.865000e+00   1.031686e+04   3.283893e+02
  1.867640e+00   1.070337e+04   3.349713e+02
  1.870290e+00   1.048497e+04   3.317296e+02
  1.872930e+00   1.086129e+04   3.342331e+02
  1.875570e+00   1.085708e+04   3.389528e+02
  1.878220e+00   1.096085e+04   3.385818e+02
  1.880860e+00   1.007851e+04   3.241030e+02
  1.883500e+00   1.048054e+04   3.329253e+02
  1.886150e+00   9.964236e+03   3.197675e+02
  1.888790e+00   1.083388e+04   3.388898e+02
  1.891430e+00   1.045227e+04   3.287266e+02
  1.894080e+00   1.032619e+04   3.296898e+02
  1.896720e+00   1.061039e+04   3.341960e+02
  1.899360e+00   1.059535e+04   3.324057e+02
  1.902010e+00   1.056329e+04   3.340406e+02
  1.904650e+00   1.024859e+04   3.245762e+02
  1.907290e+00   1.029461e+04   3.291853e+02
  1.909940e+00   1.018448e+04   3.253313e+02
  1.912580e+00   1.073009e+04   3.369647e+02
  1.915220e+00   1.077047e+04   3.359218e+02
  1.917870e+00   1.043593e+04   3.283752e+02
  1.920510e+00   1.026906e+04   3.282006e+02
  1.923150e+00   1.048934e+04   3.317020e+02
  1.925800e+00   1.040160e+04   3.292570e+02
  1.928440e+00   1.014319e+04   3.261830e+02
  1.931080e+00   1.072288e+04   3.336270e+02
  1.933730e+00   1.023437e+04   3.286057e+02
  1.936370e+00   1.033907e+04   3.282658e+02
  1.939020e+00   9.708094e+03   3.179992e+02
  1.941660e+00   1.025716e+04   3.271526e+02
  1.944300e+00   9.873133e+03   3.213431e+02
  1.946950e+00   1.057882e+04   3.336983e+02
  1.949590e+00   1.057389e+04   3.309192e+02
  1.952230e+00   1.119866e+04   3.428339e+02
  1.954880e+00   1.041641e+04   3.293958e+02
  1.957520e+00   1.010583e+04   3.254867e+02
  1.960160e+00   1.011695e+04   3.250032e+02
  1.962810e+00   1.038909e+04   3.282038e+02
  1.965450e+00   1.038490e+04   3.307225e+02
  1.968090e+00   1.017135e+04   3.247463e+02
  1.970740e+00   1.029444e+04   3.278417e+02
  1.973380e+00   1.055679e+04   3.310331e+02
  1.976020e+00   1.063559e+04   3.323623e+02
  1.978670e+00   1.062235e+04   3.350716e+02
  1.981310e+00   1.005977e+04   3.233333e+02
  1.983950e+00   9.993994e+03   3.233980e+02
  1.986600e+00   1.084923e+04   3.348145e+02
  1.989240e+00   1.086891e+04   3.373551e+02
  1.991880e+00   1.048672e+04   3.307932e+02
  1.994530e+00   9.746146e+03   3.157086e+02
  1.997170e+00   1.068148e+04   3.361016e+02
  1.999810e+00   1.042438e+04   3.268811e+02
  2.002460e+00   9.903887e+03   3.208184e+02
  2.005100e+00   9.919296e+03   3.201439e+02
  2.007740e+00   1.027063e+04   3.244615e+02
  2.010390e+00   1.016280e+04   3.263078e+02
  2.013030e+00   1.028088e+04   3.246233e+02
  2.015670e+00   1.048759e+04   3.280577e+02
  2.018320e+00   1.083190e+04   3.316061e+02
  2.020960e+00   1.030588e+04   3.255752e+02
  2.023600e+00   1.034576e+04   3.266720e+02
  2.026250e+00   1.024747e+04   3.224451e+02
  2.028890e+00   1.031498e+04   3.268427e+02
  2.031530e+00   1.095197e+04   3.337217e+02
  2.034180e+00   1.089056e+04   3.354516e+02
  2.036820e+00   1.008937e+04   3.213110e+02
  2.039460e+00   1.094754e+04   3.332774e+02
  2.042110e+00   1.006272e+04   3.222649e+02
  2.044750e+00   1.015834e+04   3.220409e+02
  2.047390e+00   1.018172e+04   3.249118e+02
  2.050040e+00   1.055427e+04   3.269598e+02
  2.052680e+00   1.015125e+04   3.216547e+02
  2.055320e+00   1.026764e+04   3.259980e+02
  2.057970e+00   9.909133e+03   3.173462e+02
  2.060610e+00   1.050465e+04   3.279503e+02
  2.063250e+00   1.017472e+04   3.217528e+02
  2.065900e+00   1.105359e+04   3.365057e+02
  2.068540e+00   1.028828e+04   3.256699e+02
  2.071180e+00   1.035566e+04   3.231415e+02
  2.073830e+00   1.004208e+04   3.219342e+02
  2.076470e+00   1.055845e+04   3.269325e+02
  2.079110e+00   1.027948e+04   3.263738e+02
  2.081760e+00   1.029533e+04   3.234713e+02
  2.084400e+00   1.052953e+04   3.255692e+02
  2.087040e+00   1.035765e+04   3.270473e+02
  2.089690e+00   1.002561e+04   3.199302e+02
  2.092330e+00   9.638079e+03   3.150305e+02
  2.094980e+00   1.058049e+04   3.274579e+02
  2.097620e+00   1.035907e+04   3.241963e+02
  2.100260e+00   9.766599e+03   3.160397e+02
  2.102910e+00   1.042908e+04   3.257499e+02
  2.105550e+00   1.074793e+04   3.334394e+02
  2.108190e+00   1.019325e+04   3.288144e+02
  2.110840e+00   1.024831e+04   3.364174e+02
  2.113480e+00   1.032464e+04   3.396556e+02
  2.116120e+00   1.027989e+04   3.374538e+02
  2.118770e+00   1.005029e+04   3.386028e+02
  2.121410e+00   1.063403e+04   3.461083e+02
  2.124050e+00   1.030733e+04   3.490502e+02
  2.126700e+00   1.031150e+04   3.450611e+02
  2.129340e+00   9.994712e+03   3.428158e+02
  2.131980e+00   1.009584e+04   3.475130e+02
  2.134630e+00   1.098501e+04   3.617721e+02
  2.137270e+00   1.032637e+04   3.567185e+02
  2.139910e+00   1.066111e+04   3.561627e+02
  2.142560e+00   9.935936e+03   3.506316e+02
  2.145200e+00   9.898816e+03   3.499760e+02
  2.147840e+00   9.721920e+03   3.474331e+02
  2.150490e+00   9.907664e+03   3.518315e+02
  2.153130e+00   1.049065e+04   3.585631e+02
  2.155770e+00   1.048653e+04   3.655374e+02
  2.158420e+00   1.040536e+04   3.651566e+02
  2.161060e+00   1.051656e+04   3.613533e+02
  2.163700e+00   9.508211e+03   3.387160e+02
  2.166350e+00   1.057158e+04   3.519952e+02
  2.168990e+00   1.003436e+04   3.451925e+02
  2.171630e+00   1.040322e+04   3.479358e+02
  2.174280e+00   1.054044e+04   3.486469e+02
  2.176920e+00   1.026689e+04   3.460968e+02
  2.179560e+00   9.941577e+03   3.357032e+02
  2.182210e+00   9.760203e+03   3.326268e+02
  2.184850e+00   1.008700e+04   3.369830e+02
  2.187490e+00   1.055911e+04   3.453199e+02
  2.190140e+00   1.016437e+04   3.405191e+02
  2.192780e+00   9.956928e+03   3.346985e+02
  2.195420e+00   1.006321e+04   3.337758e+02
  2.198070e+00   1.037191e+04   3.393794e+02
  2.200710e+00   1.093482e+04   3.496570e+02
  2.203350e+00   1.025252e+04   3.408052e+02
  2.206000e+00   1.033362e+04   3.381263e+02
  2.208640e+00   9.830896e+03   3.310235e+02
  2.211280e+00   9.923540e+03   3.331999e+02
  2.213930e+00   1.023866e+04   3.371922e+02
  2.216570e+00   9.827922e+03   3.314876e+02
  2.219210e+00   1.032376e+04   3.367240e+02
  2.221860e+00   1.008726e+04   3.353118e+02
  2.224500e+00   9.887740e+03   3.321851e+02
  2.227140e+00   1.038177e+04   3.400661e+02
  2.229790e+00   9.973355e+03   3.330006e+02
  2.232430e+00   9.998033e+03   3.328981e+02
  2.235070e+00   9.510241e+03   3.263906e+02
  2.237720e+00   1.031842e+04   3.401882e+02
  2.240360e+00   1.033581e+04   3.398394e+02
  2.243010e+00   1.043458e+04   3.412472e+02
  2.245650e+00   1.021138e+04   3.375778e+02
  2.248290e+00   1.063956e+04   3.450112e+02
  2.250940e+00   1.026710e+04   3.407255e+02
  2.253580e+00   1.034771e+04   3.380448e+02
  2.256220e+00   1.081419e+04   3.484823e+02
  2.258870e+00   1.056575e+04   3.455369e+02
  2.261510e+00   9.525374e+03   3.261426e+02
  2.264150e+00   1.062277e+04   3.459249e+02
  2.266800e+00   1.008289e+04   3.362832e+02
  2.269440e+00   1.029445e+04   3.403240e+02
  2.272080e+00   1.039023e+04   3.433028e+02
  2.274730e+00   1.017012e+04   3.365819e+02
  2.277370e+00   1.053265e+04   3.444544e+02
  2.280010e+00   1.052304e+04   3.432237e+02
  2.282660e+00   1.022695e+04   3.392064e+02
  2.285300e+00   1.004924e+04   3.357216e+02
  2.287940e+00   1.076050e+04   3.462134e+02
  2.290590e+00   1.065532e+04   3.480942e+02
  2.293230e+00   1.011234e+04   3.344865e+02
  2.295870e+00   9.961796e+03   3.356214e+02
  2.298520e+00   1.020022e+04   3.373933e+02
  2.301160e+00   1.004826e+04   3.364406e+02
  2.303800e+00   1.011591e+04   3.410071e+02
  2.306450e+00   1.002256e+04   3.327936e+02
  2.309090e+00   9.983132e+03   3.367227e+02
  2.311730e+00   9.790283e+03   3.311613e+02
  2.314380e+00   1.007847e+04   3.372631e+02
  2.317020e+00   9.609122e+03   3.305638e+02
  2.319660e+00   9.894406e+03   3.314751e+02
  2.322310e+00   1.036838e+04   3.444663e+02
  2.324950e+00   9.851356e+03   3.320891e+02
  2.327590e+00   1.031399e+04   3.417178e+02
  2.330240e+00   1.033063e+04   3.434018e+02
  2.332880e+00   9.877683e+03   3.322224e+02
  2.335520e+00   9.829597e+03   3.363619e+02
  2.338170e+00   1.009549e+04   3.367033e+02
  2.340810e+00   1.069734e+04   3.467028e+02
  2.343450e+00   1.028978e+04   3.418551e+02
  2.346100e+00   1.035377e+04   3.409832e+02
  2.348740e+00   1.014652e+04   3.401122e+02
  2.351380e+00   1.004267e+04   3.345699e+02
  2.354030e+00   9.704233e+03   3.305275e+02
  2.356670e+00   1.031901e+04   3.424485e+02
  2.359310e+00   9.927041e+03   3.338825e+02
  2.361960e+00   1.028971e+04   3.411006e+02
  2.364600e+00   1.020807e+04   3.378378e+02
  2.367240e+00   1.043632e+04   3.448257e+02
  2.369890e+00   9.675659e+03   3.299372e+02
  2.372530e+00   1.010450e+04   3.390848e+02
  2.375170e+00   9.976830e+03   3.365101e+02
  2.377820e+00   1.061516e+04   3.444012e+02
  2.380460e+00   1.062742e+04   3.482997e+02
  2.383100e+00   9.746830e+03   3.295030e+02
  2.385750e+00   9.970535e+03   3.362978e+02
  2.388390e+00   9.723989e+03   3.302440e+02
  2.391030e+00   9.976894e+03   3.355593e+02
  2.393680e+00   1.004065e+04   3.359976e+02
  2.396320e+00   1.008806e+04   3.345999e+02
  2.398970e+00   9.362505e+03   3.253696e+02
  2.401610e+00   9.840753e+03   3.298628e+02
  2.404250e+00   9.443370e+03   3.273900e+02
  2.406900e+00   9.745477e+03   3.304026e+02
  2.409540e+00   9.217011e+03   3.199271e+02
  2.412180e+00   1.070053e+04   3.493849e+02
  2.414830e+00   9.693649e+03   3.278926e+02
  2.417470e+00   9.845762e+03   3.341869e+02
  2.420110e+00   1.022735e+04   3.377369e+02
  2.422760e+00   9.611056e+03   3.281160e+02
  2.425400e+00   1.053299e+04   3.457623e+02
  2.428040e+00   1.016189e+04   3.368633e+02
  2.430690e+00   1.014708e+04   3.393692e+02
  2.433330e+00   1.031968e+04   3.389426e+02
  2.435970e+00   9.945193e+03   3.364012e+02
  2.438620e+00   9.869559e+03   3.348018e+02
  2.441260e+00   1.057704e+04   3.438891e+02
  2.443900e+00   1.003095e+04   3.369964e+02
  2.446550e+00   1.023525e+04   3.381821e+02
  2.449190e+00   1.030599e+04   3.420161e+02
  2.451830e+00   9.995718e+03   3.361924e+02
  2.454480e+00   1.040519e+04   3.419356e+02
  2.457120e+00   1.004794e+04   3.391017e+02
  2.459760e+00   9.596144e+03   3.283733e+02
  2.462410e+00   1.005763e+04   3.380835e+02
  2.465050e+00   9.767613e+03   3.319170e+02
  2.467690e+00   1.074200e+04   3.485167e+02
  2.470340e+00   1.057236e+04   3.476170e+02
  2.472980e+00   9.561464e+03   3.291192e+02
  2.475620e+00   9.881522e+03   3.340564e+02
  2.478270e+00   1.056377e+04   3.452876e+02
  2.480910e+00   9.969191e+03   3.370202e+02
  2.483550e+00   1.029639e+04   3.428322e+02
  2.486200e+00   1.065784e+04   3.478055e+02
  2.488840e+00   1.072795e+04   3.497212e+02
  2.491480e+00   9.813763e+03   3.329091e+02
  2.494130e+00   1.089689e+04   3.527998e+02
  2.496770e+00   9.592446e+03   3.303814e+02
  2.499410e+00   9.720988e+03   3.320626e+02
  2.502060e+00   1.055948e+04   3.485148e+02
  2.504700e+00   9.966835e+03   3.356008e+02
  2.507340e+00   1.035830e+04   3.437523e+02
  2.509990e+00   9.847643e+03   3.334833e+02
  2.512630e+00   1.082849e+04   3.522507e+02
  2.515270e+00   1.033405e+04   3.438955e+02
  2.517920e+00   1.035382e+04   3.445535e+02
  2.520560e+00   1.020352e+04   3.410662e+02
  2.523200e+00   9.874678e+03   3.347829e+02
  2.525850e+00   1.049239e+04   3.476283e+02
  2.528490e+00   9.951281e+03   3.375741e+02
  2.531130e+00   9.831403e+03   3.344711e+02
  2.533780e+00   1.036663e+04   3.442182e+02
  2.536420e+00   9.658843e+03   3.324711e+02
  2.539060e+00   1.047214e+04   3.482983e+02
  2.541710e+00   9.487513e+03   3.277407e+02
  2.544350e+00   9.939830e+03   3.373798e+02
  2.546990e+00   1.040329e+04   3.458171e+02
  2.549640e+00   9.848512e+03   3.370091e+02
  2.552280e+00   1.022749e+04   3.432120e+02
  2.554930e+00   1.035104e+04   3.420081e+02
  2.557570e+00   9.994562e+03   3.388474e+02
  2.560210e+00   1.035694e+04   3.442762e+02
  2.562860e+00   9.981732e+03   3.403742e+02
  2.565500e+00   1.002660e+04   3.399334e+02
  2.568140e+00   9.957798e+03   3.368275e+02
  2.570790e+00   1.008109e+04   3.421746e+02
  2.573430e+00   1.015497e+04   3.398230e+02
  2.576070e+00   9.915330e+03   3.377175e+02
  2.578720e+00   1.016792e+04   3.427604e+02
  2.581360e+00   1.027684e+04   3.437090e+02
  2.584000e+00   1.039159e+04   3.477412e+02
  2.586650e+00   9.510734e+03   3.301224e+02
  2.589290e+00   1.018680e+04   3.416542e+02
  2.591930e+00   9.747086e+03   3.345191e+02
  2.594580e+00   9.865665e+03   3.383895e+02
  2.597220e+00   1.031853e+04   3.468535e+02
  2.599860e+00   9.745583e+03   3.329028e+02
  2.602510e+00   1.024369e+04   3.449230e+02
  2.605150e+00   1.059131e+04   3.493752e+02
  2.607790e+00   1.044819e+04   3.471178e+02
  2.610440e+00   1.044897e+04   3.479128e+02
  2.613080e+00   1.019329e+04   3.418721e+02
  2.615720e+00   1.006902e+04   3.437508e+02
  2.618370e+00   9.732237e+03   3.347991e+02
  2.621010e+00   1.015188e+04   3.418315e+02
  2.623650e+00   1.024869e+04   3.448957e+02
  2.626300e+00   9.849616e+03   3.372444e+02
  2.628940e+00   9.676335e+03   3.370911e+02
  2.631580e+00   1.059871e+04   3.490499e+02
  2.634230e+00   9.798173e+03   3.364707e+02
  2.636870e+00   1.016592e+04   3.432787e+02
  2.639510e+00   9.907351e+03   3.382314e+02
  2.642160e+00   1.019497e+04   3.454433e+02
  2.644800e+00   9.877412e+03   3.364260e+02
  2.647440e+00   9.606682e+03   3.360953e+02
  2.650090e+00   1.038126e+04   3.470074e+02
  2.652730e+00   1.001406e+04   3.414765e+02
  2.655370e+00   1.056826e+04   3.489948e+02
  2.658020e+00   1.006159e+04   3.415128e+02
  2.660660e+00   1.144207e+04   3.651310e+02
  2.663300e+00   1.015283e+04   3.428366e+02
  2.665950e+00   9.846336e+03   3.411553e+02
  2.668590e+00   9.265486e+03   3.372056e+02
  2.671230e+00   1.007112e+04   3.569615e+02
  2.673880e+00   9.818352e+03   3.566186e+02
  2.676520e+00   1.057345e+04   3.690159e+02
  2.679160e+00   1.022398e+04   3.694075e+02
  2.681810e+00   9.710648e+03   3.601480e+02
  2.684450e+00   1.019384e+04   3.724749e+02
  2.687090e+00   9.428537e+03   3.597211e+02
  2.689740e+00   1.054020e+04   3.803367e+02
  2.692380e+00   1.020645e+04   3.811668e+02
  2.695020e+00   1.017236e+04   3.796291e+02
  2.697670e+00   9.988180e+03   3.788733e+02
  2.700310e+00   9.999403e+03   3.798459e+02
  2.702950e+00   9.901326e+03   3.785867e+02
  2.705600e+00   9.837696e+03   3.826420e+02
  2.708240e+00   1.047290e+04   3.922132e+02
  2.710890e+00   9.669355e+03   3.801416e+02
  2.713530e+00   1.012716e+04   3.906637e+02
  2.716170e+00   1.023617e+04   3.969418e+02
  2.718820e+00   1.032025e+04   4.008055e+02
  2.721460e+00   9.761592e+03   3.825870e+02
  2.724100e+00   1.001219e+04   3.797840e+02
  2.726750e+00   9.782125e+03   3.721296e+02
  2.729390e+00   9.786066e+03   3.714740e+02
  2.732030e+00   9.440882e+03   3.594083e+02
  2.734680e+00   9.731103e+03   3.639226e+02
  2.737320e+00   1.002581e+04   3.685563e+02
  2.739960e+00   1.098774e+04   3.832415e+02
  2.742610e+00   9.449842e+03   3.551468e+02
  2.745250e+00   9.785227e+03   3.573060e+02
  2.747890e+00   1.022242e+04   3.681513e+02
  2.750540e+00   9.657446e+03   3.574381e+02
  2.753180e+00   9.629630e+03   3.511565e+02
  2.755820e+00   1.031480e+04   3.679168e+02
  2.758470e+00   9.687751e+03   3.523401e+02
  2.761110e+00   1.025676e+04   3.660794e+02
  2.763750e+00   9.786544e+03   3.561688e+02
  2.766400e+00   9.428333e+03   3.463585e+02
  2.769040e+00   9.066304e+03   3.409734e+02
  2.771680e+00   1.072903e+04   3.684366e+02
  2.774330e+00   1.016861e+04   3.620122e+02
  2.776970e+00   9.782354e+03   3.523029e+02
  2.779610e+00   9.589495e+03   3.480766e+02
  2.782260e+00   1.047792e+04   3.674768e+02
  2.784900e+00   9.584477e+03   3.465275e+02
  2.787540e+00   9.404059e+03   3.464030e+02
  2.790190e+00   9.376404e+03   3.421498e+02
  2.792830e+00   9.465830e+03   3.468012e+02
  2.795470e+00   9.612387e+03   3.495991e+02
  2.798120e+00   9.813387e+03   3.500319e+02
  2.800760e+00   9.827193e+03   3.518700e+02
  2.803400e+00   9.787308e+03   3.493240e+02
  2.806050e+00   9.832902e+03   3.518489e+02
  2.808690e+00   9.566319e+03   3.445226e+02
  2.811330e+00   9.589478e+03   3.444642e+02
  2.813980e+00   9.415636e+03   3.435814e+02
  2.816620e+00   9.806577e+03   3.471491e+02
  2.819260e+00   9.883262e+03   3.527488e+02
  2.821910e+00   9.875984e+03   3.487331e+02
  2.824550e+00   9.973150e+03   3.502047e+02
  2.827190e+00   9.654776e+03   3.481601e+02
  2.829840e+00   9.907894e+03   3.483430e+02
  2.832480e+00   1.033403e+04   3.586995e+02
  2.835120e+00   1.059155e+04   3.599154e+02
  2.837770e+00   9.950957e+03   3.513805e+02
  2.840410e+00   9.536432e+03   3.443406e+02
  2.843050e+00   1.030518e+04   3.559865e+02
  2.845700e+00   9.342981e+03   3.404771e+02
  2.848340e+00   1.013810e+04   3.510538e+02
  2.850980e+00   9.811104e+03   3.495061e+02
  2.853630e+00   9.777470e+03   3.469894e+02
  2.856270e+00   9.778761e+03   3.459477e+02
  2.858910e+00   9.836231e+03   3.512940e+02
  2.861560e+00   1.065679e+04   3.621326e+02
  2.864200e+00   1.040610e+04   3.612008e+02
  2.866850e+00   9.932044e+03   3.498413e+02
  2.869490e+00   9.580443e+03   3.434755e+02
  2.872130e+00   9.269308e+03   3.396012e+02
  2.874780e+00   9.915012e+03   3.509876e+02
  2.877420e+00   9.100954e+03   3.359223e+02
  2.880060e+00   9.651607e+03   3.440426e+02
  2.882710e+00   1.017525e+04   3.536142e+02
  2.885350e+00   9.376404e+03   3.421498e+02
  2.887990e+00   9.908658e+03   3.496690e+02
  2.890640e+00   1.002971e+04   3.535009e+02
  2.893280e+00   9.982696e+03   3.509729e+02
  2.895920e+00   9.568923e+03   3.435043e+02
  2.898570e+00   1.071809e+04   3.637955e+02
  2.901210e+00   1.013145e+04   3.527319e+02
  2.903850e+00   1.020952e+04   3.565321e+02
  2.906500e+00   9.081403e+03   3.338390e+02
  2.909140e+00   1.001474e+04   3.549631e+02
  2.911780e+00   1.015026e+04   3.512642e+02
  2.914430e+00   9.955161e+03   3.510915e+02
  2.917070e+00   1.003178e+04   3.507531e+02
  2.919710e+00   9.849322e+03   3.490999e+02
  2.922360e+00   9.311295e+03   3.395480e+02
  2.925000e+00   9.879760e+03   3.471394e+02
  2.927640e+00   1.040808e+04   3.591130e+02
  2.930290e+00   9.494244e+03   3.419268e+02
  2.932930e+00   9.272201e+03   3.376736e+02
  2.935570e+00   1.004730e+04   3.525910e+02
  2.938220e+00   9.580527e+03   3.417261e+02
  2.940860e+00   1.026103e+04   3.585493e+02
  2.943500e+00   1.035917e+04   3.559453e+02
  2.946150e+00   9.317712e+03   3.397820e+02
  2.948790e+00   9.429657e+03   3.396008e+02
  2.951430e+00   1.007992e+04   3.524360e+02
  2.954080e+00   9.114388e+03   3.375699e+02
  2.956720e+00   9.742525e+03   3.440205e+02
  2.959360e+00   9.681803e+03   3.459994e+02
  2.962010e+00   9.613963e+03   3.431371e+02
  2.964650e+00   9.749287e+03   3.470838e+02
  2.967290e+00   9.667572e+03   3.452704e+02
  2.969940e+00   9.802132e+03   3.461253e+02
  2.972580e+00   9.625722e+03   3.448773e+02
  2.975220e+00   9.814473e+03   3.489625e+02
  2.977870e+00   9.456661e+03   3.410159e+02
  2.980510e+00   9.798772e+03   3.466557e+02
  2.983150e+00   9.483685e+03   3.402253e+02
  2.985800e+00   9.774000e+03   3.475234e+02
  2.988440e+00   9.578828e+03   3.429771e+02
  2.991080e+00   9.872853e+03   3.492764e+02
  2.993730e+00   9.463134e+03   3.412493e+02
  2.996370e+00   9.923084e+03   3.480177e+02
  2.999010e+00   9.744667e+03   3.473598e+02
  3.001660e+00   9.550042e+03   3.430476e+02
  3.004300e+00   9.412752e+03   3.398748e+02
  3.006940e+00   9.879643e+03   3.495166e+02
  3.009590e+00   9.555381e+03   3.410462e+02
  3.012230e+00   9.922279e+03   3.501496e+02
  3.014870e+00   9.565760e+03   3.425092e+02
  3.017520e+00   1.000190e+04   3.514309e+02
  3.020160e+00   9.554267e+03   3.425371e+02
  3.022810e+00   1.006858e+04   3.513957e+02
  3.025450e+00   9.340076e+03   3.390233e+02
  3.028090e+00   9.769206e+03   3.436795e+02
  3.030740e+00   9.552728e+03   3.420425e+02
  3.033380e+00   9.688332e+03   3.431783e+02
  3.036020e+00   9.698727e+03   3.444119e+02
  3.038670e+00   9.579726e+03   3.414804e+02
  3.041310e+00   1.014496e+04   3.512914e+02
  3.043950e+00   9.875465e+03   3.474176e+02
  3.046600e+00   9.763281e+03   3.409485e+02
  3.049240e+00   9.834204e+03   3.457522e+02
  3.051880e+00   9.959873e+03   3.476020e+02
  3.054530e+00   9.713623e+03   3.438585e+02
  3.057170e+00   9.388084e+03   3.367956e+02
  3.059810e+00   9.616527e+03   3.389380e+02
  3.062460e+00   1.020805e+04   3.509601e+02
  3.065100e+00   9.436414e+03   3.376614e+02
  3.067740e+00   9.345556e+03   3.359191e+02
  3.070390e+00   8.863427e+03   3.260464e+02
  3.073030e+00   8.626888e+03   3.228532e+02
  3.075670e+00   1.000566e+04   3.479307e+02
  3.078320e+00   9.653006e+03   3.412853e+02
  3.080960e+00   9.794559e+03   3.430884e+02
  3.083600e+00   9.812036e+03   3.432797e+02
  3.086250e+00   9.679919e+03   3.424509e+02
  3.088890e+00   9.655689e+03   3.420221e+02
  3.091530e+00   9.719523e+03   3.410884e+02
  3.094180e+00   1.033385e+04   3.529975e+02
  3.096820e+00   9.465660e+03   3.378439e+02
  3.099460e+00   9.019629e+03   3.304536e+02
  3.102110e+00   9.692034e+03   3.426652e+02
  3.104750e+00   1.038021e+04   3.535515e+02
  3.107390e+00   1.016820e+04   3.506274e+02
  3.110040e+00   9.556476e+03   3.395746e+02
  3.112680e+00   9.151063e+03   3.310738e+02
  3.115320e+00   9.085634e+03   3.306601e+02
  3.117970e+00   9.852679e+03   3.449127e+02
  3.120610e+00   9.880418e+03   3.460960e+02
  3.123250e+00   9.582200e+03   3.404887e+02
  3.125900e+00   9.972199e+03   3.457238e+02
  3.128540e+00   9.774723e+03   3.436610e+02
  3.131180e+00   1.012511e+04   3.497663e+02
  3.133830e+00   1.001239e+04   3.481650e+02
  3.136470e+00   1.034773e+04   3.534716e+02
  3.139110e+00   9.808768e+03   3.437971e+02
  3.141760e+00   9.885875e+03   3.460749e+02
  3.144400e+00   9.982828e+03   3.467179e+02
  3.147040e+00   9.803288e+03   3.438163e+02
  3.149690e+00   9.626309e+03   3.401289e+02
  3.152330e+00   1.069299e+04   3.594410e+02
  3.154970e+00   9.776618e+03   3.454398e+02
  3.157620e+00   9.625458e+03   3.398868e+02
  3.160260e+00   9.379682e+03   3.356314e+02
  3.162900e+00   1.016820e+04   3.506274e+02
  3.165550e+00   9.790034e+03   3.446255e+02
  3.168190e+00   9.062150e+03   3.315667e+02
  3.170830e+00   1.025817e+04   3.504123e+02
  3.173480e+00   1.004871e+04   3.487960e+02
  3.176120e+00   1.002172e+04   3.478590e+02
  3.178770e+00   1.014092e+04   3.496868e+02
  3.181410e+00   9.725404e+03   3.425627e+02
  3.184050e+00   9.199534e+03   3.323927e+02
  3.186700e+00   9.665981e+03   3.417440e+02
  3.189340e+00   1.015979e+04   3.501295e+02
  3.191980e+00   9.273611e+03   3.314118e+02
  3.194630e+00   9.922618e+03   3.456708e+02
  3.197270e+00   9.964399e+03   3.442144e+02
  3.199910e+00   9.960213e+03   3.455160e+02
  3.202560e+00   9.509013e+03   3.370380e+02
  3.205200e+00   1.062325e+04   3.552947e+02
  3.207840e+00   9.947196e+03   3.440310e+02
  3.210490e+00   1.003049e+04   3.454683e+02
  3.213130e+00   9.710877e+03   3.389119e+02
  3.215770e+00   9.525776e+03   3.351156e+02
  3.218420e+00   9.739953e+03   3.393073e+02
  3.221060e+00   9.737486e+03   3.400478e+02
  3.223700e+00   9.383271e+03   3.321642e+02
  3.226350e+00   9.903231e+03   3.439534e+02
  3.228990e+00   9.566660e+03   3.483972e+02
  3.231630e+00   8.924032e+03   3.414686e+02
  3.234280e+00   9.466020e+03   3.565109e+02
  3.236920e+00   9.520521e+03   3.578031e+02
  3.239560e+00   9.861981e+03   3.695934e+02
  3.242210e+00   1.016922e+04   3.779359e+02
  3.244850e+00   9.361533e+03   3.660649e+02
  3.247490e+00   9.914312e+03   3.785302e+02
  3.250140e+00   9.478629e+03   3.720687e+02
  3.252780e+00   1.015410e+04   3.893918e+02
  3.255420e+00   9.637923e+03   3.812704e+02
  3.258070e+00   1.014611e+04   3.916862e+02
  3.260710e+00   9.170965e+03   3.725450e+02
  3.263350e+00   9.332706e+03   3.816427e+02
  3.266000e+00   9.785090e+03   3.926621e+02
  3.268640e+00   9.212107e+03   3.828421e+02
  3.271280e+00   9.466673e+03   3.880958e+02
  3.273930e+00   8.981314e+03   3.802093e+02
  3.276570e+00   9.194974e+03   3.889060e+02
  3.279210e+00   1.009947e+04   4.106018e+02
  3.281860e+00   9.850474e+03   3.981818e+02
  3.284500e+00   9.414482e+03   3.814941e+02
  3.287140e+00   8.884311e+03   3.651429e+02
  3.289790e+00   1.020775e+04   3.894501e+02
  3.292430e+00   9.720970e+03   3.752739e+02
  3.295070e+00   9.840682e+03   3.768192e+02
  3.297720e+00   8.845991e+03   3.561262e+02
  3.300360e+00   9.474502e+03   3.676820e+02
  3.303000e+00   9.529706e+03   3.657166e+02
  3.305650e+00   9.510787e+03   3.636540e+02
  3.308290e+00   9.525521e+03   3.642174e+02
  3.310930e+00   9.618478e+03   3.667010e+02
  3.313580e+00   9.739059e+03   3.694236e+02
  3.316220e+00   9.578487e+03   3.643828e+02
  3.318860e+00   1.008698e+04   3.743630e+02
  3.321510e+00   9.324327e+03   3.570469e+02
  3.324150e+00   9.512480e+03   3.618718e+02
  3.326800e+00   9.016479e+03   3.496441e+02
  3.329440e+00   9.832758e+03   3.672111e+02
  3.332080e+00   9.420687e+03   3.591603e+02
  3.334730e+00   1.035345e+04   3.758065e+02
  3.337370e+00   9.812712e+03   3.639333e+02
  3.340010e+00   9.449842e+03   3.551468e+02
  3.342660e+00   9.339247e+03   3.545130e+02
  3.345300e+00   9.702590e+03   3.613433e+02
  3.347940e+00   9.309458e+03   3.523682e+02
  3.350590e+00   1.039478e+04   3.712421e+02
  3.353230e+00   9.208615e+03   3.498063e+02
  3.355870e+00   9.547048e+03   3.560448e+02
  3.358520e+00   9.108339e+03   3.470001e+02
  3.361160e+00   9.278494e+03   3.492007e+02
  3.363800e+00   9.734043e+03   3.597806e+02
  3.366450e+00   9.459005e+03   3.537467e+02
  3.369090e+00   9.214096e+03   3.490088e+02
  3.371730e+00   9.184218e+03   3.454081e+02
  3.374380e+00   9.879139e+03   3.595387e+02
  3.377020e+00   9.273376e+03   3.500010e+02
  3.379660e+00   9.983760e+03   3.638285e+02
  3.382310e+00   9.061382e+03   3.444620e+02
  3.384950e+00   9.502854e+03   3.514758e+02
  3.387590e+00   1.014318e+04   3.636507e+02
  3.390240e+00   9.475629e+03   3.528909e+02
  3.392880e+00   8.904495e+03   3.409707e+02
  3.395520e+00   9.309710e+03   3.488961e+02
  3.398170e+00   8.956482e+03   3.432131e+02
  3.400810e+00   9.482560e+03   3.531490e+02
  3.403450e+00   9.252209e+03   3.487057e+02
  3.406100e+00   9.390904e+03   3.487694e+02
  3.408740e+00   9.429309e+03   3.518987e+02
  3.411380e+00   9.336366e+03   3.496496e+02
  3.414030e+00   1.038945e+04   3.687078e+02
  3.416670e+00   9.637539e+03   3.552444e+02
  3.419310e+00   9.914354e+03   3.593951e+02
  3.421960e+00   1.037689e+04   3.694272e+02
  3.424600e+00   9.573769e+03   3.545840e+02
  3.427240e+00   9.340103e+03   3.483271e+02
  3.429890e+00   9.794767e+03   3.567044e+02
  3.432530e+00   1.017713e+04   3.634688e+02
  3.435170e+00   9.944563e+03   3.607272e+02
  3.437820e+00   9.389176e+03   3.479860e+02
  3.440460e+00   9.569737e+03   3.513161e+02
  3.443100e+00   9.597276e+03   3.523271e+02
  3.445750e+00   9.858055e+03   3.561860e+02
  3.448390e+00   9.919296e+03   3.579318e+02
  3.451030e+00   9.212978e+03   3.431092e+02
  3.453680e+00   9.283466e+03   3.445417e+02
  3.456320e+00   9.383576e+03   3.482572e+02
  3.458960e+00   9.510669e+03   3.477445e+02
  3.461610e+00   9.812332e+03   3.524694e+02
  3.464250e+00   9.603145e+03   3.504237e+02
  3.466890e+00   9.255996e+03   3.428147e+02
  3.469540e+00   9.097821e+03   3.407161e+02
  3.472180e+00   9.458535e+03   3.440036e+02
  3.474820e+00   1.008778e+04   3.568800e+02
  3.477470e+00   9.527837e+03   3.474445e+02
  3.480110e+00   9.218228e+03   3.423564e+02
  3.482760e+00   9.962893e+03   3.549134e+02
  3.485400e+00   9.727015e+03   3.487304e+02
  3.488040e+00   9.008234e+03   3.366535e+02
  3.490690e+00   9.823952e+03   3.538010e+02
  3.493330e+00   9.177424e+03   3.392074e+02
  3.495970e+00   9.170776e+03   3.387303e+02
  3.498620e+00   9.273237e+03   3.420485e+02
  3.501260e+00   9.109052e+03   3.387693e+02
  3.503900e+00   8.681550e+03   3.302617e+02
  3.506550e+00   9.415636e+03   3.435814e+02
  3.509190e+00   9.659455e+03   3.494668e+02
  3.511830e+00   1.029519e+04   3.604036e+02
  3.514480e+00   9.611268e+03   3.474961e+02
  3.517120e+00   9.965922e+03   3.532327e+02
  3.519760e+00   9.663564e+03   3.473496e+02
  3.522410e+00   9.102515e+03   3.382923e+02
  3.525050e+00   9.255996e+03   3.428147e+02
  3.527690e+00   9.545341e+03   3.453383e+02
  3.530340e+00   9.353965e+03   3.429330e+02
  3.532980e+00   9.700207e+03   3.493444e+02
  3.535620e+00   9.441973e+03   3.445425e+02
  3.538270e+00   9.209844e+03   3.406384e+02
  3.540910e+00   9.212546e+03   3.379755e+02
  3.543550e+00   8.957820e+03   3.361810e+02
  3.546200e+00   9.196664e+03   3.399185e+02
  3.548840e+00   9.183557e+03   3.392024e+02
  3.551480e+00   9.126699e+03   3.375632e+02
  3.554130e+00   9.596160e+03   3.464972e+02
  3.556770e+00   9.683765e+03   3.496605e+02
  3.559410e+00   9.328820e+03   3.424718e+02
  3.562060e+00   9.742104e+03   3.481544e+02
  3.564700e+00   1.010520e+04   3.559404e+02
  3.567340e+00   9.325064e+03   3.405032e+02
  3.569990e+00   9.666253e+03   3.497127e+02
  3.572630e+00   8.896047e+03   3.326933e+02
  3.575270e+00   1.016080e+04   3.567939e+02
  3.577920e+00   9.259861e+03   3.413230e+02
  3.580560e+00   8.995653e+03   3.364183e+02
  3.583200e+00   8.566626e+03   3.263624e+02
  3.585850e+00   9.157097e+03   3.373060e+02
  3.588490e+00   9.443880e+03   3.453025e+02
  3.591130e+00   8.983089e+03   3.357138e+02
  3.593780e+00   9.070572e+03   3.366405e+02
  3.596420e+00   9.388335e+03   3.421299e+02
  3.599060e+00   9.597005e+03   3.467539e+02
  3.601710e+00   9.294192e+03   3.400567e+02
  3.604350e+00   8.970595e+03   3.350130e+02
  3.606990e+00   9.708761e+03   3.485242e+02
  3.609640e+00   9.378566e+03   3.431438e+02
  3.612280e+00   1.004104e+04   3.545615e+02
  3.614920e+00   9.313978e+03   3.410090e+02
  3.617570e+00   9.064169e+03   3.361714e+02
  3.620210e+00   9.014402e+03   3.359469e+02
  3.622850e+00   9.393169e+03   3.416262e+02
  3.625500e+00   9.444756e+03   3.432755e+02
  3.628140e+00   9.394850e+03   3.423674e+02
  3.630780e+00   9.539476e+03   3.453522e+02
  3.633430e+00   8.871163e+03   3.322277e+02
  3.636070e+00   9.675097e+03   3.473157e+02
  3.638720e+00   9.805435e+03   3.508661e+02
  3.641360e+00   9.722293e+03   3.490100e+02
  3.644000e+00   9.397114e+03   3.433631e+02
  3.646650e+00   9.968892e+03   3.515757e+02
  3.649290e+00   9.600290e+03   3.459704e+02
  3.651930e+00   9.163913e+03   3.380160e+02
  3.654580e+00   9.704778e+03   3.474868e+02
  3.657220e+00   9.196664e+03   3.399185e+02
  3.659860e+00   8.964322e+03   3.350124e+02
  3.662510e+00   9.361849e+03   3.409384e+02
  3.665150e+00   8.748741e+03   3.285659e+02
  3.667790e+00   9.194372e+03   3.379918e+02
  3.670440e+00   9.642568e+03   3.463713e+02
  3.673080e+00   9.666515e+03   3.465614e+02
  3.675720e+00   9.868021e+03   3.482349e+02
  3.678370e+00   9.811070e+03   3.481818e+02
  3.681010e+00   9.118044e+03   3.342837e+02
  3.683650e+00   9.766220e+03   3.470275e+02
  3.686300e+00   8.818601e+03   3.279673e+02
  3.688940e+00   9.260274e+03   3.376875e+02
  3.691580e+00   9.684638e+03   3.452201e+02
  3.694230e+00   9.280909e+03   3.357715e+02
  3.696870e+00   9.509608e+03   3.391965e+02
  3.699510e+00   9.596751e+03   3.414371e+02
  3.702160e+00   9.300603e+03   3.369253e+02
  3.704800e+00   9.068806e+03   3.329263e+02
  3.707440e+00   9.103303e+03   3.304290e+02
  3.710090e+00   9.637080e+03   3.415773e+02
  3.712730e+00   9.533805e+03   3.396277e+02
  3.715370e+00   9.007571e+03   3.306783e+02
  3.718020e+00   9.462486e+03   3.388114e+02
  3.720660e+00   8.784785e+03   3.251395e+02
  3.723300e+00   9.208615e+03   3.349141e+02
  3.725950e+00   9.912594e+03   3.470102e+02
  3.728590e+00   9.337415e+03   3.347625e+02
  3.731230e+00   9.441543e+03   3.374132e+02
  3.733880e+00   8.977312e+03   3.289033e+02
  3.736520e+00   9.262872e+03   3.355584e+02
  3.739160e+00   8.934660e+03   3.295599e+02
  3.741810e+00   9.326313e+03   3.350110e+02
  3.744450e+00   9.419736e+03   3.379311e+02
  3.747090e+00   9.225446e+03   3.342027e+02
  3.749740e+00   1.002590e+04   3.486346e+02
  3.752380e+00   8.772460e+03   3.251290e+02
  3.755020e+00   9.339754e+03   3.359276e+02
  3.757670e+00   9.135729e+03   3.338123e+02
  3.760310e+00   9.528118e+03   3.396407e+02
  3.762950e+00   9.151063e+03   3.310738e+02
  3.765600e+00   8.940967e+03   3.288988e+02
  3.768240e+00   9.123532e+03   3.335894e+02
  3.770880e+00   8.836586e+03   3.286362e+02
  3.773530e+00   9.483415e+03   3.380473e+02
  3.776170e+00   9.336488e+03   3.342999e+02
  3.778810e+00   9.104533e+03   3.322291e+02
  3.781460e+00   9.473311e+03   3.385485e+02
  3.784100e+00   9.122627e+03   3.324470e+02
  3.786740e+00   9.026305e+03   3.333942e+02
  3.789390e+00   9.193816e+03   3.482406e+02
  3.792030e+00   9.383752e+03   3.572333e+02
  3.794680e+00   9.721215e+03   3.663821e+02
  3.797320e+00   9.641985e+03   3.678647e+02
  3.799960e+00   9.192348e+03   3.650748e+02
  3.802610e+00   9.011595e+03   3.654684e+02
  3.805250e+00   9.073090e+03   3.716483e+02
  3.807890e+00   8.363950e+03   3.550299e+02
  3.810540e+00   1.004965e+04   3.929722e+02
  3.813180e+00   8.895397e+03   3.732425e+02
  3.815820e+00   9.572882e+03   3.885513e+02
  3.818470e+00   9.182336e+03   3.842688e+02
  3.821110e+00   9.584364e+03   3.925909e+02
  3.823750e+00   9.659222e+03   3.997015e+02
  3.826400e+00   9.223722e+03   3.929437e+02
  3.829040e+00   8.870858e+03   3.875252e+02
  3.831680e+00   8.878382e+03   3.893428e+02
  3.834330e+00   9.145850e+03   3.987780e+02
  3.836970e+00   8.681206e+03   3.909818e+02
  3.839610e+00   8.864757e+03   3.972393e+02
  3.842260e+00   9.703350e+03   4.085847e+02
  3.844900e+00   9.013767e+03   3.829583e+02
  3.847540e+00   8.861400e+03   3.764848e+02
  3.850190e+00   9.339597e+03   3.812874e+02
  3.852830e+00   9.775738e+03   3.882442e+02
  3.855470e+00   8.708207e+03   3.637906e+02
  3.858120e+00   9.290010e+03   3.736990e+02
  3.860760e+00   9.071016e+03   3.669740e+02
  3.863400e+00   9.033213e+03   3.633691e+02
  3.866050e+00   8.447658e+03   3.516806e+02
  3.868690e+00   7.954403e+03   3.429386e+02
  3.871330e+00   9.438462e+03   3.727968e+02
  3.873980e+00   8.974886e+03   3.604401e+02
  3.876620e+00   9.162512e+03   3.636032e+02
  3.879260e+00   9.585778e+03   3.711628e+02
  3.881910e+00   8.182624e+03   3.433353e+02
  3.884550e+00   9.274739e+03   3.637852e+02
  3.887190e+00   9.410738e+03   3.635685e+02
  3.889840e+00   9.256234e+03   3.605717e+02
  3.892480e+00   9.003321e+03   3.545054e+02
  3.895120e+00   8.940620e+03   3.528581e+02
  3.897770e+00   9.494538e+03   3.625031e+02
  3.900410e+00   9.236398e+03   3.560370e+02
  3.903050e+00   8.774504e+03   3.487552e+02
  3.905700e+00   8.852746e+03   3.477687e+02
  3.908340e+00   9.050607e+03   3.509675e+02
  3.910980e+00   8.867884e+03   3.459691e+02
  3.913630e+00   8.541252e+03   3.405620e+02
  3.916270e+00   8.787202e+03   3.441334e+02
  3.918910e+00   9.559157e+03   3.579933e+02
  3.921560e+00   8.648501e+03   3.400077e+02
  3.924200e+00   8.662840e+03   3.397845e+02
  3.926840e+00   9.986702e+03   3.644199e+02
  3.929490e+00   8.883136e+03   3.434419e+02
  3.932130e+00   8.658384e+03   3.385696e+02
  3.934770e+00   8.658384e+03   3.385696e+02
  3.937420e+00   8.809973e+03   3.421510e+02
  3.940060e+00   8.803467e+03   3.418983e+02
  3.942700e+00   8.930178e+03   3.427088e+02
  3.945350e+00   8.882663e+03   3.441962e+02
  3.947990e+00   8.949586e+03   3.444697e+02
  3.950640e+00   8.969311e+03   3.462564e+02
  3.953280e+00   9.298886e+03   3.499682e+02
  3.955920e+00   8.565710e+03   3.367528e+02
  3.958570e+00   8.824480e+03   3.411741e+02
  3.961210e+00   9.174710e+03   3.485184e+02
  3.963850e+00   9.041931e+03   3.447204e+02
  3.966500e+00   8.857939e+03   3.411950e+02
  3.969140e+00   9.214427e+03   3.492720e+02
  3.971780e+00   9.081224e+03   3.452163e+02
  3.974430e+00   8.572464e+03   3.341894e+02
  3.977070e+00   9.022242e+03   3.444708e+02
  3.979710e+00   8.811550e+03   3.406742e+02
  3.982360e+00   8.923264e+03   3.434566e+02
  3.985000e+00   9.054882e+03   3.444639e+02
  3.987640e+00   8.911080e+03   3.409730e+02
  3.990290e+00   8.538915e+03   3.338980e+02
  3.992930e+00   9.310177e+03   3.491589e+02
  3.995570e+00   8.995900e+03   3.429655e+02
  3.998220e+00   8.924597e+03   3.400001e+02
  4.000860e+00   8.636068e+03   3.361585e+02
  4.003500e+00   8.385697e+03   3.317330e+02
  4.006150e+00   8.564410e+03   3.346392e+02
  4.008790e+00   8.626155e+03   3.345080e+02
  4.011430e+00   9.131640e+03   3.436738e+02
  4.014080e+00   9.002428e+03   3.429652e+02
  4.016720e+00   9.113579e+03   3.452014e+02
  4.019360e+00   9.760619e+03   3.556967e+02
  4.022010e+00   8.814118e+03   3.382548e+02
  4.024650e+00   9.119454e+03   3.444370e+02
  4.027290e+00   9.165368e+03   3.456784e+02
  4.029940e+00   9.337587e+03   3.470287e+02
  4.032580e+00   9.461126e+03   3.496933e+02
  4.035220e+00   9.190568e+03   3.454027e+02
  4.037870e+00   8.989362e+03   3.417243e+02
  4.040510e+00   9.235468e+03   3.458710e+02
  4.043150e+00   8.725914e+03   3.348698e+02
  4.045800e+00   8.749213e+03   3.370071e+02
  4.048440e+00   8.826156e+03   3.394676e+02
  4.051080e+00   8.673607e+03   3.343430e+02
  4.053730e+00   8.828723e+03   3.368368e+02
  4.056370e+00   9.176775e+03   3.443982e+02
  4.059010e+00   8.536660e+03   3.322891e+02
  4.061660e+00   8.924410e+03   3.404875e+02
  4.064300e+00   8.285959e+03   3.270207e+02
  4.066940e+00   8.561914e+03   3.330199e+02
  4.069590e+00   9.209246e+03   3.451311e+02
  4.072230e+00   8.880439e+03   3.373400e+02
  4.074870e+00   9.329917e+03   3.462657e+02
  4.077520e+00   8.995778e+03   3.397659e+02
  4.080160e+00   8.711474e+03   3.355534e+02
  4.082800e+00   8.697710e+03   3.357714e+02
  4.085450e+00   8.332546e+03   3.275862e+02
  4.088090e+00   9.372976e+03   3.461988e+02
  4.090730e+00   8.931449e+03   3.390332e+02
  4.093380e+00   8.827566e+03   3.380250e+02
  4.096020e+00   8.847696e+03   3.375607e+02
  4.098660e+00   9.149543e+03   3.424130e+02
  4.101310e+00   9.548386e+03   3.502963e+02
  4.103950e+00   8.867798e+03   3.368598e+02
  4.106600e+00   8.666468e+03   3.345653e+02
  4.109240e+00   8.696507e+03   3.327626e+02
  4.111880e+00   9.246937e+03   3.450926e+02
  4.114530e+00   8.757212e+03   3.360710e+02
  4.117170e+00   8.292912e+03   3.270405e+02
  4.119810e+00   8.906657e+03   3.366400e+02
  4.122460e+00   9.034085e+03   3.397617e+02
  4.125100e+00   8.822417e+03   3.365962e+02
  4.127740e+00   8.691444e+03   3.355295e+02
  4.130390e+00   8.880594e+03   3.371027e+02
  4.133030e+00   8.989362e+03   3.383191e+02
  4.135670e+00   8.751616e+03   3.353627e+02
  4.138320e+00   9.046782e+03   3.397590e+02
  4.140960e+00   8.797008e+03   3.358713e+02
  4.143600e+00   8.785348e+03   3.346951e+02
  4.146250e+00   9.104610e+03   3.414496e+02
  4.148890e+00   8.937847e+03   3.392760e+02
  4.151530e+00   9.059942e+03   3.409754e+02
  4.154180e+00   9.147960e+03   3.406879e+02
  4.156820e+00   8.465834e+03   3.287857e+02
  4.159460e+00   9.328462e+03   3.454986e+02
  4.162110e+00   8.731787e+03   3.353423e+02
  4.164750e+00   8.900106e+03   3.368740e+02
  4.167390e+00   8.798909e+03   3.342429e+02
  4.170040e+00   8.780307e+03   3.335363e+02
  4.172680e+00   9.053207e+03   3.400003e+02
  4.175320e+00   8.553476e+03   3.287368e+02
  4.177970e+00   8.976736e+03   3.366539e+02
  4.180610e+00   8.869335e+03   3.347515e+02
  4.183250e+00   9.064692e+03   3.373529e+02
  4.185900e+00   9.095708e+03   3.373411e+02
  4.188540e+00   9.576168e+03   3.457754e+02
  4.191180e+00   9.553548e+03   3.460885e+02
  4.193830e+00   8.901844e+03   3.336107e+02
  4.196470e+00   8.913927e+03   3.347695e+02
  4.199110e+00   8.945875e+03   3.333931e+02
  4.201760e+00   9.082036e+03   3.349959e+02
  4.204400e+00   8.977014e+03   3.329390e+02
  4.207040e+00   8.698183e+03   3.282918e+02
  4.209690e+00   9.731828e+03   3.455873e+02
  4.212330e+00   9.255393e+03   3.384107e+02
  4.214970e+00   9.340076e+03   3.390233e+02
  4.217620e+00   9.180888e+03   3.368141e+02
  4.220260e+00   8.830366e+03   3.286322e+02
  4.222900e+00   9.106749e+03   3.354514e+02
  4.225550e+00   9.038754e+03   3.340820e+02
  4.228190e+00   8.644092e+03   3.264828e+02
  4.230830e+00   9.026305e+03   3.333942e+02
  4.233480e+00   8.331004e+03   3.201865e+02
  4.236120e+00   8.712861e+03   3.272184e+02
  4.238760e+00   9.136528e+03   3.347365e+02
  4.241410e+00   9.448763e+03   3.425174e+02
  4.244050e+00   9.496327e+03   3.426692e+02
  4.246690e+00   9.715899e+03   3.458952e+02
  4.249340e+00   8.995498e+03   3.322563e+02
  4.251980e+00   8.670503e+03   3.260878e+02
  4.254620e+00   8.983218e+03   3.322563e+02
  4.257270e+00   8.476567e+03   3.236368e+02
  4.259910e+00   9.521057e+03   3.431151e+02
  4.262560e+00   8.835540e+03   3.297394e+02
  4.265200e+00   9.357276e+03   3.387561e+02
  4.267840e+00   8.860855e+03   3.293111e+02
  4.270490e+00   8.928127e+03   3.306714e+02
  4.273130e+00   8.495441e+03   3.238857e+02
  4.275770e+00   8.822319e+03   3.303985e+02
  4.278420e+00   8.587223e+03   3.259665e+02
  4.281060e+00   8.399896e+03   3.211780e+02
  4.283700e+00   9.216707e+03   3.365466e+02
  4.286350e+00   9.409772e+03   3.411040e+02
  4.288990e+00   8.431740e+03   3.214571e+02
  4.291630e+00   8.375335e+03   3.207081e+02
  4.294280e+00   8.668313e+03   3.271644e+02
  4.296920e+00   8.915679e+03   3.308919e+02
  4.299560e+00   8.915779e+03   3.306679e+02
  4.302210e+00   8.946351e+03   3.315738e+02
  4.304850e+00   8.995540e+03   3.333969e+02
  4.307490e+00   8.958513e+03   3.324816e+02
  4.310140e+00   8.940173e+03   3.315726e+02
  4.312780e+00   8.730764e+03   3.278907e+02
  4.315420e+00   9.069022e+03   3.333839e+02
  4.318070e+00   8.854091e+03   3.299725e+02
  4.320710e+00   9.446239e+03   3.415295e+02
  4.323350e+00   9.161290e+03   3.354186e+02
  4.326000e+00   8.407406e+03   3.226466e+02
  4.328640e+00   9.236322e+03   3.377134e+02
  4.331280e+00   8.736748e+03   3.281155e+02
  4.333930e+00   9.227047e+03   3.353627e+02
  4.336570e+00   8.578244e+03   3.244590e+02
  4.339210e+00   8.859619e+03   3.308685e+02
  4.341860e+00   8.537729e+03   3.250258e+02
  4.344500e+00   9.265109e+03   3.369688e+02
  4.347140e+00   9.393946e+03   3.446305e+02
  4.349790e+00   9.585971e+03   3.584950e+02
  4.352430e+00   8.933786e+03   3.523141e+02
  4.355070e+00   9.024837e+03   3.578581e+02
  4.357720e+00   9.398634e+03   3.706459e+02
  4.360360e+00   8.868699e+03   3.657390e+02
  4.363000e+00   9.027420e+03   3.707117e+02
  4.365650e+00   9.421840e+03   3.814791e+02
  4.368290e+00   9.012874e+03   3.758628e+02
  4.370930e+00   8.091221e+03   3.586370e+02
  4.373580e+00   9.343781e+03   3.879794e+02
  4.376220e+00   8.517979e+03   3.753470e+02
  4.378860e+00   9.782782e+03   4.000477e+02
  4.381510e+00   8.730134e+03   3.821076e+02
  4.384150e+00   8.631152e+03   3.837015e+02
  4.386790e+00   9.050160e+03   3.964947e+02
  4.389440e+00   8.739418e+03   3.881312e+02
  4.392080e+00   8.546972e+03   3.889007e+02
  4.394720e+00   8.989362e+03   3.996259e+02
  4.397370e+00   9.052351e+03   4.036244e+02
  4.400010e+00   9.034174e+03   4.024141e+02
  4.402650e+00   8.519149e+03   3.963467e+02
  4.405300e+00   9.594863e+03   4.228002e+02
  4.407940e+00   9.301296e+03   4.193348e+02
  4.410590e+00   9.312447e+03   4.206935e+02
  4.413230e+00   8.758866e+03   4.101715e+02
  4.415870e+00   8.521369e+03   4.076324e+02
  4.418520e+00   8.291740e+03   4.065360e+02
  4.421160e+00   9.069267e+03   4.256418e+02
  4.423800e+00   9.451902e+03   4.359837e+02
  4.426450e+00   9.838187e+03   4.485827e+02
  4.429090e+00   8.926646e+03   4.319907e+02
  4.431730e+00   8.800333e+03   4.299244e+02
  4.434380e+00   8.905934e+03   4.309884e+02
  4.437020e+00   8.871784e+03   4.354988e+02
  4.439660e+00   8.805020e+03   4.369858e+02
  4.442310e+00   9.282848e+03   4.492285e+02
  4.444950e+00   9.327965e+03   4.514119e+02
  4.447590e+00   8.382718e+03   4.300244e+02
  4.450240e+00   9.193151e+03   4.562484e+02
  4.452880e+00   8.319204e+03   4.384605e+02
  4.455520e+00   8.586510e+03   4.445926e+02
  4.458170e+00   8.743879e+03   4.521352e+02
  4.460810e+00   8.470291e+03   4.470449e+02
  4.463450e+00   8.547654e+03   4.517575e+02
  4.466100e+00   8.928705e+03   4.654409e+02
  4.468740e+00   8.904671e+03   4.641881e+02
  4.471380e+00   9.327874e+03   4.836277e+02
  4.474030e+00   9.600537e+03   4.944528e+02
  4.476670e+00   8.162900e+03   4.556087e+02
  4.479310e+00   9.179546e+03   4.824662e+02
  4.481960e+00   8.937550e+03   4.811815e+02
  4.484600e+00   8.828838e+03   4.860115e+02
  4.487240e+00   8.665421e+03   4.836566e+02
  4.489890e+00   9.190917e+03   4.969879e+02
  4.492530e+00   7.872502e+03   4.630883e+02
  4.495170e+00   9.155319e+03   5.032219e+02
  4.497820e+00   8.335073e+03   4.869402e+02
  4.500460e+00   9.017542e+03   5.040959e+02
  4.503100e+00   1.000103e+04   5.376585e+02
  4.505750e+00   9.223612e+03   5.196917e+02
  4.508390e+00   9.063901e+03   5.198504e+02
  4.511030e+00   9.182522e+03   5.223754e+02
  4.513680e+00   8.780307e+03   5.120779e+02
  4.516320e+00   9.530890e+03   5.430728e+02
  4.518960e+00   8.339338e+03   5.142256e+02
  4.521610e+00   9.486100e+03   5.513684e+02
  4.524250e+00   8.018386e+03   5.011491e+02
  4.526890e+00   9.409728e+03   5.516080e+02
  4.529540e+00   8.808589e+03   5.380702e+02
  4.532180e+00   8.752800e+03   5.438725e+02
  4.534820e+00   8.822273e+03   5.429734e+02
  4.537470e+00   8.712766e+03   5.488527e+02
  4.540110e+00   8.257670e+03   5.363933e+02
  4.542750e+00   9.419132e+03   5.808086e+02
  4.545400e+00   9.667476e+03   5.798167e+02
  4.548040e+00   8.808853e+03   5.639290e+02
  4.550680e+00   9.341523e+03   5.884606e+02
  4.553330e+00   8.798909e+03   5.789257e+02
  4.555970e+00   9.886390e+03   6.143104e+02
  4.558610e+00   9.083987e+03   5.863688e+02
  4.561260e+00   9.452333e+03   6.038874e+02
  4.563900e+00   9.529925e+03   6.177333e+02
  4.566550e+00   8.968791e+03   6.074432e+02
  4.569190e+00   9.331239e+03   6.126259e+02
  4.571830e+00   9.282039e+03   6.229697e+02
  4.574480e+00   9.687360e+03   6.401587e+02
  4.577120e+00   8.903339e+03   6.188249e+02
  4.579760e+00   1.034098e+04   6.661214e+02
  4.582410e+00   8.967166e+03   6.309276e+02
  4.585050e+00   9.603825e+03   6.611546e+02
  4.587690e+00   8.545731e+03   6.317186e+02
  4.590340e+00   9.151124e+03   6.503421e+02
  4.592980e+00   9.554139e+03   6.705691e+02
  4.595620e+00   8.891652e+03   6.590931e+02
  4.598270e+00   8.433840e+03   6.526301e+02
  4.600910e+00   8.735425e+03   6.660699e+02
  4.603550e+00   8.629788e+03   6.658026e+02
  4.606200e+00   9.098988e+03   7.062185e+02
  4.608840e+00   1.035307e+04   7.591242e+02
  4.611480e+00   9.645728e+03   7.419791e+02
  4.614130e+00   8.989362e+03   7.129028e+02
  4.616770e+00   9.834000e+03   7.702583e+02
  4.619410e+00   8.149525e+03   7.120273e+02
  4.622060e+00   9.054034e+03   7.652055e+02
  4.624700e+00   8.703481e+03   7.435886e+02
  4.627340e+00   7.110988e+03   6.906802e+02
  4.629990e+00   9.787645e+03   8.242684e+02
  4.632630e+00   9.062446e+03   8.138317e+02
  4.635270e+00   9.708511e+03   8.355756e+02
  4.637920e+00   1.034910e+04   8.841831e+02
  4.640560e+00   9.151332e+03   8.608849e+02
  4.643200e+00   9.655241e+03   8.964666e+02
  4.645850e+00   1.124696e+04   9.608930e+02
  4.648490e+00   9.988180e+03   9.117919e+02
  4.651130e+00   9.713623e+03   9.097642e+02
  4.653780e+00   1.018499e+04   9.497553e+02
  4.656420e+00   8.318514e+03   8.625897e+02
  4.659060e+00   9.988180e+03   9.314026e+02
  4.661710e+00   8.492463e+03   8.759306e+02
  4.664350e+00   9.174710e+03   9.220930e+02
  4.666990e+00   8.552042e+03   9.116507e+02
  4.669640e+00   7.317973e+03   8.131081e+02
  4.672280e+00   9.462486e+03   9.462486e+02
  4.674920e+00   8.633850e+03   9.364726e+02
  4.677570e+00   1.001088e+04   1.011252e+03
  4.680210e+00   8.547262e+03   9.163627e+02
  4.682850e+00   8.837000e+03   9.474258e+02
  4.685500e+00   8.249062e+03   9.340223e+02
  4.688140e+00   8.162120e+03   9.488272e+02
  4.690780e+00   1.068148e+04   1.062847e+03
  4.693430e+00   1.028903e+04   1.055632e+03
  4.696070e+00   7.079123e+03   8.918856e+02
  4.698710e+00   1.039030e+04   1.101370e+03
  4.701360e+00   9.518148e+03   1.057572e+03
  4.704000e+00   1.022540e+04   1.071913e+03
  4.706640e+00   8.805906e+03   1.037786e+03
  4.709290e+00   7.523012e+03   9.794128e+02
  4.711930e+00   9.901326e+03   1.135760e+03
  4.714570e+00   8.325718e+03   1.002299e+03
  4.717220e+00   7.816837e+03   1.009149e+03
  4.719860e+00   9.057983e+03   1.114961e+03
  4.722510e+00   8.133232e+03   1.077273e+03
  4.725150e+00   9.510484e+03   1.113118e+03
  4.727790e+00   9.560115e+03   1.167954e+03
  4.730440e+00   8.320732e+03   1.111905e+03
  4.733080e+00   7.594461e+03   1.084923e+03
  4.735720e+00   8.054468e+03   1.076324e+03
  4.738370e+00   9.446448e+03   1.199700e+03
  4.741010e+00   9.071833e+03   1.223246e+03
  4.743650e+00   1.017664e+04   1.313798e+03
  4.746300e+00   9.896545e+03   1.277639e+03
  4.748940e+00   9.074975e+03   1.246544e+03
  4.751580e+00   8.805906e+03   1.271023e+03
  4.754230e+00   8.326988e+03   1.255341e+03
  4.756870e+00   9.380204e+03   1.353916e+03
  4.759510e+00   7.228559e+03   1.157496e+03
  4.762160e+00   8.249062e+03   1.320907e+03
  4.764800e+00   1.087602e+04   1.553717e+03
  4.767440e+00   8.297873e+03   1.382979e+03
  4.770090e+00   1.024369e+04   1.463385e+03
  4.772730e+00   6.951773e+03   1.290912e+03
  4.775370e+00   7.740839e+03   1.390296e+03
  4.778020e+00   1.094357e+04   1.688630e+03
  4.780660e+00   1.111842e+04   1.621788e+03
  4.783300e+00   9.640765e+03   1.584932e+03
  4.785950e+00   7.865692e+03   1.486476e+03
  4.788590e+00   9.446448e+03   1.696632e+03
  4.791230e+00   8.200821e+03   1.608313e+03
  4.793880e+00   9.680851e+03   1.829509e+03
  4.796520e+00   7.191490e+03   1.695050e+03
  4.799160e+00   1.040873e+04   2.219150e+03
  4.801810e+00   7.403004e+03   1.978536e+03
  4.804450e+00   8.119424e+03   2.170007e+03
  4.807090e+00   6.253469e+03   2.210935e+03
  4.809740e+00   8.390071e+03   3.171149e+03
  4.812380e+00   6.914894e+03   3.092435e+03
creator: radaver
creator-version: 6572
working-directory: /dataInt/p12/vives/2015-10-17/NEW
header-file: images/header/img_0009_00004.txt
image-file: images/pilatus2m/img_0009_00004.tiff
angular-axis-file: etc/radial-averaging/saxs-2/saxis-saxs2-20150921.dat
beamstop-mask-file: etc/radial-averaging/saxs-2/mask-saxs2-20151008.msk
detector-response-file: none
beam-center-x: 656.1000
beam-center-y: 1645.9000
unit-time: 100.0000
channel-first: 8
channel-last: 1819
angular-unit: nanometer
Run Number: 9
Frame Number: 4
Sample: ADR
Buffer: NAPI
Code: ADR_NAPI
Concentration [mg/ml]: 3
Plate Row: 2
Plate Column: 1
Well Row: 1
Well Column: 2
Load Volume: 20
Load Viscosity: low
Exposure time [s]: 0.035
Exposure period [s]: 0.04
Detector Position: saxs-2
Detector Distance [m]: 3
Timestamp (begin): 2015-10-17 03:33:01.842
Timestamp (end): 2015-10-17 03:33:01.877
PETRA Current: 94.1409
Transmitted Beam: 0.158918
Wavelength [nm]: 0.123987
Flytube Vacuum [mbar]: 0.000285457
Crystal Temperature 1 [C]: -181.4
Crystal Temperature 2 [C]: -156.3
Cell Target Temperature [C]: 20
Cell Temperature [C]: 20
Storage Temperature [C]: 20.1
