
Sample:   c= 3.0000 mg/ml  Code: ADR_NAPI
  2.520060e-02   5.109289e+07   2.877206e+05
  2.784400e-02   7.644958e+06   6.152099e+04
  3.048740e-02   3.112021e+06   3.678039e+04
  3.313080e-02   1.467151e+06   2.358715e+04
  3.577420e-02   6.650516e+05   1.481555e+04
  3.841750e-02   4.896205e+05   1.283154e+04
  4.106090e-02   3.626783e+05   1.012926e+04
  4.370430e-02   2.695687e+05   8.664266e+03
  4.634770e-02   2.449420e+05   7.680735e+03
  4.899110e-02   2.138727e+05   6.818012e+03
  5.163450e-02   1.780200e+05   6.073964e+03
  5.427790e-02   1.614847e+05   5.391816e+03
  5.692130e-02   1.498223e+05   5.273993e+03
  5.956470e-02   1.439143e+05   4.896065e+03
  6.220810e-02   1.338189e+05   4.458155e+03
  6.485140e-02   1.221013e+05   4.369127e+03
  6.749480e-02   1.205415e+05   4.049670e+03
  7.013820e-02   1.091469e+05   3.883273e+03
  7.278160e-02   1.036264e+05   3.632104e+03
  7.542500e-02   1.018093e+05   3.525366e+03
  7.806840e-02   9.856325e+04   3.433613e+03
  8.071180e-02   1.000898e+05   3.298071e+03
  8.335520e-02   9.276672e+04   3.204573e+03
  8.599860e-02   9.097878e+04   3.070385e+03
  8.864200e-02   8.515301e+04   3.060762e+03
  9.128530e-02   8.557121e+04   3.077782e+03
  9.392870e-02   8.167837e+04   2.988455e+03
  9.657210e-02   8.354401e+04   3.050596e+03
  9.921550e-02   8.073908e+04   2.944251e+03
  1.018590e-01   7.657170e+04   2.902443e+03
  1.045020e-01   7.709364e+04   2.826390e+03
  1.071460e-01   7.800062e+04   2.859642e+03
  1.097890e-01   7.194694e+04   2.804784e+03
  1.124320e-01   6.942000e+04   2.614508e+03
  1.150760e-01   7.058604e+04   2.665998e+03
  1.177190e-01   7.148462e+04   2.631385e+03
  1.203630e-01   7.411030e+04   2.731742e+03
  1.230060e-01   7.159127e+04   2.677362e+03
  1.256490e-01   7.157379e+04   2.597964e+03
  1.282930e-01   6.643863e+04   2.489893e+03
  1.309360e-01   6.480159e+04   2.433675e+03
  1.335800e-01   6.681188e+04   2.496877e+03
  1.362230e-01   6.797097e+04   2.436877e+03
  1.388660e-01   6.544000e+04   2.427035e+03
  1.415100e-01   6.532072e+04   2.394774e+03
  1.441530e-01   6.844595e+04   2.393156e+03
  1.467970e-01   6.592677e+04   2.388275e+03
  1.494400e-01   6.543137e+04   2.307586e+03
  1.520830e-01   6.696014e+04   2.361502e+03
  1.547270e-01   6.172548e+04   2.246420e+03
  1.573700e-01   6.178011e+04   2.222076e+03
  1.600130e-01   6.245770e+04   2.209595e+03
  1.626570e-01   6.613368e+04   2.239569e+03
  1.653000e-01   6.472462e+04   2.249336e+03
  1.679440e-01   6.651828e+04   2.227197e+03
  1.705870e-01   6.031149e+04   2.129673e+03
  1.732300e-01   6.527664e+04   2.188078e+03
  1.758740e-01   5.863312e+04   2.065264e+03
  1.785170e-01   6.452553e+04   2.166555e+03
  1.811610e-01   6.393988e+04   2.105748e+03
  1.838040e-01   6.400306e+04   2.149012e+03
  1.864470e-01   6.335421e+04   2.100172e+03
  1.890910e-01   6.254895e+04   2.058824e+03
  1.917340e-01   6.063823e+04   2.034886e+03
  1.943780e-01   6.159323e+04   2.008950e+03
  1.970210e-01   6.029680e+04   2.029149e+03
  1.996640e-01   6.059726e+04   2.000008e+03
  2.023080e-01   5.412342e+04   1.883194e+03
  2.049510e-01   6.064764e+04   1.954343e+03
  2.075950e-01   5.988188e+04   1.921701e+03
  2.102380e-01   6.039210e+04   1.967681e+03
  2.128810e-01   5.778883e+04   1.862219e+03
  2.155250e-01   6.185168e+04   1.959845e+03
  2.181680e-01   5.842913e+04   1.891713e+03
  2.208110e-01   5.659919e+04   1.846062e+03
  2.234550e-01   5.800041e+04   1.884760e+03
  2.260980e-01   5.709021e+04   1.811703e+03
  2.287420e-01   6.039923e+04   1.875608e+03
  2.313850e-01   5.666712e+04   1.799183e+03
  2.340280e-01   5.727111e+04   1.802976e+03
  2.366720e-01   5.358315e+04   1.755175e+03
  2.393150e-01   5.677889e+04   1.770024e+03
  2.419590e-01   5.622310e+04   1.777931e+03
  2.446020e-01   5.465276e+04   1.715454e+03
  2.472450e-01   5.866191e+04   1.790838e+03
  2.498890e-01   5.428572e+04   1.720109e+03
  2.525320e-01   5.373027e+04   1.678252e+03
  2.551760e-01   5.560033e+04   1.743480e+03
  2.578190e-01   5.392386e+04   1.652366e+03
  2.604620e-01   5.636113e+04   1.706347e+03
  2.631060e-01   5.707453e+04   1.727154e+03
  2.657490e-01   5.896775e+04   1.732847e+03
  2.683920e-01   5.341681e+04   1.656385e+03
  2.710360e-01   5.351713e+04   1.618761e+03
  2.736790e-01   5.216651e+04   1.616062e+03
  2.763230e-01   5.322335e+04   1.614312e+03
  2.789660e-01   5.686760e+04   1.661829e+03
  2.816090e-01   5.629253e+04   1.655663e+03
  2.842530e-01   5.284866e+04   1.586968e+03
  2.868960e-01   5.181702e+04   1.586318e+03
  2.895400e-01   5.397871e+04   1.582824e+03
  2.921830e-01   5.076210e+04   1.538952e+03
  2.948260e-01   5.314072e+04   1.576661e+03
  2.974700e-01   5.153890e+04   1.538646e+03
  3.001130e-01   4.861591e+04   1.506068e+03
  3.027570e-01   5.222369e+04   1.523522e+03
  3.054000e-01   5.115530e+04   1.523127e+03
  3.080430e-01   5.933555e+04   1.617908e+03
  3.106870e-01   4.820236e+04   1.472901e+03
  3.133300e-01   4.784918e+04   1.449310e+03
  3.159740e-01   5.097045e+04   1.468944e+03
  3.186170e-01   4.762969e+04   1.445982e+03
  3.212600e-01   4.884275e+04   1.439668e+03
  3.239040e-01   4.457828e+04   1.383645e+03
  3.265470e-01   5.038347e+04   1.469212e+03
  3.291900e-01   4.840536e+04   1.411529e+03
  3.318340e-01   4.796785e+04   1.430125e+03
  3.344770e-01   4.852195e+04   1.408358e+03
  3.371210e-01   4.548723e+04   1.371492e+03
  3.397640e-01   4.443529e+04   1.341605e+03
  3.424070e-01   4.672982e+04   1.364993e+03
  3.450510e-01   4.626499e+04   1.379969e+03
  3.476940e-01   4.411027e+04   1.308731e+03
  3.503380e-01   4.451667e+04   1.336771e+03
  3.529810e-01   4.598262e+04   1.349515e+03
  3.556240e-01   4.734406e+04   1.363301e+03
  3.582680e-01   4.500530e+04   1.324832e+03
  3.609110e-01   4.352857e+04   1.287512e+03
  3.635550e-01   4.531070e+04   1.323540e+03
  3.661980e-01   4.686438e+04   1.326055e+03
  3.688410e-01   4.284308e+04   1.277334e+03
  3.714850e-01   4.401503e+04   1.282414e+03
  3.741280e-01   4.220391e+04   1.250521e+03
  3.767710e-01   4.785382e+04   1.342811e+03
  3.794150e-01   4.304424e+04   1.252536e+03
  3.820580e-01   4.246329e+04   1.254357e+03
  3.847020e-01   4.403683e+04   1.256657e+03
  3.873450e-01   4.355451e+04   1.259938e+03
  3.899880e-01   4.314975e+04   1.247707e+03
  3.926320e-01   4.176212e+04   1.211642e+03
  3.952750e-01   4.394595e+04   1.256625e+03
  3.979190e-01   3.964079e+04   1.173544e+03
  4.005620e-01   4.345620e+04   1.242113e+03
  4.032050e-01   4.256889e+04   1.207901e+03
  4.058490e-01   4.166664e+04   1.197337e+03
  4.084920e-01   4.198554e+04   1.216079e+03
  4.111360e-01   4.174538e+04   1.192725e+03
  4.137790e-01   4.160934e+04   1.197670e+03
  4.164220e-01   3.831210e+04   1.137203e+03
  4.190660e-01   3.933059e+04   1.147880e+03
  4.217090e-01   4.124880e+04   1.179983e+03
  4.243530e-01   3.976093e+04   1.148757e+03
  4.269960e-01   3.866500e+04   1.193228e+03
  4.296390e-01   3.781805e+04   1.180087e+03
  4.322830e-01   3.890423e+04   1.251076e+03
  4.349260e-01   3.868629e+04   1.278231e+03
  4.375690e-01   3.865659e+04   1.254185e+03
  4.402130e-01   3.827786e+04   1.285245e+03
  4.428560e-01   3.855179e+04   1.283634e+03
  4.455000e-01   3.700251e+04   1.293762e+03
  4.481430e-01   3.623202e+04   1.278600e+03
  4.507860e-01   3.519424e+04   1.260156e+03
  4.534300e-01   3.593137e+04   1.308543e+03
  4.560730e-01   3.849341e+04   1.329733e+03
  4.587170e-01   3.739097e+04   1.310553e+03
  4.613600e-01   3.698887e+04   1.287007e+03
  4.640030e-01   3.670161e+04   1.270873e+03
  4.666470e-01   3.908170e+04   1.338132e+03
  4.692900e-01   3.586122e+04   1.244012e+03
  4.719340e-01   3.546265e+04   1.273035e+03
  4.745770e-01   3.634955e+04   1.264763e+03
  4.772200e-01   3.596782e+04   1.287030e+03
  4.798640e-01   3.617483e+04   1.263280e+03
  4.825070e-01   3.548488e+04   1.193486e+03
  4.851500e-01   3.597172e+04   1.211231e+03
  4.877940e-01   3.309390e+04   1.122634e+03
  4.904370e-01   3.513845e+04   1.170632e+03
  4.930810e-01   3.472294e+04   1.131936e+03
  4.957240e-01   3.586192e+04   1.137471e+03
  4.983670e-01   3.309934e+04   1.105155e+03
  5.010110e-01   3.360958e+04   1.095641e+03
  5.036540e-01   3.253808e+04   1.078035e+03
  5.062980e-01   3.427183e+04   1.084856e+03
  5.089410e-01   3.364599e+04   1.076982e+03
  5.115840e-01   3.249006e+04   1.061404e+03
  5.142280e-01   3.264692e+04   1.048770e+03
  5.168710e-01   3.283494e+04   1.060849e+03
  5.195150e-01   3.301106e+04   1.036159e+03
  5.221580e-01   3.114007e+04   1.015677e+03
  5.248010e-01   2.982511e+04   9.903265e+02
  5.274450e-01   3.118976e+04   9.998980e+02
  5.300880e-01   3.396649e+04   1.047232e+03
  5.327320e-01   3.074184e+04   9.830156e+02
  5.353750e-01   3.127872e+04   1.005856e+03
  5.380180e-01   3.088248e+04   9.741573e+02
  5.406620e-01   2.983909e+04   9.625512e+02
  5.433050e-01   3.160773e+04   9.985262e+02
  5.459480e-01   3.034512e+04   9.698343e+02
  5.485920e-01   3.167795e+04   9.909042e+02
  5.512350e-01   3.014093e+04   9.470043e+02
  5.538790e-01   3.062159e+04   9.569247e+02
  5.565220e-01   3.044085e+04   9.597492e+02
  5.591650e-01   2.960585e+04   9.362192e+02
  5.618090e-01   3.001251e+04   9.457745e+02
  5.644520e-01   2.921996e+04   9.217149e+02
  5.670960e-01   2.779637e+04   9.056545e+02
  5.697390e-01   2.963714e+04   9.252574e+02
  5.723820e-01   2.890406e+04   9.144839e+02
  5.750260e-01   2.879716e+04   9.083782e+02
  5.776690e-01   2.820739e+04   8.983063e+02
  5.803130e-01   2.911719e+04   9.171052e+02
  5.829560e-01   2.830182e+04   8.822806e+02
  5.855990e-01   2.754163e+04   8.833983e+02
  5.882430e-01   2.738954e+04   8.740352e+02
  5.908860e-01   2.820299e+04   8.883107e+02
  5.935290e-01   2.947604e+04   8.990108e+02
  5.961730e-01   2.826487e+04   8.789956e+02
  5.988160e-01   2.791773e+04   8.715783e+02
  6.014600e-01   2.800714e+04   8.709805e+02
  6.041030e-01   2.559504e+04   8.282360e+02
  6.067460e-01   2.585098e+04   8.317415e+02
  6.093900e-01   2.683954e+04   8.412038e+02
  6.120330e-01   2.642771e+04   8.390808e+02
  6.146770e-01   2.589094e+04   8.195635e+02
  6.173200e-01   2.598933e+04   8.169676e+02
  6.199630e-01   2.649255e+04   8.207103e+02
  6.226070e-01   2.471934e+04   7.990628e+02
  6.252500e-01   2.597975e+04   8.150573e+02
  6.278940e-01   2.435856e+04   7.825097e+02
  6.305370e-01   2.533893e+04   7.981014e+02
  6.331800e-01   2.589011e+04   8.016629e+02
  6.358240e-01   2.641986e+04   8.149466e+02
  6.384670e-01   2.640037e+04   8.078382e+02
  6.411110e-01   2.510033e+04   7.882437e+02
  6.437540e-01   2.661032e+04   8.116070e+02
  6.463970e-01   2.499136e+04   7.859852e+02
  6.490410e-01   2.494199e+04   7.824999e+02
  6.516840e-01   2.549605e+04   7.905991e+02
  6.543270e-01   2.391032e+04   7.645677e+02
  6.569710e-01   2.390429e+04   7.703051e+02
  6.596140e-01   2.493247e+04   7.764901e+02
  6.622580e-01   2.373918e+04   7.618266e+02
  6.649010e-01   2.461347e+04   7.658128e+02
  6.675440e-01   2.498558e+04   7.762641e+02
  6.701880e-01   2.409867e+04   7.686283e+02
  6.728310e-01   2.481944e+04   7.659446e+02
  6.754750e-01   2.371553e+04   7.552562e+02
  6.781180e-01   2.365347e+04   7.472415e+02
  6.807610e-01   2.343226e+04   7.447263e+02
  6.834050e-01   2.363856e+04   7.445446e+02
  6.860480e-01   2.372520e+04   7.396091e+02
  6.886920e-01   2.237926e+04   7.287691e+02
  6.913350e-01   2.393077e+04   7.385195e+02
  6.939780e-01   2.157487e+04   7.113026e+02
  6.966220e-01   2.282318e+04   7.235434e+02
  6.992650e-01   2.358223e+04   7.312539e+02
  7.019080e-01   2.197354e+04   7.178443e+02
  7.045520e-01   2.165461e+04   6.945719e+02
  7.071950e-01   2.212554e+04   7.078587e+02
  7.098390e-01   2.259218e+04   7.180267e+02
  7.124820e-01   2.280064e+04   7.118252e+02
  7.151250e-01   2.169723e+04   7.032112e+02
  7.177690e-01   2.136106e+04   6.830513e+02
  7.204120e-01   2.172144e+04   6.956429e+02
  7.230560e-01   2.149728e+04   6.877590e+02
  7.256990e-01   2.179072e+04   6.950159e+02
  7.283420e-01   2.194409e+04   6.935864e+02
  7.309860e-01   2.091664e+04   6.750817e+02
  7.336290e-01   2.107922e+04   6.810387e+02
  7.362730e-01   2.255385e+04   6.980240e+02
  7.389160e-01   2.199216e+04   6.892773e+02
  7.415590e-01   2.028178e+04   6.643518e+02
  7.442030e-01   2.000553e+04   6.511245e+02
  7.468460e-01   2.014554e+04   6.613097e+02
  7.494900e-01   2.006365e+04   6.482272e+02
  7.521330e-01   2.032938e+04   6.571554e+02
  7.547760e-01   2.032379e+04   6.535690e+02
  7.574200e-01   2.009570e+04   6.533677e+02
  7.600630e-01   2.089196e+04   6.649983e+02
  7.627060e-01   2.030152e+04   6.448989e+02
  7.653500e-01   2.138727e+04   6.696613e+02
  7.679930e-01   2.080353e+04   6.562268e+02
  7.706370e-01   2.056307e+04   6.558601e+02
  7.732800e-01   2.080680e+04   6.521259e+02
  7.759230e-01   2.034829e+04   6.463848e+02
  7.785670e-01   2.087569e+04   6.562217e+02
  7.812100e-01   1.962935e+04   6.312375e+02
  7.838540e-01   2.045934e+04   6.466579e+02
  7.864970e-01   1.950487e+04   6.249763e+02
  7.891400e-01   1.998305e+04   6.322358e+02
  7.917840e-01   1.993866e+04   6.369172e+02
  7.944270e-01   1.802164e+04   5.987288e+02
  7.970710e-01   1.972729e+04   6.288830e+02
  7.997140e-01   1.888618e+04   6.098665e+02
  8.023570e-01   1.935326e+04   6.242988e+02
  8.050010e-01   1.869020e+04   6.070295e+02
  8.076440e-01   1.973999e+04   6.214429e+02
  8.102870e-01   1.888618e+04   6.098665e+02
  8.129310e-01   1.893421e+04   6.076276e+02
  8.155740e-01   1.836812e+04   5.981482e+02
  8.182180e-01   1.863197e+04   5.991638e+02
  8.208610e-01   1.803444e+04   5.891595e+02
  8.235040e-01   1.940611e+04   6.121465e+02
  8.261480e-01   1.819000e+04   5.929771e+02
  8.287910e-01   1.887449e+04   6.007817e+02
  8.314350e-01   1.936761e+04   6.040592e+02
  8.340780e-01   1.803330e+04   5.875568e+02
  8.367210e-01   1.917466e+04   6.042448e+02
  8.393650e-01   1.842561e+04   5.891859e+02
  8.420080e-01   1.949123e+04   6.079149e+02
  8.446520e-01   1.824532e+04   5.789978e+02
  8.472950e-01   1.791783e+04   5.837944e+02
  8.499380e-01   1.828831e+04   5.836035e+02
  8.525820e-01   1.811671e+04   5.769534e+02
  8.552250e-01   1.687292e+04   5.605653e+02
  8.578690e-01   1.834473e+04   5.848085e+02
  8.605120e-01   1.851353e+04   6.044880e+02
  8.631550e-01   1.698515e+04   5.751898e+02
  8.657990e-01   1.814063e+04   6.003673e+02
  8.684420e-01   1.708011e+04   5.854986e+02
  8.710850e-01   1.839510e+04   6.025516e+02
  8.737290e-01   1.831046e+04   6.100099e+02
  8.763720e-01   1.682387e+04   5.740229e+02
  8.790160e-01   1.824611e+04   6.065213e+02
  8.816590e-01   1.730940e+04   5.961672e+02
  8.843020e-01   1.742489e+04   5.887326e+02
  8.869460e-01   1.677669e+04   5.809294e+02
  8.895890e-01   1.804738e+04   5.812669e+02
  8.922330e-01   1.717462e+04   5.721697e+02
  8.948760e-01   1.806407e+04   5.791076e+02
  8.975190e-01   1.674643e+04   5.527145e+02
  9.001630e-01   1.692973e+04   5.612150e+02
  9.028060e-01   1.689898e+04   5.532479e+02
  9.054500e-01   1.767558e+04   5.701800e+02
  9.080930e-01   1.699958e+04   5.515394e+02
  9.107360e-01   1.692980e+04   5.498544e+02
  9.133800e-01   1.673707e+04   5.503116e+02
  9.160230e-01   1.689594e+04   5.487547e+02
  9.186660e-01   1.573955e+04   5.293783e+02
  9.213100e-01   1.710702e+04   5.464637e+02
  9.239530e-01   1.700533e+04   5.497042e+02
  9.265970e-01   1.657762e+04   5.430181e+02
  9.292400e-01   1.689014e+04   5.400871e+02
  9.318830e-01   1.644631e+04   5.387169e+02
  9.345270e-01   1.599916e+04   5.246332e+02
  9.371700e-01   1.671648e+04   5.417844e+02
  9.398140e-01   1.588435e+04   5.219922e+02
  9.424570e-01   1.585748e+04   5.183179e+02
  9.451000e-01   1.630590e+04   5.301504e+02
  9.477440e-01   1.590466e+04   5.195825e+02
  9.503870e-01   1.667735e+04   5.379790e+02
  9.530310e-01   1.593444e+04   5.137470e+02
  9.556740e-01   1.535914e+04   5.108375e+02
  9.583170e-01   1.601365e+04   5.179184e+02
  9.609610e-01   1.592916e+04   5.143795e+02
  9.636040e-01   1.632346e+04   5.243850e+02
  9.662480e-01   1.511589e+04   4.964709e+02
  9.688910e-01   1.523395e+04   5.027952e+02
  9.715340e-01   1.525071e+04   5.014403e+02
  9.741780e-01   1.535719e+04   4.974683e+02
  9.768210e-01   1.586044e+04   5.071609e+02
  9.794640e-01   1.528794e+04   4.921361e+02
  9.821080e-01   1.649773e+04   5.163110e+02
  9.847510e-01   1.553776e+04   5.035816e+02
  9.873950e-01   1.618116e+04   5.206202e+02
  9.900380e-01   1.664034e+04   5.379057e+02
  9.926810e-01   1.545213e+04   5.170857e+02
  9.953250e-01   1.544039e+04   5.259017e+02
  9.979680e-01   1.577924e+04   5.295166e+02
  1.000610e+00   1.492812e+04   5.213127e+02
  1.003250e+00   1.536821e+04   5.305694e+02
  1.005900e+00   1.599617e+04   5.432584e+02
  1.008540e+00   1.512794e+04   5.302341e+02
  1.011190e+00   1.559256e+04   5.383149e+02
  1.013830e+00   1.568094e+04   5.476020e+02
  1.016470e+00   1.422791e+04   5.188383e+02
  1.019120e+00   1.604428e+04   5.539099e+02
  1.021760e+00   1.533672e+04   5.415584e+02
  1.024400e+00   1.489060e+04   5.341972e+02
  1.027050e+00   1.505679e+04   5.415552e+02
  1.029690e+00   1.446176e+04   5.270157e+02
  1.032330e+00   1.506866e+04   5.444528e+02
  1.034980e+00   1.495695e+04   5.418333e+02
  1.037620e+00   1.476740e+04   5.377969e+02
  1.040260e+00   1.423465e+04   5.282974e+02
  1.042910e+00   1.456247e+04   5.135787e+02
  1.045550e+00   1.423599e+04   5.130295e+02
  1.048190e+00   1.413960e+04   5.040223e+02
  1.050840e+00   1.528927e+04   5.204529e+02
  1.053480e+00   1.489031e+04   5.113355e+02
  1.056120e+00   1.446806e+04   4.988986e+02
  1.058770e+00   1.521706e+04   5.141369e+02
  1.061410e+00   1.494643e+04   5.058601e+02
  1.064050e+00   1.427515e+04   4.922466e+02
  1.066700e+00   1.396281e+04   4.840734e+02
  1.069340e+00   1.410827e+04   4.847658e+02
  1.071980e+00   1.448412e+04   4.941919e+02
  1.074630e+00   1.401055e+04   4.777558e+02
  1.077270e+00   1.402253e+04   4.823898e+02
  1.079910e+00   1.406885e+04   4.791870e+02
  1.082560e+00   1.361880e+04   4.665723e+02
  1.085200e+00   1.460136e+04   4.861721e+02
  1.087840e+00   1.416678e+04   4.724886e+02
  1.090490e+00   1.362348e+04   4.672816e+02
  1.093130e+00   1.445726e+04   4.779423e+02
  1.095770e+00   1.360778e+04   4.634829e+02
  1.098420e+00   1.505902e+04   4.862812e+02
  1.101060e+00   1.492497e+04   4.822040e+02
  1.103700e+00   1.376065e+04   4.654610e+02
  1.106350e+00   1.383279e+04   4.634160e+02
  1.108990e+00   1.467844e+04   4.744865e+02
  1.111630e+00   1.378739e+04   4.590698e+02
  1.114280e+00   1.358430e+04   4.550912e+02
  1.116920e+00   1.371338e+04   4.620155e+02
  1.119560e+00   1.353207e+04   4.505686e+02
  1.122210e+00   1.313093e+04   4.472412e+02
  1.124850e+00   1.338597e+04   4.502189e+02
  1.127490e+00   1.352644e+04   4.531529e+02
  1.130140e+00   1.353432e+04   4.536714e+02
  1.132780e+00   1.315308e+04   4.444014e+02
  1.135420e+00   1.366008e+04   4.530763e+02
  1.138070e+00   1.373959e+04   4.524893e+02
  1.140710e+00   1.391042e+04   4.566318e+02
  1.143350e+00   1.272411e+04   4.361768e+02
  1.146000e+00   1.325999e+04   4.424915e+02
  1.148640e+00   1.316093e+04   4.441600e+02
  1.151280e+00   1.246857e+04   4.276685e+02
  1.153930e+00   1.366556e+04   4.488359e+02
  1.156570e+00   1.310710e+04   4.381219e+02
  1.159220e+00   1.351265e+04   4.435746e+02
  1.161860e+00   1.292442e+04   4.366758e+02
  1.164500e+00   1.366457e+04   4.426387e+02
  1.167150e+00   1.288900e+04   4.337493e+02
  1.169790e+00   1.331714e+04   4.357501e+02
  1.172430e+00   1.312492e+04   4.355659e+02
  1.175080e+00   1.410785e+04   4.515812e+02
  1.177720e+00   1.353678e+04   4.375820e+02
  1.180360e+00   1.326610e+04   4.373705e+02
  1.183010e+00   1.322194e+04   4.326351e+02
  1.185650e+00   1.329904e+04   4.363275e+02
  1.188290e+00   1.278095e+04   4.248533e+02
  1.190940e+00   1.301297e+04   4.271717e+02
  1.193580e+00   1.244469e+04   4.202272e+02
  1.196220e+00   1.270862e+04   4.208244e+02
  1.198870e+00   1.324454e+04   4.306170e+02
  1.201510e+00   1.332189e+04   4.301864e+02
  1.204150e+00   1.272255e+04   4.210551e+02
  1.206800e+00   1.268855e+04   4.213163e+02
  1.209440e+00   1.267759e+04   4.170623e+02
  1.212080e+00   1.255787e+04   4.176684e+02
  1.214730e+00   1.222642e+04   4.105229e+02
  1.217370e+00   1.333282e+04   4.272111e+02
  1.220010e+00   1.242522e+04   4.125726e+02
  1.222660e+00   1.202497e+04   4.017260e+02
  1.225300e+00   1.273248e+04   4.179640e+02
  1.227940e+00   1.267605e+04   4.154409e+02
  1.230590e+00   1.220660e+04   4.064354e+02
  1.233230e+00   1.308983e+04   4.207231e+02
  1.235870e+00   1.256268e+04   4.095318e+02
  1.238520e+00   1.144392e+04   3.936829e+02
  1.241160e+00   1.356835e+04   4.267284e+02
  1.243800e+00   1.240705e+04   4.053207e+02
  1.246450e+00   1.241583e+04   4.071311e+02
  1.249090e+00   1.237689e+04   4.069497e+02
  1.251730e+00   1.245314e+04   4.083546e+02
  1.254380e+00   1.265596e+04   4.063584e+02
  1.257020e+00   1.273621e+04   4.112736e+02
  1.259660e+00   1.226538e+04   4.004789e+02
  1.262310e+00   1.277009e+04   4.104463e+02
  1.264950e+00   1.268714e+04   4.092625e+02
  1.267590e+00   1.234178e+04   3.989532e+02
  1.270240e+00   1.308999e+04   4.131164e+02
  1.272880e+00   1.227989e+04   3.992538e+02
  1.275520e+00   1.166436e+04   3.901145e+02
  1.278170e+00   1.295614e+04   4.078779e+02
  1.280810e+00   1.266932e+04   4.055351e+02
  1.283450e+00   1.154985e+04   3.865009e+02
  1.286100e+00   1.249256e+04   4.000822e+02
  1.288740e+00   1.162463e+04   3.866295e+02
  1.291380e+00   1.209174e+04   3.902593e+02
  1.294030e+00   1.171870e+04   3.884710e+02
  1.296670e+00   1.162965e+04   3.861561e+02
  1.299310e+00   1.168043e+04   3.834288e+02
  1.301960e+00   1.170955e+04   3.841780e+02
  1.304600e+00   1.229931e+04   3.924867e+02
  1.307240e+00   1.267762e+04   4.023122e+02
  1.309890e+00   1.227261e+04   3.912365e+02
  1.312530e+00   1.158540e+04   3.809255e+02
  1.315180e+00   1.196473e+04   3.857584e+02
  1.317820e+00   1.193132e+04   3.842820e+02
  1.320460e+00   1.228037e+04   3.910865e+02
  1.323110e+00   1.168324e+04   3.768789e+02
  1.325750e+00   1.182434e+04   3.816288e+02
  1.328390e+00   1.149932e+04   3.746680e+02
  1.331040e+00   1.162246e+04   3.758971e+02
  1.333680e+00   1.127134e+04   3.722123e+02
  1.336320e+00   1.206221e+04   3.808696e+02
  1.338970e+00   1.243788e+04   3.905957e+02
  1.341610e+00   1.158904e+04   3.759981e+02
  1.344250e+00   1.176564e+04   3.760315e+02
  1.346900e+00   1.163562e+04   3.753427e+02
  1.349540e+00   1.209612e+04   3.794889e+02
  1.352180e+00   1.117118e+04   3.689049e+02
  1.354830e+00   1.161413e+04   3.730998e+02
  1.357470e+00   1.104286e+04   3.646675e+02
  1.360110e+00   1.172103e+04   3.759523e+02
  1.362760e+00   1.081921e+04   3.614446e+02
  1.365400e+00   1.150950e+04   3.738111e+02
  1.368040e+00   1.118497e+04   3.634627e+02
  1.370690e+00   1.221031e+04   3.830714e+02
  1.373330e+00   1.172897e+04   3.762068e+02
  1.375970e+00   1.197334e+04   3.780635e+02
  1.378620e+00   1.150550e+04   3.717260e+02
  1.381260e+00   1.155176e+04   3.690076e+02
  1.383900e+00   1.186587e+04   3.767416e+02
  1.386550e+00   1.215078e+04   3.797118e+02
  1.389190e+00   1.145577e+04   3.682025e+02
  1.391830e+00   1.139853e+04   3.665519e+02
  1.394480e+00   1.154761e+04   3.690634e+02
  1.397120e+00   1.121068e+04   3.654578e+02
  1.399760e+00   1.124473e+04   3.631113e+02
  1.402410e+00   1.116100e+04   3.602197e+02
  1.405050e+00   1.190936e+04   3.749235e+02
  1.407690e+00   1.102195e+04   3.594963e+02
  1.410340e+00   1.123172e+04   3.632599e+02
  1.412980e+00   1.111749e+04   3.588154e+02
  1.415620e+00   1.137127e+04   3.632418e+02
  1.418270e+00   1.125213e+04   3.633503e+02
  1.420910e+00   1.132800e+04   3.627864e+02
  1.423550e+00   1.158361e+04   3.668565e+02
  1.426200e+00   1.158130e+04   3.658673e+02
  1.428840e+00   1.099183e+04   3.564347e+02
  1.431480e+00   1.124309e+04   3.602519e+02
  1.434130e+00   1.056836e+04   3.469235e+02
  1.436770e+00   1.104409e+04   3.568185e+02
  1.439410e+00   1.181611e+04   3.701581e+02
  1.442060e+00   1.097136e+04   3.548392e+02
  1.444700e+00   1.074656e+04   3.516382e+02
  1.447340e+00   1.163334e+04   3.624813e+02
  1.449990e+00   1.071193e+04   3.499433e+02
  1.452630e+00   1.109630e+04   3.562808e+02
  1.455270e+00   1.119895e+04   3.570096e+02
  1.457920e+00   1.102506e+04   3.525426e+02
  1.460560e+00   1.126594e+04   3.562604e+02
  1.463200e+00   1.058189e+04   3.473674e+02
  1.465850e+00   1.108418e+04   3.537103e+02
  1.468490e+00   1.081366e+04   3.499218e+02
  1.471140e+00   1.169581e+04   3.612849e+02
  1.473780e+00   1.106395e+04   3.545117e+02
  1.476420e+00   1.019887e+04   3.386479e+02
  1.479070e+00   1.123582e+04   3.547761e+02
  1.481710e+00   1.113365e+04   3.517253e+02
  1.484350e+00   1.143365e+04   3.564326e+02
  1.487000e+00   1.076813e+04   3.486311e+02
  1.489640e+00   1.107036e+04   3.492035e+02
  1.492280e+00   1.144230e+04   3.575719e+02
  1.494930e+00   1.108822e+04   3.495932e+02
  1.497570e+00   1.082054e+04   3.470690e+02
  1.500210e+00   1.115587e+04   3.520761e+02
  1.502860e+00   1.082094e+04   3.446089e+02
  1.505500e+00   1.122419e+04   3.537043e+02
  1.508140e+00   1.117640e+04   3.509805e+02
  1.510790e+00   1.150136e+04   3.552783e+02
  1.513430e+00   1.117491e+04   3.504158e+02
  1.516070e+00   1.093345e+04   3.452286e+02
  1.518720e+00   1.091007e+04   3.470955e+02
  1.521360e+00   1.108075e+04   3.471220e+02
  1.524000e+00   1.093593e+04   3.454791e+02
  1.526650e+00   1.081194e+04   3.441479e+02
  1.529290e+00   1.123536e+04   3.488972e+02
  1.531930e+00   1.077550e+04   3.452693e+02
  1.534580e+00   1.133293e+04   3.492432e+02
  1.537220e+00   1.059642e+04   3.383176e+02
  1.539860e+00   1.108897e+04   3.470390e+02
  1.542510e+00   1.052668e+04   3.378173e+02
  1.545150e+00   1.090628e+04   3.457523e+02
  1.547790e+00   1.053212e+04   3.437027e+02
  1.550440e+00   1.118266e+04   3.599825e+02
  1.553080e+00   1.121312e+04   3.605898e+02
  1.555720e+00   1.088186e+04   3.577934e+02
  1.558370e+00   1.058634e+04   3.552543e+02
  1.561010e+00   1.061300e+04   3.547534e+02
  1.563650e+00   1.056343e+04   3.602101e+02
  1.566300e+00   1.105824e+04   3.641839e+02
  1.568940e+00   1.060293e+04   3.605103e+02
  1.571580e+00   1.053494e+04   3.586135e+02
  1.574230e+00   1.080393e+04   3.679833e+02
  1.576870e+00   1.073901e+04   3.679124e+02
  1.579510e+00   1.162567e+04   3.795916e+02
  1.582160e+00   1.058500e+04   3.656529e+02
  1.584800e+00   1.049797e+04   3.628630e+02
  1.587440e+00   1.086153e+04   3.745355e+02
  1.590090e+00   1.120175e+04   3.791219e+02
  1.592730e+00   1.108070e+04   3.743821e+02
  1.595370e+00   1.056792e+04   3.720084e+02
  1.598020e+00   1.034366e+04   3.661616e+02
  1.600660e+00   1.047101e+04   3.681412e+02
  1.603300e+00   1.084328e+04   3.646990e+02
  1.605950e+00   1.109809e+04   3.676960e+02
  1.608590e+00   1.129421e+04   3.705510e+02
  1.611230e+00   1.096964e+04   3.597088e+02
  1.613880e+00   1.100815e+04   3.621416e+02
  1.616520e+00   1.047985e+04   3.489410e+02
  1.619160e+00   1.086550e+04   3.576424e+02
  1.621810e+00   1.119512e+04   3.630266e+02
  1.624450e+00   1.043837e+04   3.448935e+02
  1.627100e+00   1.049213e+04   3.485776e+02
  1.629740e+00   1.095557e+04   3.532216e+02
  1.632380e+00   1.135648e+04   3.627695e+02
  1.635030e+00   1.069363e+04   3.489735e+02
  1.637670e+00   1.066885e+04   3.466910e+02
  1.640310e+00   1.039754e+04   3.454353e+02
  1.642960e+00   1.051485e+04   3.427742e+02
  1.645600e+00   1.051777e+04   3.443365e+02
  1.648240e+00   1.043091e+04   3.407631e+02
  1.650890e+00   1.065343e+04   3.449176e+02
  1.653530e+00   1.056328e+04   3.445361e+02
  1.656170e+00   1.071141e+04   3.449913e+02
  1.658820e+00   1.054334e+04   3.438857e+02
  1.661460e+00   1.007083e+04   3.334786e+02
  1.664100e+00   1.085791e+04   3.495284e+02
  1.666750e+00   1.042545e+04   3.413141e+02
  1.669390e+00   1.044856e+04   3.381074e+02
  1.672030e+00   1.045898e+04   3.418624e+02
  1.674680e+00   1.122777e+04   3.498444e+02
  1.677320e+00   1.072932e+04   3.459273e+02
  1.679960e+00   1.077678e+04   3.433769e+02
  1.682610e+00   1.108752e+04   3.473340e+02
  1.685250e+00   1.091255e+04   3.473502e+02
  1.687890e+00   1.098631e+04   3.463801e+02
  1.690540e+00   1.013599e+04   3.329096e+02
  1.693180e+00   1.058425e+04   3.369005e+02
  1.695820e+00   1.010353e+04   3.316648e+02
  1.698470e+00   1.017969e+04   3.350685e+02
  1.701110e+00   1.108708e+04   3.442927e+02
  1.703750e+00   1.009808e+04   3.331049e+02
  1.706400e+00   1.070638e+04   3.372193e+02
  1.709040e+00   1.025239e+04   3.329822e+02
  1.711680e+00   9.738189e+03   3.244261e+02
  1.714330e+00   1.058723e+04   3.356377e+02
  1.716970e+00   9.956588e+03   3.275477e+02
  1.719610e+00   9.631580e+03   3.217685e+02
  1.722260e+00   1.040195e+04   3.339865e+02
  1.724900e+00   1.013449e+04   3.276015e+02
  1.727540e+00   1.001467e+04   3.259498e+02
  1.730190e+00   1.034488e+04   3.326690e+02
  1.732830e+00   9.543712e+03   3.184778e+02
  1.735470e+00   1.067446e+04   3.372189e+02
  1.738120e+00   9.703248e+03   3.200806e+02
  1.740760e+00   1.063648e+04   3.355174e+02
  1.743400e+00   1.022823e+04   3.289178e+02
  1.746050e+00   1.024173e+04   3.288421e+02
  1.748690e+00   1.026412e+04   3.287149e+02
  1.751330e+00   1.058714e+04   3.324754e+02
  1.753980e+00   9.785024e+03   3.219037e+02
  1.756620e+00   1.048702e+04   3.308028e+02
  1.759260e+00   1.043409e+04   3.304509e+02
  1.761910e+00   1.072287e+04   3.345999e+02
  1.764550e+00   1.028757e+04   3.281226e+02
  1.767190e+00   1.037992e+04   3.305640e+02
  1.769840e+00   1.025064e+04   3.249672e+02
  1.772480e+00   1.022752e+04   3.262071e+02
  1.775120e+00   1.090705e+04   3.345345e+02
  1.777770e+00   1.071221e+04   3.324914e+02
  1.780410e+00   1.022155e+04   3.260168e+02
  1.783060e+00   1.001700e+04   3.194927e+02
  1.785700e+00   1.078062e+04   3.341324e+02
  1.788340e+00   1.051664e+04   3.289665e+02
  1.790990e+00   1.014368e+04   3.214147e+02
  1.793630e+00   1.022277e+04   3.249009e+02
  1.796270e+00   1.060467e+04   3.274232e+02
  1.798920e+00   1.065421e+04   3.324575e+02
  1.801560e+00   1.053068e+04   3.274887e+02
  1.804200e+00   1.009717e+04   3.205854e+02
  1.806850e+00   1.032594e+04   3.247538e+02
  1.809490e+00   1.058987e+04   3.282202e+02
  1.812130e+00   1.043767e+04   3.308965e+02
  1.814780e+00   1.001515e+04   3.184634e+02
  1.817420e+00   1.076361e+04   3.328067e+02
  1.820060e+00   9.932455e+03   3.200689e+02
  1.822710e+00   1.063597e+04   3.309231e+02
  1.825350e+00   1.063966e+04   3.323270e+02
  1.827990e+00   1.052789e+04   3.281962e+02
  1.830640e+00   9.994539e+03   3.234157e+02
  1.833280e+00   9.900374e+03   3.185393e+02
  1.835920e+00   1.037411e+04   3.280582e+02
  1.838570e+00   9.992310e+03   3.214973e+02
  1.841210e+00   1.018295e+04   3.224974e+02
  1.843850e+00   1.011532e+04   3.261309e+02
  1.846500e+00   9.917483e+03   3.190898e+02
  1.849140e+00   1.003177e+04   3.225998e+02
  1.851780e+00   1.014717e+04   3.253033e+02
  1.854430e+00   1.065646e+04   3.317211e+02
  1.857070e+00   1.031179e+04   3.288951e+02
  1.859710e+00   1.033881e+04   3.246771e+02
  1.862360e+00   1.000574e+04   3.229338e+02
  1.865000e+00   1.053820e+04   3.304502e+02
  1.867640e+00   1.060010e+04   3.319021e+02
  1.870290e+00   1.022752e+04   3.262071e+02
  1.872930e+00   1.069567e+04   3.302329e+02
  1.875570e+00   1.032228e+04   3.290624e+02
  1.878220e+00   1.052360e+04   3.303172e+02
  1.880860e+00   1.050766e+04   3.294924e+02
  1.883500e+00   1.008556e+04   3.251716e+02
  1.886150e+00   9.989677e+03   3.187834e+02
  1.888790e+00   1.041410e+04   3.308149e+02
  1.891430e+00   1.069978e+04   3.311500e+02
  1.894080e+00   1.023659e+04   3.268291e+02
  1.896720e+00   1.043485e+04   3.299789e+02
  1.899360e+00   1.065848e+04   3.319450e+02
  1.902010e+00   1.011560e+04   3.254641e+02
  1.904650e+00   1.088317e+04   3.330197e+02
  1.907290e+00   1.010093e+04   3.246563e+02
  1.909940e+00   9.848857e+03   3.185348e+02
  1.912580e+00   1.030130e+04   3.287278e+02
  1.915220e+00   1.053161e+04   3.307316e+02
  1.917870e+00   1.053999e+04   3.285735e+02
  1.920510e+00   1.049191e+04   3.303002e+02
  1.923150e+00   1.021115e+04   3.258509e+02
  1.925800e+00   1.018736e+04   3.244318e+02
  1.928440e+00   1.037752e+04   3.284948e+02
  1.931080e+00   9.816904e+03   3.178340e+02
  1.933730e+00   1.063715e+04   3.335531e+02
  1.936370e+00   1.075563e+04   3.333576e+02
  1.939020e+00   1.025374e+04   3.253928e+02
  1.941660e+00   1.027160e+04   3.259593e+02
  1.944300e+00   1.000519e+04   3.220786e+02
  1.946950e+00   9.725280e+03   3.185621e+02
  1.949590e+00   1.054374e+04   3.290103e+02
  1.952230e+00   1.019630e+04   3.257090e+02
  1.954880e+00   1.007820e+04   3.225954e+02
  1.957520e+00   1.040265e+04   3.287963e+02
  1.960160e+00   1.024651e+04   3.256556e+02
  1.962810e+00   1.036061e+04   3.263287e+02
  1.965450e+00   9.689213e+03   3.180640e+02
  1.968090e+00   9.980314e+03   3.202835e+02
  1.970740e+00   1.051561e+04   3.299041e+02
  1.973380e+00   1.032113e+04   3.258942e+02
  1.976020e+00   1.033739e+04   3.262450e+02
  1.978670e+00   9.807213e+03   3.205588e+02
  1.981310e+00   1.007550e+04   3.221791e+02
  1.983950e+00   9.845031e+03   3.195832e+02
  1.986600e+00   9.792255e+03   3.167041e+02
  1.989240e+00   9.570501e+03   3.151877e+02
  1.991880e+00   1.019919e+04   3.248084e+02
  1.994530e+00   1.025972e+04   3.225117e+02
  1.997170e+00   9.907337e+03   3.222857e+02
  1.999810e+00   1.001893e+04   3.190678e+02
  2.002460e+00   9.962181e+03   3.203621e+02
  2.005100e+00   1.061169e+04   3.296892e+02
  2.007740e+00   9.998608e+03   3.187440e+02
  2.010390e+00   1.043813e+04   3.292606e+02
  2.013030e+00   1.033393e+04   3.240447e+02
  2.015670e+00   1.047797e+04   3.264815e+02
  2.018320e+00   1.060709e+04   3.267201e+02
  2.020960e+00   9.971752e+03   3.188615e+02
  2.023600e+00   1.045027e+04   3.268904e+02
  2.026250e+00   1.071174e+04   3.282352e+02
  2.028890e+00   1.050268e+04   3.283690e+02
  2.031530e+00   1.014121e+04   3.197354e+02
  2.034180e+00   1.042732e+04   3.268125e+02
  2.036820e+00   9.981536e+03   3.181998e+02
  2.039460e+00   9.414260e+03   3.077147e+02
  2.042110e+00   1.075297e+04   3.316861e+02
  2.044750e+00   1.057623e+04   3.271695e+02
  2.047390e+00   1.038117e+04   3.266522e+02
  2.050040e+00   9.980725e+03   3.165694e+02
  2.052680e+00   9.871202e+03   3.158077e+02
  2.055320e+00   1.032220e+04   3.254417e+02
  2.057970e+00   1.049818e+04   3.252221e+02
  2.060610e+00   1.040335e+04   3.249462e+02
  2.063250e+00   1.012678e+04   3.195982e+02
  2.065900e+00   9.911668e+03   3.172648e+02
  2.068540e+00   1.081218e+04   3.324072e+02
  2.071180e+00   9.865972e+03   3.140373e+02
  2.073830e+00   1.036419e+04   3.256347e+02
  2.076470e+00   1.053708e+04   3.251814e+02
  2.079110e+00   1.078609e+04   3.328658e+02
  2.081760e+00   1.018585e+04   3.203478e+02
  2.084400e+00   1.008890e+04   3.172986e+02
  2.087040e+00   1.009374e+04   3.214502e+02
  2.089690e+00   1.026249e+04   3.222802e+02
  2.092330e+00   1.009546e+04   3.210169e+02
  2.094980e+00   1.018728e+04   3.199185e+02
  2.097620e+00   1.036977e+04   3.229533e+02
  2.100260e+00   9.975858e+03   3.180188e+02
  2.102910e+00   1.041928e+04   3.241811e+02
  2.105550e+00   9.947089e+03   3.193818e+02
  2.108190e+00   9.915532e+03   3.228942e+02
  2.110840e+00   1.056445e+04   3.400817e+02
  2.113480e+00   1.021290e+04   3.363438e+02
  2.116120e+00   1.001499e+04   3.316293e+02
  2.118770e+00   9.714289e+03   3.314472e+02
  2.121410e+00   9.693060e+03   3.290039e+02
  2.124050e+00   1.011243e+04   3.442312e+02
  2.126700e+00   1.038228e+04   3.447379e+02
  2.129340e+00   9.838050e+03   3.386396e+02
  2.131980e+00   1.075530e+04   3.571237e+02
  2.134630e+00   9.862143e+03   3.412935e+02
  2.137270e+00   1.028563e+04   3.544662e+02
  2.139910e+00   1.033270e+04   3.491095e+02
  2.142560e+00   9.960118e+03   3.495316e+02
  2.145200e+00   1.022997e+04   3.542350e+02
  2.147840e+00   9.711415e+03   3.457355e+02
  2.150490e+00   9.908393e+03   3.503146e+02
  2.153130e+00   1.047252e+04   3.566955e+02
  2.155770e+00   9.890285e+03   3.534499e+02
  2.158420e+00   9.641801e+03   3.499752e+02
  2.161060e+00   1.017914e+04   3.539633e+02
  2.163700e+00   9.760632e+03   3.416905e+02
  2.166350e+00   9.445811e+03   3.312790e+02
  2.168990e+00   1.017096e+04   3.460231e+02
  2.171630e+00   1.063595e+04   3.502765e+02
  2.174280e+00   9.843082e+03   3.354513e+02
  2.176920e+00   1.005058e+04   3.409426e+02
  2.179560e+00   1.024863e+04   3.393660e+02
  2.182210e+00   1.003511e+04   3.358123e+02
  2.184850e+00   1.004411e+04   3.348038e+02
  2.187490e+00   1.042271e+04   3.415905e+02
  2.190140e+00   1.009879e+04   3.379431e+02
  2.192780e+00   9.703235e+03   3.289705e+02
  2.195420e+00   1.056852e+04   3.405659e+02
  2.198070e+00   9.709476e+03   3.269351e+02
  2.200710e+00   9.620723e+03   3.265486e+02
  2.203350e+00   9.770491e+03   3.312507e+02
  2.206000e+00   1.006847e+04   3.323089e+02
  2.208640e+00   1.027597e+04   3.369622e+02
  2.211280e+00   1.004816e+04   3.338276e+02
  2.213930e+00   9.610400e+03   3.252627e+02
  2.216570e+00   1.028575e+04   3.376463e+02
  2.219210e+00   9.602713e+03   3.233402e+02
  2.221860e+00   1.030911e+04   3.375052e+02
  2.224500e+00   1.038829e+04   3.390091e+02
  2.227140e+00   9.982492e+03   3.320127e+02
  2.229790e+00   9.688419e+03   3.267823e+02
  2.232430e+00   9.603613e+03   3.248470e+02
  2.235070e+00   9.827483e+03   3.303472e+02
  2.237720e+00   9.895336e+03   3.316924e+02
  2.240360e+00   1.031259e+04   3.379814e+02
  2.243010e+00   9.149219e+03   3.181495e+02
  2.245650e+00   1.057636e+04   3.420641e+02
  2.248290e+00   9.948340e+03   3.321654e+02
  2.250940e+00   1.021164e+04   3.383266e+02
  2.253580e+00   9.754328e+03   3.267823e+02
  2.256220e+00   9.406746e+03   3.236019e+02
  2.258870e+00   1.072052e+04   3.465452e+02
  2.261510e+00   1.056079e+04   3.419183e+02
  2.264150e+00   9.949903e+03   3.333343e+02
  2.266800e+00   1.059579e+04   3.432314e+02
  2.269440e+00   1.066240e+04   3.448468e+02
  2.272080e+00   1.008642e+04   3.367759e+02
  2.274730e+00   9.783725e+03   3.286907e+02
  2.277370e+00   1.060876e+04   3.441937e+02
  2.280010e+00   1.015429e+04   3.356905e+02
  2.282660e+00   1.016051e+04   3.366328e+02
  2.285300e+00   9.628495e+03   3.271896e+02
  2.287940e+00   9.916236e+03   3.309091e+02
  2.290590e+00   1.097997e+04   3.518209e+02
  2.293230e+00   1.073750e+04   3.431721e+02
  2.295870e+00   9.920195e+03   3.334637e+02
  2.298520e+00   1.006746e+04   3.337330e+02
  2.301160e+00   1.010624e+04   3.359429e+02
  2.303800e+00   1.057512e+04   3.471453e+02
  2.306450e+00   1.002323e+04   3.313577e+02
  2.309090e+00   1.033560e+04   3.411257e+02
  2.311730e+00   1.041602e+04   3.400951e+02
  2.314380e+00   9.744879e+03   3.301926e+02
  2.317020e+00   9.897755e+03   3.340330e+02
  2.319660e+00   9.797544e+03   3.284144e+02
  2.322310e+00   9.994792e+03   3.367331e+02
  2.324950e+00   9.732583e+03   3.286460e+02
  2.327590e+00   9.887795e+03   3.331283e+02
  2.330240e+00   9.810985e+03   3.331985e+02
  2.332880e+00   9.980282e+03   3.324914e+02
  2.335520e+00   9.721485e+03   3.330526e+02
  2.338170e+00   9.952226e+03   3.328522e+02
  2.340810e+00   9.880472e+03   3.317538e+02
  2.343450e+00   1.008791e+04   3.370134e+02
  2.346100e+00   9.529201e+03   3.257014e+02
  2.348740e+00   1.069137e+04   3.476065e+02
  2.351380e+00   9.988680e+03   3.322186e+02
  2.354030e+00   1.001063e+04   3.342453e+02
  2.356670e+00   1.036467e+04   3.417130e+02
  2.359310e+00   9.874300e+03   3.315466e+02
  2.361960e+00   1.040219e+04   3.414687e+02
  2.364600e+00   9.809148e+03   3.297309e+02
  2.367240e+00   1.035706e+04   3.420202e+02
  2.369890e+00   9.602856e+03   3.272645e+02
  2.372530e+00   9.971701e+03   3.353846e+02
  2.375170e+00   9.608968e+03   3.288121e+02
  2.377820e+00   1.001351e+04   3.330445e+02
  2.380460e+00   9.833617e+03   3.335826e+02
  2.383100e+00   1.060088e+04   3.421418e+02
  2.385750e+00   9.535438e+03   3.274483e+02
  2.388390e+00   9.706324e+03   3.285093e+02
  2.391030e+00   1.012528e+04   3.365756e+02
  2.393680e+00   1.080064e+04   3.469664e+02
  2.396320e+00   9.703482e+03   3.267332e+02
  2.398970e+00   9.852939e+03   3.323314e+02
  2.401610e+00   1.033630e+04   3.365963e+02
  2.404250e+00   1.020531e+04   3.388617e+02
  2.406900e+00   1.027166e+04   3.377302e+02
  2.409540e+00   1.003973e+04   3.324487e+02
  2.412180e+00   1.038151e+04   3.426409e+02
  2.414830e+00   1.020326e+04   3.349385e+02
  2.417470e+00   1.039003e+04   3.418069e+02
  2.420110e+00   1.023811e+04   3.364453e+02
  2.422760e+00   1.008289e+04   3.346123e+02
  2.425400e+00   9.743989e+03   3.311142e+02
  2.428040e+00   1.090396e+04   3.474292e+02
  2.430690e+00   9.620220e+03   3.290046e+02
  2.433330e+00   9.137594e+03   3.175533e+02
  2.435970e+00   9.622014e+03   3.294515e+02
  2.438620e+00   1.007665e+04   3.368253e+02
  2.441260e+00   1.028575e+04   3.376463e+02
  2.443900e+00   1.034795e+04   3.407917e+02
  2.446550e+00   9.980282e+03   3.324914e+02
  2.449190e+00   9.800247e+03   3.320687e+02
  2.451830e+00   1.095145e+04   3.503678e+02
  2.454480e+00   1.019237e+04   3.369493e+02
  2.457120e+00   1.023303e+04   3.407228e+02
  2.459760e+00   9.925029e+03   3.325010e+02
  2.462410e+00   9.947828e+03   3.347711e+02
  2.465050e+00   9.839395e+03   3.316859e+02
  2.467690e+00   1.014438e+04   3.372106e+02
  2.470340e+00   9.789468e+03   3.330444e+02
  2.472980e+00   9.882795e+03   3.331490e+02
  2.475620e+00   9.784585e+03   3.309685e+02
  2.478270e+00   1.023716e+04   3.384300e+02
  2.480910e+00   9.814921e+03   3.329484e+02
  2.483550e+00   1.033152e+04   3.419234e+02
  2.486200e+00   9.811499e+03   3.322593e+02
  2.488840e+00   1.022801e+04   3.399904e+02
  2.491480e+00   1.007566e+04   3.358553e+02
  2.494130e+00   9.624723e+03   3.301253e+02
  2.496770e+00   9.847618e+03   3.332914e+02
  2.499410e+00   1.001896e+04   3.356477e+02
  2.502060e+00   1.051347e+04   3.462426e+02
  2.504700e+00   1.017161e+04   3.375567e+02
  2.507340e+00   1.075470e+04   3.487451e+02
  2.509990e+00   1.012044e+04   3.366008e+02
  2.512630e+00   1.006433e+04   3.381177e+02
  2.515270e+00   9.926723e+03   3.355845e+02
  2.517920e+00   1.052541e+04   3.458864e+02
  2.520560e+00   9.911559e+03   3.346896e+02
  2.523200e+00   9.924016e+03   3.341590e+02
  2.525850e+00   9.522198e+03   3.297267e+02
  2.528490e+00   9.320035e+03   3.252715e+02
  2.531130e+00   9.791217e+03   3.323356e+02
  2.533780e+00   9.551529e+03   3.289721e+02
  2.536420e+00   1.014228e+04   3.392084e+02
  2.539060e+00   1.048463e+04   3.469906e+02
  2.541710e+00   1.066221e+04   3.459277e+02
  2.544350e+00   9.671949e+03   3.313555e+02
  2.546990e+00   1.009650e+04   3.391987e+02
  2.549640e+00   1.017461e+04   3.410538e+02
  2.552280e+00   1.011591e+04   3.398506e+02
  2.554930e+00   1.008199e+04   3.360664e+02
  2.557570e+00   9.839510e+03   3.347469e+02
  2.560210e+00   1.010824e+04   3.386388e+02
  2.562860e+00   9.849097e+03   3.366352e+02
  2.565500e+00   1.023664e+04   3.419822e+02
  2.568140e+00   1.010858e+04   3.378925e+02
  2.570790e+00   9.936053e+03   3.382272e+02
  2.573430e+00   1.012322e+04   3.378161e+02
  2.576070e+00   1.028541e+04   3.424667e+02
  2.578720e+00   1.015987e+04   3.411350e+02
  2.581360e+00   1.080303e+04   3.508661e+02
  2.584000e+00   9.655417e+03   3.337400e+02
  2.586650e+00   1.035967e+04   3.430430e+02
  2.589290e+00   1.008705e+04   3.384992e+02
  2.591930e+00   1.020880e+04   3.408619e+02
  2.594580e+00   1.001018e+04   3.393769e+02
  2.597220e+00   9.766667e+03   3.359836e+02
  2.599860e+00   9.920301e+03   3.344133e+02
  2.602510e+00   1.012027e+04   3.413481e+02
  2.605150e+00   9.985295e+03   3.377576e+02
  2.607790e+00   1.012889e+04   3.402866e+02
  2.610440e+00   9.887477e+03   3.369643e+02
  2.613080e+00   1.013895e+04   3.394770e+02
  2.615720e+00   9.888586e+03   3.391757e+02
  2.618370e+00   9.704878e+03   3.328746e+02
  2.621010e+00   9.983920e+03   3.375181e+02
  2.623650e+00   1.014825e+04   3.417094e+02
  2.626300e+00   1.029071e+04   3.432142e+02
  2.628940e+00   9.650579e+03   3.351785e+02
  2.631580e+00   9.948361e+03   3.367010e+02
  2.634230e+00   1.034314e+04   3.441980e+02
  2.636870e+00   1.002025e+04   3.393286e+02
  2.639510e+00   9.706916e+03   3.333369e+02
  2.642160e+00   1.062865e+04   3.511806e+02
  2.644800e+00   9.871221e+03   3.348582e+02
  2.647440e+00   1.032762e+04   3.469632e+02
  2.650090e+00   9.589775e+03   3.320667e+02
  2.652730e+00   9.730930e+03   3.351510e+02
  2.655370e+00   9.882471e+03   3.360141e+02
  2.658020e+00   9.744467e+03   3.346264e+02
  2.660660e+00   1.069594e+04   3.514905e+02
  2.663300e+00   9.915539e+03   3.373335e+02
  2.665950e+00   1.028820e+04   3.472099e+02
  2.668590e+00   9.817705e+03   3.455996e+02
  2.671230e+00   9.645091e+03   3.478109e+02
  2.673880e+00   9.810202e+03   3.549206e+02
  2.676520e+00   9.562478e+03   3.494053e+02
  2.679160e+00   1.071745e+04   3.765728e+02
  2.681810e+00   1.075190e+04   3.773175e+02
  2.684450e+00   1.014586e+04   3.699816e+02
  2.687090e+00   9.414751e+03   3.578951e+02
  2.689740e+00   9.700459e+03   3.632850e+02
  2.692380e+00   1.090813e+04   3.923381e+02
  2.695020e+00   1.028072e+04   3.799863e+02
  2.697670e+00   1.024344e+04   3.820157e+02
  2.700310e+00   9.555039e+03   3.696956e+02
  2.702950e+00   9.930213e+03   3.774900e+02
  2.705600e+00   1.009167e+04   3.858648e+02
  2.708240e+00   1.045483e+04   3.901709e+02
  2.710890e+00   9.363226e+03   3.724491e+02
  2.713530e+00   9.740499e+03   3.814674e+02
  2.716170e+00   9.430173e+03   3.793372e+02
  2.718820e+00   9.243126e+03   3.776639e+02
  2.721460e+00   1.000391e+04   3.856225e+02
  2.724100e+00   1.025378e+04   3.826676e+02
  2.726750e+00   9.907750e+03   3.728831e+02
  2.729390e+00   9.757067e+03   3.693104e+02
  2.732030e+00   9.399655e+03   3.570634e+02
  2.734680e+00   1.017285e+04   3.704733e+02
  2.737320e+00   9.925390e+03   3.651114e+02
  2.739960e+00   1.050812e+04   3.731542e+02
  2.742610e+00   1.017496e+04   3.669185e+02
  2.745250e+00   1.014007e+04   3.621453e+02
  2.747890e+00   9.883988e+03   3.604319e+02
  2.750540e+00   9.796596e+03   3.584387e+02
  2.753180e+00   1.009193e+04   3.579237e+02
  2.755820e+00   1.027734e+04   3.656512e+02
  2.758470e+00   1.058184e+04   3.666392e+02
  2.761110e+00   9.649657e+03   3.535361e+02
  2.763750e+00   9.496029e+03   3.493171e+02
  2.766400e+00   1.020423e+04   3.587618e+02
  2.769040e+00   9.394431e+03   3.455797e+02
  2.771680e+00   9.645091e+03   3.478109e+02
  2.774330e+00   9.556557e+03   3.494223e+02
  2.776970e+00   1.003707e+04   3.553085e+02
  2.779610e+00   1.023272e+04   3.579977e+02
  2.782260e+00   1.020814e+04   3.611380e+02
  2.784900e+00   1.039555e+04   3.593229e+02
  2.787540e+00   9.752533e+03   3.512289e+02
  2.790190e+00   9.332176e+03   3.398578e+02
  2.792830e+00   9.862326e+03   3.524508e+02
  2.795470e+00   9.919719e+03   3.535998e+02
  2.798120e+00   1.040897e+04   3.589298e+02
  2.800760e+00   9.479640e+03   3.440891e+02
  2.803400e+00   1.033273e+04   3.573649e+02
  2.806050e+00   9.710139e+03   3.481253e+02
  2.808690e+00   9.950713e+03   3.498484e+02
  2.811330e+00   1.011958e+04   3.523185e+02
  2.813980e+00   9.296650e+03   3.399192e+02
  2.816620e+00   9.246375e+03   3.356221e+02
  2.819260e+00   1.015945e+04   3.560886e+02
  2.821910e+00   1.024196e+04   3.535918e+02
  2.824550e+00   9.435559e+03   3.391542e+02
  2.827190e+00   1.019330e+04   3.561828e+02
  2.829840e+00   9.724796e+03   3.436088e+02
  2.832480e+00   9.503806e+03   3.424934e+02
  2.835120e+00   9.917678e+03   3.467635e+02
  2.837770e+00   9.913813e+03   3.491992e+02
  2.840410e+00   9.872753e+03   3.488366e+02
  2.843050e+00   9.338034e+03   3.373969e+02
  2.845700e+00   9.889213e+03   3.487656e+02
  2.848340e+00   9.122246e+03   3.315537e+02
  2.850980e+00   9.614890e+03   3.444892e+02
  2.853630e+00   9.729253e+03   3.446278e+02
  2.856270e+00   9.147946e+03   3.331486e+02
  2.858910e+00   9.439949e+03   3.426484e+02
  2.861560e+00   1.030815e+04   3.546110e+02
  2.864200e+00   9.545224e+03   3.444336e+02
  2.866850e+00   9.454961e+03   3.398515e+02
  2.869490e+00   1.026638e+04   3.540130e+02
  2.872130e+00   9.460227e+03   3.415890e+02
  2.874780e+00   9.385566e+03   3.400032e+02
  2.877420e+00   9.956142e+03   3.498232e+02
  2.880060e+00   9.227453e+03   3.349353e+02
  2.882710e+00   9.587480e+03   3.417567e+02
  2.885350e+00   8.948492e+03   3.327980e+02
  2.887990e+00   9.847146e+03   3.470663e+02
  2.890640e+00   9.794469e+03   3.478118e+02
  2.893280e+00   1.031198e+04   3.551635e+02
  2.895920e+00   9.987081e+03   3.494037e+02
  2.898570e+00   9.939595e+03   3.488114e+02
  2.901210e+00   1.009224e+04   3.505179e+02
  2.903850e+00   9.553177e+03   3.433819e+02
  2.906500e+00   9.951527e+03   3.479470e+02
  2.909140e+00   9.329179e+03   3.411086e+02
  2.911780e+00   9.941681e+03   3.461249e+02
  2.914430e+00   9.758309e+03   3.460916e+02
  2.917070e+00   9.701591e+03   3.434326e+02
  2.919710e+00   9.383608e+03   3.392651e+02
  2.922360e+00   9.181403e+03   3.357053e+02
  2.925000e+00   9.733577e+03   3.430635e+02
  2.927640e+00   9.273712e+03   3.375049e+02
  2.930290e+00   9.082264e+03   3.329720e+02
  2.932930e+00   9.581847e+03   3.417732e+02
  2.935570e+00   9.665730e+03   3.443274e+02
  2.938220e+00   9.932392e+03   3.464320e+02
  2.940860e+00   1.013473e+04   3.547866e+02
  2.943500e+00   9.553949e+03   3.403454e+02
  2.946150e+00   9.556222e+03   3.426072e+02
  2.948790e+00   9.711565e+03   3.431413e+02
  2.951430e+00   9.943589e+03   3.485226e+02
  2.954080e+00   9.667402e+03   3.461485e+02
  2.956720e+00   9.983133e+03   3.467285e+02
  2.959360e+00   9.953267e+03   3.492912e+02
  2.962010e+00   9.979753e+03   3.480839e+02
  2.964650e+00   9.615696e+03   3.431989e+02
  2.967290e+00   9.436997e+03   3.396450e+02
  2.969940e+00   9.656499e+03   3.420507e+02
  2.972580e+00   9.431956e+03   3.399041e+02
  2.975220e+00   9.520212e+03   3.421970e+02
  2.977870e+00   9.789088e+03   3.454494e+02
  2.980510e+00   9.203139e+03   3.344938e+02
  2.983150e+00   9.861181e+03   3.454221e+02
  2.985800e+00   9.921928e+03   3.486210e+02
  2.988440e+00   8.947883e+03   3.300476e+02
  2.991080e+00   9.983175e+03   3.496954e+02
  2.993730e+00   9.844584e+03   3.465458e+02
  2.996370e+00   9.921679e+03   3.464800e+02
  2.999010e+00   1.008972e+04   3.519195e+02
  3.001660e+00   9.662628e+03   3.435635e+02
  3.004300e+00   1.032866e+04   3.544788e+02
  3.006940e+00   9.561020e+03   3.423394e+02
  3.009590e+00   1.007581e+04   3.486878e+02
  3.012230e+00   1.020366e+04   3.535359e+02
  3.014870e+00   9.956896e+03   3.479221e+02
  3.017520e+00   9.266347e+03   3.367911e+02
  3.020160e+00   1.017746e+04   3.519947e+02
  3.022810e+00   9.385499e+03   3.377915e+02
  3.025450e+00   9.600604e+03   3.422246e+02
  3.028090e+00   1.019982e+04   3.496454e+02
  3.030740e+00   9.360572e+03   3.371128e+02
  3.033380e+00   9.303003e+03   3.348224e+02
  3.036020e+00   9.190220e+03   3.338038e+02
  3.038670e+00   1.002754e+04   3.478516e+02
  3.041310e+00   9.176652e+03   3.326534e+02
  3.043950e+00   1.006844e+04   3.492705e+02
  3.046600e+00   9.997249e+03   3.435095e+02
  3.049240e+00   9.303003e+03   3.348224e+02
  3.051880e+00   9.885478e+03   3.447956e+02
  3.054530e+00   1.036542e+04   3.536634e+02
  3.057170e+00   9.713863e+03   3.410999e+02
  3.059810e+00   9.556769e+03   3.364142e+02
  3.062460e+00   9.772594e+03   3.418998e+02
  3.065100e+00   8.911361e+03   3.267064e+02
  3.067740e+00   9.551735e+03   3.381277e+02
  3.070390e+00   9.666360e+03   3.390140e+02
  3.073030e+00   9.150914e+03   3.310685e+02
  3.075670e+00   1.029064e+04   3.513168e+02
  3.078320e+00   9.545324e+03   3.379008e+02
  3.080960e+00   9.495127e+03   3.363347e+02
  3.083600e+00   9.310200e+03   3.329321e+02
  3.086250e+00   9.439798e+03   3.367064e+02
  3.088890e+00   9.800096e+03   3.430720e+02
  3.091530e+00   9.896239e+03   3.426787e+02
  3.094180e+00   9.132502e+03   3.304023e+02
  3.096820e+00   9.347665e+03   3.342718e+02
  3.099460e+00   9.769492e+03   3.424205e+02
  3.102110e+00   9.643967e+03   3.403282e+02
  3.104750e+00   9.275456e+03   3.327551e+02
  3.107390e+00   9.504653e+03   3.375201e+02
  3.110040e+00   9.892209e+03   3.439858e+02
  3.112680e+00   9.879084e+03   3.424956e+02
  3.115320e+00   1.000888e+04   3.455449e+02
  3.117970e+00   9.803096e+03   3.425479e+02
  3.120610e+00   9.902848e+03   3.449821e+02
  3.123250e+00   9.499055e+03   3.375342e+02
  3.125900e+00   9.505452e+03   3.360685e+02
  3.128540e+00   9.402444e+03   3.355876e+02
  3.131180e+00   9.150914e+03   3.310685e+02
  3.133830e+00   9.205406e+03   3.323880e+02
  3.136470e+00   9.946731e+03   3.450483e+02
  3.139110e+00   9.377237e+03   3.346879e+02
  3.141760e+00   9.295679e+03   3.341263e+02
  3.144400e+00   9.454519e+03   3.359517e+02
  3.147040e+00   9.001013e+03   3.280151e+02
  3.149690e+00   9.459386e+03   3.357011e+02
  3.152330e+00   9.881550e+03   3.440314e+02
  3.154970e+00   9.873280e+03   3.456339e+02
  3.157620e+00   9.541938e+03   3.369376e+02
  3.160260e+00   9.226860e+03   3.314386e+02
  3.162900e+00   9.169054e+03   3.315078e+02
  3.165550e+00   1.027031e+04   3.514429e+02
  3.168190e+00   8.887309e+03   3.269250e+02
  3.170830e+00   9.860641e+03   3.420618e+02
  3.173480e+00   9.385434e+03   3.356224e+02
  3.176120e+00   9.635522e+03   3.396075e+02
  3.178770e+00   9.287898e+03   3.332015e+02
  3.181410e+00   9.150593e+03   3.308404e+02
  3.184050e+00   9.869764e+03   3.427911e+02
  3.186700e+00   1.003726e+04   3.467314e+02
  3.189340e+00   9.330016e+03   3.340682e+02
  3.191980e+00   9.768449e+03   3.386600e+02
  3.194630e+00   9.347081e+03   3.340374e+02
  3.197270e+00   9.441800e+03   3.336096e+02
  3.199910e+00   9.707443e+03   3.396204e+02
  3.202560e+00   9.663350e+03   3.382849e+02
  3.205200e+00   9.305982e+03   3.310920e+02
  3.207840e+00   9.790112e+03   3.398198e+02
  3.210490e+00   9.247528e+03   3.302689e+02
  3.213130e+00   9.485910e+03   3.335068e+02
  3.215770e+00   9.922290e+03   3.405321e+02
  3.218420e+00   9.749182e+03   3.379921e+02
  3.221060e+00   9.711854e+03   3.381233e+02
  3.223700e+00   9.686516e+03   3.360215e+02
  3.226350e+00   9.426503e+03   3.341135e+02
  3.228990e+00   9.282406e+03   3.416901e+02
  3.231630e+00   1.027138e+04   3.647474e+02
  3.234280e+00   9.610161e+03   3.576532e+02
  3.236920e+00   9.344599e+03   3.529406e+02
  3.239560e+00   9.391943e+03   3.591099e+02
  3.242210e+00   9.510093e+03   3.638936e+02
  3.244850e+00   9.833716e+03   3.735520e+02
  3.247490e+00   9.957229e+03   3.776992e+02
  3.250140e+00   1.036643e+04   3.874115e+02
  3.252780e+00   9.547887e+03   3.759477e+02
  3.255420e+00   1.016733e+04   3.898991e+02
  3.258070e+00   9.338567e+03   3.741418e+02
  3.260710e+00   9.376432e+03   3.750573e+02
  3.263350e+00   9.390966e+03   3.811675e+02
  3.266000e+00   1.020003e+04   3.991581e+02
  3.268640e+00   9.699977e+03   3.911408e+02
  3.271280e+00   9.999652e+03   3.971369e+02
  3.273930e+00   9.765001e+03   3.947268e+02
  3.276570e+00   9.897889e+03   4.017429e+02
  3.279210e+00   9.747060e+03   4.016206e+02
  3.281860e+00   9.972428e+03   3.988971e+02
  3.284500e+00   9.823186e+03   3.879925e+02
  3.287140e+00   9.179149e+03   3.695386e+02
  3.289790e+00   9.677297e+03   3.775473e+02
  3.292430e+00   9.421198e+03   3.678360e+02
  3.295070e+00   9.926942e+03   3.768216e+02
  3.297720e+00   1.024735e+04   3.816314e+02
  3.300360e+00   9.887368e+03   3.739746e+02
  3.303000e+00   9.669627e+03   3.667899e+02
  3.305650e+00   9.593670e+03   3.636471e+02
  3.308290e+00   9.360036e+03   3.594700e+02
  3.310930e+00   9.396428e+03   3.608676e+02
  3.313580e+00   9.335050e+03   3.601074e+02
  3.316220e+00   9.509117e+03   3.614824e+02
  3.318860e+00   9.076642e+03   3.535758e+02
  3.321510e+00   9.433167e+03   3.575633e+02
  3.324150e+00   8.911361e+03   3.487285e+02
  3.326800e+00   9.556528e+03   3.583978e+02
  3.329440e+00   9.516328e+03   3.596834e+02
  3.332080e+00   8.673816e+03   3.431308e+02
  3.334730e+00   9.587489e+03   3.600657e+02
  3.337370e+00   9.794469e+03   3.620140e+02
  3.340010e+00   9.857408e+03   3.611475e+02
  3.342660e+00   9.525018e+03   3.564648e+02
  3.345300e+00   9.751804e+03   3.606835e+02
  3.347940e+00   9.559220e+03   3.555112e+02
  3.350590e+00   9.778839e+03   3.585096e+02
  3.353230e+00   9.378994e+03   3.514927e+02
  3.355870e+00   8.990339e+03   3.440058e+02
  3.358520e+00   9.317615e+03   3.494378e+02
  3.361160e+00   9.810314e+03   3.575077e+02
  3.363800e+00   9.030004e+03   3.450187e+02
  3.366450e+00   8.852346e+03   3.407269e+02
  3.369090e+00   9.487979e+03   3.526180e+02
  3.371730e+00   9.890066e+03   3.568770e+02
  3.374380e+00   9.248618e+03   3.463635e+02
  3.377020e+00   9.376245e+03   3.504067e+02
  3.379660e+00   8.911361e+03   3.422388e+02
  3.382310e+00   9.463048e+03   3.504833e+02
  3.384950e+00   9.162658e+03   3.436265e+02
  3.387590e+00   9.602816e+03   3.522931e+02
  3.390240e+00   9.184956e+03   3.459254e+02
  3.392880e+00   9.344957e+03   3.477833e+02
  3.395520e+00   9.747409e+03   3.554514e+02
  3.398170e+00   9.804453e+03   3.575316e+02
  3.400810e+00   8.970032e+03   3.419792e+02
  3.403450e+00   8.937418e+03   3.412322e+02
  3.406100e+00   9.270898e+03   3.450271e+02
  3.408740e+00   9.451641e+03   3.507833e+02
  3.411380e+00   8.969775e+03   3.412263e+02
  3.414030e+00   9.287532e+03   3.470914e+02
  3.416670e+00   9.592857e+03   3.528789e+02
  3.419310e+00   9.970393e+03   3.588423e+02
  3.421960e+00   9.830529e+03   3.580067e+02
  3.424600e+00   9.165228e+03   3.454275e+02
  3.427240e+00   9.490857e+03   3.496002e+02
  3.429890e+00   9.838555e+03   3.559464e+02
  3.432530e+00   9.496873e+03   3.495847e+02
  3.435170e+00   9.650732e+03   3.538130e+02
  3.437820e+00   9.039214e+03   3.399546e+02
  3.440460e+00   9.397203e+03   3.466211e+02
  3.443100e+00   9.219092e+03   3.438141e+02
  3.445750e+00   9.963884e+03   3.565358e+02
  3.448390e+00   9.628367e+03   3.511104e+02
  3.451030e+00   9.817065e+03   3.526394e+02
  3.453680e+00   9.228266e+03   3.420223e+02
  3.456320e+00   9.033084e+03   3.402056e+02
  3.458960e+00   9.415540e+03   3.444966e+02
  3.461610e+00   8.873708e+03   3.337301e+02
  3.464250e+00   9.393057e+03   3.450626e+02
  3.466890e+00   9.301548e+03   3.421630e+02
  3.469540e+00   8.829142e+03   3.341879e+02
  3.472180e+00   8.967174e+03   3.334928e+02
  3.474820e+00   9.524643e+03   3.452680e+02
  3.477470e+00   9.445164e+03   3.444297e+02
  3.480110e+00   8.999593e+03   3.368013e+02
  3.482760e+00   9.274835e+03   3.409497e+02
  3.485400e+00   9.605431e+03   3.450373e+02
  3.488040e+00   9.179513e+03   3.383613e+02
  3.490690e+00   9.928179e+03   3.541264e+02
  3.493330e+00   9.284222e+03   3.396919e+02
  3.495970e+00   8.892757e+03   3.321061e+02
  3.498620e+00   9.067701e+03   3.367660e+02
  3.501260e+00   9.054992e+03   3.362940e+02
  3.503900e+00   8.656039e+03   3.283423e+02
  3.506550e+00   9.383651e+03   3.415060e+02
  3.509190e+00   8.961496e+03   3.351409e+02
  3.511830e+00   9.793117e+03   3.499775e+02
  3.514480e+00   8.780587e+03   3.306960e+02
  3.517120e+00   9.097532e+03   3.360250e+02
  3.519760e+00   9.567337e+03   3.441132e+02
  3.522410e+00   9.920900e+03   3.516370e+02
  3.525050e+00   9.465175e+03   3.451594e+02
  3.527690e+00   9.982706e+03   3.516258e+02
  3.530340e+00   9.160630e+03   3.378949e+02
  3.532980e+00   8.867709e+03   3.325651e+02
  3.535620e+00   9.534533e+03   3.447218e+02
  3.538270e+00   9.092461e+03   3.369890e+02
  3.540910e+00   9.366148e+03   3.392997e+02
  3.543550e+00   9.330352e+03   3.416084e+02
  3.546200e+00   8.842860e+03   3.318666e+02
  3.548840e+00   8.644331e+03   3.276625e+02
  3.551480e+00   9.406437e+03   3.412073e+02
  3.554130e+00   9.587310e+03   3.448316e+02
  3.556770e+00   9.261808e+03   3.404708e+02
  3.559410e+00   9.198021e+03   3.385838e+02
  3.562060e+00   9.127207e+03   3.355228e+02
  3.564700e+00   9.234507e+03   3.387812e+02
  3.567340e+00   8.701827e+03   3.274976e+02
  3.569990e+00   9.344073e+03   3.423404e+02
  3.572630e+00   9.558900e+03   3.433658e+02
  3.575270e+00   9.091452e+03   3.360297e+02
  3.577920e+00   9.441428e+03   3.431545e+02
  3.580560e+00   9.179513e+03   3.383613e+02
  3.583200e+00   9.145547e+03   3.357436e+02
  3.585850e+00   8.671180e+03   3.268074e+02
  3.588490e+00   9.512127e+03   3.450411e+02
  3.591130e+00   9.589197e+03   3.453465e+02
  3.593780e+00   9.115722e+03   3.360100e+02
  3.596420e+00   8.911361e+03   3.318764e+02
  3.599060e+00   9.252912e+03   3.390005e+02
  3.601710e+00   9.768579e+03   3.471113e+02
  3.604350e+00   9.698935e+03   3.468332e+02
  3.606990e+00   9.661727e+03   3.461673e+02
  3.609640e+00   9.085606e+03   3.362734e+02
  3.612280e+00   9.370582e+03   3.410304e+02
  3.614920e+00   9.530206e+03   3.434448e+02
  3.617570e+00   9.047318e+03   3.343985e+02
  3.620210e+00   8.948595e+03   3.332631e+02
  3.622850e+00   9.336298e+03   3.391096e+02
  3.625500e+00   9.684380e+03   3.460915e+02
  3.628140e+00   9.474119e+03   3.423138e+02
  3.630780e+00   9.109667e+03   3.360151e+02
  3.633430e+00   9.595902e+03   3.440298e+02
  3.636070e+00   9.306873e+03   3.391613e+02
  3.638720e+00   9.757692e+03   3.484890e+02
  3.641360e+00   9.625512e+03   3.457586e+02
  3.644000e+00   9.041954e+03   3.353475e+02
  3.646650e+00   8.923653e+03   3.311878e+02
  3.649290e+00   9.492268e+03   3.425227e+02
  3.651930e+00   9.615866e+03   3.447455e+02
  3.654580e+00   9.090205e+03   3.348420e+02
  3.657220e+00   9.540325e+03   3.447060e+02
  3.659860e+00   9.283702e+03   3.394458e+02
  3.662510e+00   8.640574e+03   3.261175e+02
  3.665150e+00   8.880780e+03   3.295967e+02
  3.667790e+00   9.250079e+03   3.375402e+02
  3.670440e+00   9.435559e+03   3.411434e+02
  3.673080e+00   9.311664e+03   3.386620e+02
  3.675720e+00   9.404745e+03   3.384842e+02
  3.678370e+00   9.113475e+03   3.341162e+02
  3.681010e+00   9.573487e+03   3.410414e+02
  3.683650e+00   9.326980e+03   3.376594e+02
  3.686300e+00   8.935544e+03   3.286993e+02
  3.688940e+00   8.899154e+03   3.295983e+02
  3.691580e+00   8.941859e+03   3.302751e+02
  3.694230e+00   9.236506e+03   3.335109e+02
  3.696870e+00   9.115255e+03   3.306451e+02
  3.699510e+00   8.622344e+03   3.222321e+02
  3.702160e+00   9.256200e+03   3.346586e+02
  3.704800e+00   9.293017e+03   3.355514e+02
  3.707440e+00   9.190770e+03   3.305690e+02
  3.710090e+00   9.205406e+03   3.323880e+02
  3.712730e+00   8.803418e+03   3.249401e+02
  3.715370e+00   9.543159e+03   3.388875e+02
  3.718020e+00   8.706917e+03   3.235900e+02
  3.720660e+00   9.018727e+03   3.280079e+02
  3.723300e+00   9.490962e+03   3.385314e+02
  3.725950e+00   9.694116e+03   3.416727e+02
  3.728590e+00   8.709101e+03   3.218976e+02
  3.731230e+00   1.008878e+04   3.472703e+02
  3.733880e+00   9.472801e+03   3.363890e+02
  3.736520e+00   9.700671e+03   3.419037e+02
  3.739160e+00   9.303003e+03   3.348224e+02
  3.741810e+00   9.221529e+03   3.316754e+02
  3.744450e+00   8.725082e+03   3.238182e+02
  3.747090e+00   8.821348e+03   3.253803e+02
  3.749740e+00   9.061587e+03   3.300035e+02
  3.752380e+00   9.556420e+03   3.378705e+02
  3.755020e+00   9.162892e+03   3.312850e+02
  3.757670e+00   9.177372e+03   3.331175e+02
  3.760310e+00   9.685480e+03   3.409450e+02
  3.762950e+00   8.917298e+03   3.253968e+02
  3.765600e+00   9.379118e+03   3.353966e+02
  3.768240e+00   8.814630e+03   3.264678e+02
  3.770880e+00   8.796259e+03   3.264598e+02
  3.773530e+00   8.803852e+03   3.242940e+02
  3.776170e+00   9.006289e+03   3.269076e+02
  3.778810e+00   9.265893e+03   3.337030e+02
  3.781460e+00   8.995318e+03   3.284626e+02
  3.784100e+00   9.499847e+03   3.377757e+02
  3.786740e+00   8.850325e+03   3.286928e+02
  3.789390e+00   9.153269e+03   3.459611e+02
  3.792030e+00   9.154031e+03   3.512995e+02
  3.794680e+00   8.911361e+03   3.492638e+02
  3.797320e+00   8.904405e+03   3.519775e+02
  3.799960e+00   9.457542e+03   3.686934e+02
  3.802610e+00   9.814987e+03   3.797532e+02
  3.805250e+00   9.130184e+03   3.711948e+02
  3.807890e+00   9.352074e+03   3.737841e+02
  3.810540e+00   9.596851e+03   3.823477e+02
  3.813180e+00   8.787161e+03   3.693519e+02
  3.815820e+00   9.708694e+03   3.895965e+02
  3.818470e+00   9.501201e+03   3.891844e+02
  3.821110e+00   8.720062e+03   3.728429e+02
  3.823750e+00   9.673787e+03   3.982635e+02
  3.826400e+00   9.392608e+03   3.948008e+02
  3.829040e+00   8.089032e+03   3.684453e+02
  3.831680e+00   9.241412e+03   3.954959e+02
  3.834330e+00   8.704521e+03   3.873461e+02
  3.836970e+00   8.518598e+03   3.856188e+02
  3.839610e+00   9.564273e+03   4.108207e+02
  3.842260e+00   8.919889e+03   3.900395e+02
  3.844900e+00   8.903297e+03   3.789495e+02
  3.847540e+00   9.561478e+03   3.893735e+02
  3.850190e+00   9.243126e+03   3.776639e+02
  3.852830e+00   8.773793e+03   3.662111e+02
  3.855470e+00   8.723040e+03   3.625172e+02
  3.858120e+00   8.687832e+03   3.598132e+02
  3.860760e+00   8.992307e+03   3.637898e+02
  3.863400e+00   9.230142e+03   3.657115e+02
  3.866050e+00   8.954902e+03   3.605108e+02
  3.868690e+00   9.101900e+03   3.652467e+02
  3.871330e+00   9.619307e+03   3.747150e+02
  3.873980e+00   9.155312e+03   3.624623e+02
  3.876620e+00   9.941246e+03   3.770929e+02
  3.879260e+00   9.360135e+03   3.651736e+02
  3.881910e+00   9.025610e+03   3.590195e+02
  3.884550e+00   9.562032e+03   3.677705e+02
  3.887190e+00   9.161993e+03   3.571717e+02
  3.889840e+00   9.148069e+03   3.569002e+02
  3.892480e+00   9.326487e+03   3.592429e+02
  3.895120e+00   8.918264e+03   3.508844e+02
  3.897770e+00   8.973103e+03   3.508761e+02
  3.900410e+00   8.326341e+03   3.365724e+02
  3.903050e+00   9.454151e+03   3.604361e+02
  3.905700e+00   8.789473e+03   3.450170e+02
  3.908340e+00   9.376830e+03   3.556834e+02
  3.910980e+00   8.817698e+03   3.434888e+02
  3.913630e+00   9.099819e+03   3.499930e+02
  3.916270e+00   9.445776e+03   3.552450e+02
  3.918910e+00   9.462922e+03   3.546380e+02
  3.921560e+00   9.037247e+03   3.460541e+02
  3.924200e+00   8.719790e+03   3.394174e+02
  3.926840e+00   8.225872e+03   3.292984e+02
  3.929490e+00   9.108807e+03   3.462649e+02
  3.932130e+00   8.557007e+03   3.351182e+02
  3.934770e+00   8.924486e+03   3.422384e+02
  3.937420e+00   8.746702e+03   3.394379e+02
  3.940060e+00   8.648101e+03   3.373946e+02
  3.942700e+00   9.426356e+03   3.505699e+02
  3.945350e+00   8.739481e+03   3.399264e+02
  3.947990e+00   8.530197e+03   3.348395e+02
  3.950640e+00   8.745723e+03   3.404268e+02
  3.953280e+00   8.852605e+03   3.399823e+02
  3.955920e+00   8.662001e+03   3.371679e+02
  3.958570e+00   9.153269e+03   3.459611e+02
  3.961210e+00   9.869431e+03   3.599011e+02
  3.963850e+00   7.986352e+03   3.225657e+02
  3.966500e+00   8.976503e+03   3.419775e+02
  3.969140e+00   8.373267e+03   3.315008e+02
  3.971780e+00   8.664185e+03   3.357303e+02
  3.974430e+00   8.795126e+03   3.370300e+02
  3.977070e+00   8.526745e+03   3.334221e+02
  3.979710e+00   9.231256e+03   3.471771e+02
  3.982360e+00   8.767207e+03   3.389598e+02
  3.985000e+00   8.937342e+03   3.407330e+02
  3.987640e+00   9.079500e+03   3.426837e+02
  3.990290e+00   9.319071e+03   3.473013e+02
  3.992930e+00   9.086603e+03   3.434413e+02
  3.995570e+00   8.619717e+03   3.342583e+02
  3.998220e+00   9.129651e+03   3.423887e+02
  4.000860e+00   8.911361e+03   3.399896e+02
  4.003500e+00   8.560111e+03   3.337079e+02
  4.006150e+00   9.151158e+03   3.444084e+02
  4.008790e+00   8.911361e+03   3.385146e+02
  4.011430e+00   9.078049e+03   3.411740e+02
  4.014080e+00   8.781836e+03   3.372644e+02
  4.016720e+00   9.760371e+03   3.556877e+02
  4.019360e+00   8.879237e+03   3.377821e+02
  4.022010e+00   8.969269e+03   3.397353e+02
  4.024650e+00   8.924258e+03   3.392494e+02
  4.027290e+00   9.434799e+03   3.491976e+02
  4.029940e+00   8.783508e+03   3.351117e+02
  4.032580e+00   9.327780e+03   3.457105e+02
  4.035220e+00   8.415928e+03   3.290888e+02
  4.037870e+00   9.194671e+03   3.441019e+02
  4.040510e+00   8.718753e+03   3.345950e+02
  4.043150e+00   9.325399e+03   3.446767e+02
  4.045800e+00   8.776243e+03   3.360597e+02
  4.048440e+00   9.629706e+03   3.530422e+02
  4.051080e+00   9.147720e+03   3.418663e+02
  4.053730e+00   9.325399e+03   3.446767e+02
  4.056370e+00   9.186838e+03   3.430888e+02
  4.059010e+00   8.449766e+03   3.291561e+02
  4.061660e+00   8.666685e+03   3.340762e+02
  4.064300e+00   9.263210e+03   3.442645e+02
  4.066940e+00   9.129651e+03   3.423887e+02
  4.069590e+00   9.501178e+03   3.490345e+02
  4.072230e+00   8.841493e+03   3.351359e+02
  4.074870e+00   8.943210e+03   3.375397e+02
  4.077520e+00   9.108544e+03   3.404023e+02
  4.080160e+00   8.981832e+03   3.392391e+02
  4.082800e+00   8.622240e+03   3.328579e+02
  4.085450e+00   8.924128e+03   3.375415e+02
  4.088090e+00   9.266295e+03   3.427263e+02
  4.090730e+00   8.649825e+03   3.321945e+02
  4.093380e+00   9.289886e+03   3.452559e+02
  4.096020e+00   8.975196e+03   3.385059e+02
  4.098660e+00   8.866900e+03   3.356171e+02
  4.101310e+00   8.140615e+03   3.220377e+02
  4.103950e+00   8.461036e+03   3.276126e+02
  4.106600e+00   8.732110e+03   3.343698e+02
  4.109240e+00   8.823005e+03   3.337167e+02
  4.111880e+00   8.553886e+03   3.304654e+02
  4.114530e+00   9.243779e+03   3.437799e+02
  4.117170e+00   9.052000e+03   3.401950e+02
  4.119810e+00   9.346523e+03   3.433531e+02
  4.122460e+00   8.423675e+03   3.266561e+02
  4.125100e+00   9.216894e+03   3.425432e+02
  4.127740e+00   8.885680e+03   3.377829e+02
  4.130390e+00   8.537148e+03   3.290829e+02
  4.133030e+00   8.469580e+03   3.269645e+02
  4.135670e+00   8.535543e+03   3.297568e+02
  4.138320e+00   8.310524e+03   3.242244e+02
  4.140960e+00   8.593552e+03   3.305212e+02
  4.143600e+00   8.924002e+03   3.358592e+02
  4.146250e+00   8.733642e+03   3.329670e+02
  4.148890e+00   8.324080e+03   3.259961e+02
  4.151530e+00   8.815951e+03   3.348903e+02
  4.154180e+00   8.842184e+03   3.334893e+02
  4.156820e+00   8.518958e+03   3.283817e+02
  4.159460e+00   8.143906e+03   3.214143e+02
  4.162110e+00   8.796458e+03   3.351184e+02
  4.164750e+00   8.519514e+03   3.281594e+02
  4.167390e+00   8.848428e+03   3.337248e+02
  4.170040e+00   8.490599e+03   3.265615e+02
  4.172680e+00   8.227819e+03   3.227216e+02
  4.175320e+00   8.604505e+03   3.282823e+02
  4.177970e+00   9.349420e+03   3.420774e+02
  4.180610e+00   9.067921e+03   3.370066e+02
  4.183250e+00   8.625103e+03   3.276406e+02
  4.185900e+00   8.111385e+03   3.171803e+02
  4.188540e+00   9.121769e+03   3.360047e+02
  4.191180e+00   8.513644e+03   3.252896e+02
  4.193830e+00   8.551932e+03   3.255665e+02
  4.196470e+00   8.674556e+03   3.288082e+02
  4.199110e+00   8.240084e+03   3.185801e+02
  4.201760e+00   8.696999e+03   3.263925e+02
  4.204400e+00   9.266347e+03   3.367911e+02
  4.207040e+00   8.917503e+03   3.309596e+02
  4.209690e+00   8.893113e+03   3.289237e+02
  4.212330e+00   8.414582e+03   3.212702e+02
  4.214970e+00   9.063849e+03   3.325204e+02
  4.217620e+00   8.929735e+03   3.307309e+02
  4.220260e+00   8.923486e+03   3.289240e+02
  4.222900e+00   8.782744e+03   3.279976e+02
  4.225550e+00   8.201390e+03   3.168473e+02
  4.228190e+00   9.265860e+03   3.365512e+02
  4.230830e+00   8.752666e+03   3.268743e+02
  4.233480e+00   8.258715e+03   3.174082e+02
  4.236120e+00   9.209828e+03   3.349582e+02
  4.238760e+00   8.267020e+03   3.170257e+02
  4.241410e+00   8.948287e+03   3.318736e+02
  4.244050e+00   8.837815e+03   3.291374e+02
  4.246690e+00   9.106679e+03   3.334192e+02
  4.249340e+00   8.528142e+03   3.221035e+02
  4.251980e+00   8.680371e+03   3.248547e+02
  4.254620e+00   8.539801e+03   3.225438e+02
  4.257270e+00   9.321713e+03   3.379118e+02
  4.259910e+00   9.132000e+03   3.345706e+02
  4.262560e+00   8.649083e+03   3.248231e+02
  4.265200e+00   9.093722e+03   3.324994e+02
  4.267840e+00   9.378465e+03   3.373199e+02
  4.270490e+00   8.413588e+03   3.196058e+02
  4.273130e+00   8.507412e+03   3.227045e+02
  4.275770e+00   8.304187e+03   3.191558e+02
  4.278420e+00   8.659905e+03   3.259198e+02
  4.281060e+00   8.935709e+03   3.298231e+02
  4.283700e+00   8.868723e+03   3.286968e+02
  4.286350e+00   9.095227e+03   3.338963e+02
  4.288990e+00   9.318356e+03   3.364663e+02
  4.291630e+00   8.582664e+03   3.232418e+02
  4.294280e+00   8.458449e+03   3.217746e+02
  4.296920e+00   8.972231e+03   3.304964e+02
  4.299560e+00   8.826260e+03   3.275732e+02
  4.302210e+00   8.990546e+03   3.309466e+02
  4.304850e+00   8.954234e+03   3.311843e+02
  4.307490e+00   9.272220e+03   3.367822e+02
  4.310140e+00   8.947933e+03   3.302742e+02
  4.312780e+00   8.789288e+03   3.275574e+02
  4.315420e+00   8.808094e+03   3.271244e+02
  4.318070e+00   8.789455e+03   3.273364e+02
  4.320710e+00   8.764471e+03   3.275437e+02
  4.323350e+00   9.203537e+03   3.347294e+02
  4.326000e+00   8.886812e+03   3.302758e+02
  4.328640e+00   8.299317e+03   3.187334e+02
  4.331280e+00   8.502135e+03   3.222726e+02
  4.333930e+00   9.473230e+03   3.383297e+02
  4.336570e+00   8.759290e+03   3.264395e+02
  4.339210e+00   8.892987e+03   3.300497e+02
  4.341860e+00   9.003358e+03   3.323200e+02
  4.344500e+00   8.710901e+03   3.253146e+02
  4.347140e+00   9.387637e+03   3.430168e+02
  4.349790e+00   8.984460e+03   3.455561e+02
  4.352430e+00   9.324562e+03   3.583720e+02
  4.355070e+00   9.185665e+03   3.594629e+02
  4.357720e+00   9.070752e+03   3.625401e+02
  4.360360e+00   8.821650e+03   3.631816e+02
  4.363000e+00   9.296187e+03   3.745541e+02
  4.365650e+00   8.589817e+03   3.626624e+02
  4.368290e+00   8.033433e+03   3.533100e+02
  4.370930e+00   8.966516e+03   3.758959e+02
  4.373580e+00   9.007182e+03   3.792708e+02
  4.376220e+00   8.148936e+03   3.655297e+02
  4.378860e+00   9.000556e+03   3.820523e+02
  4.381510e+00   8.820175e+03   3.824031e+02
  4.384150e+00   8.843723e+03   3.867090e+02
  4.386790e+00   8.954411e+03   3.926769e+02
  4.389440e+00   8.749026e+03   3.866560e+02
  4.392080e+00   8.876277e+03   3.945987e+02
  4.394720e+00   9.827153e+03   4.160166e+02
  4.397370e+00   8.634833e+03   3.924924e+02
  4.400010e+00   9.275634e+03   4.059835e+02
  4.402650e+00   8.591466e+03   3.962948e+02
  4.405300e+00   9.751707e+03   4.243886e+02
  4.407940e+00   8.752063e+03   4.049972e+02
  4.410590e+00   9.608445e+03   4.254691e+02
  4.413230e+00   8.606699e+03   4.048251e+02
  4.415870e+00   9.587929e+03   4.305107e+02
  4.418520e+00   9.267025e+03   4.279115e+02
  4.421160e+00   8.950967e+03   4.210181e+02
  4.423800e+00   8.193668e+03   4.041638e+02
  4.426450e+00   9.185089e+03   4.315531e+02
  4.429090e+00   9.553808e+03   4.449652e+02
  4.431730e+00   9.182034e+03   4.372397e+02
  4.434380e+00   9.800430e+03   4.501487e+02
  4.437020e+00   8.837188e+03   4.327590e+02
  4.439660e+00   8.965109e+03   4.390233e+02
  4.442310e+00   9.051443e+03   4.416652e+02
  4.444950e+00   8.943845e+03   4.400978e+02
  4.447590e+00   8.594270e+03   4.335236e+02
  4.450240e+00   8.978702e+03   4.489351e+02
  4.452880e+00   9.163354e+03   4.581677e+02
  4.455520e+00   8.580466e+03   4.425037e+02
  4.458170e+00   9.015656e+03   4.571119e+02
  4.460810e+00   8.981530e+03   4.583368e+02
  4.463450e+00   8.568162e+03   4.503326e+02
  4.466100e+00   9.163910e+03   4.694813e+02
  4.468740e+00   9.547030e+03   4.785494e+02
  4.471380e+00   9.520367e+03   4.864680e+02
  4.474030e+00   9.062829e+03   4.783178e+02
  4.476670e+00   8.697085e+03   4.682353e+02
  4.479310e+00   9.703203e+03   4.938800e+02
  4.481960e+00   9.630434e+03   4.973135e+02
  4.484600e+00   8.858318e+03   4.847056e+02
  4.487240e+00   9.553622e+03   5.056313e+02
  4.489890e+00   8.791478e+03   4.839549e+02
  4.492530e+00   9.019378e+03   4.935184e+02
  4.495170e+00   9.295235e+03   5.048479e+02
  4.497820e+00   9.193366e+03   5.091735e+02
  4.500460e+00   8.408526e+03   4.846594e+02
  4.503100e+00   8.854054e+03   5.036895e+02
  4.505750e+00   8.911361e+03   5.085983e+02
  4.508390e+00   8.630572e+03   5.050660e+02
  4.511030e+00   1.048742e+04   5.558322e+02
  4.513680e+00   9.947566e+03   5.426842e+02
  4.516320e+00   9.264135e+03   5.330910e+02
  4.518960e+00   8.109810e+03   5.048947e+02
  4.521610e+00   9.117863e+03   5.382105e+02
  4.524250e+00   8.756111e+03   5.214188e+02
  4.526890e+00   9.424245e+03   5.496332e+02
  4.529540e+00   8.308582e+03   5.203036e+02
  4.532180e+00   8.743855e+03   5.412310e+02
  4.534820e+00   7.884402e+03   5.110698e+02
  4.537470e+00   1.017952e+04   5.906755e+02
  4.540110e+00   7.806076e+03   5.192525e+02
  4.542750e+00   8.875858e+03   5.613585e+02
  4.545400e+00   8.997545e+03   5.569340e+02
  4.548040e+00   8.982939e+03   5.669981e+02
  4.550680e+00   9.480954e+03   5.902584e+02
  4.553330e+00   8.156161e+03   5.549565e+02
  4.555970e+00   9.195163e+03   5.898700e+02
  4.558610e+00   7.992084e+03   5.476086e+02
  4.561260e+00   7.687483e+03   5.422333e+02
  4.563900e+00   9.248763e+03   6.059066e+02
  4.566550e+00   8.850185e+03   6.007897e+02
  4.569190e+00   8.731938e+03   5.900497e+02
  4.571830e+00   8.952810e+03   6.091615e+02
  4.574480e+00   8.680714e+03   6.033514e+02
  4.577120e+00   8.570257e+03   6.044993e+02
  4.579760e+00   8.081903e+03   5.863229e+02
  4.582410e+00   9.285419e+03   6.392346e+02
  4.585050e+00   8.888801e+03   6.333008e+02
  4.587690e+00   9.628900e+03   6.676441e+02
  4.590340e+00   9.529888e+03   6.607788e+02
  4.592980e+00   9.517894e+03   6.663859e+02
  4.595620e+00   9.201949e+03   6.675796e+02
  4.598270e+00   9.111617e+03   6.753980e+02
  4.600910e+00   8.005121e+03   6.348474e+02
  4.603550e+00   1.038810e+04   7.273126e+02
  4.606200e+00   8.694011e+03   6.873219e+02
  4.608840e+00   9.270023e+03   7.151978e+02
  4.611480e+00   8.090950e+03   6.765993e+02
  4.614130e+00   8.631130e+03   6.955163e+02
  4.616770e+00   8.612322e+03   7.176935e+02
  4.619410e+00   7.955471e+03   7.004402e+02
  4.622060e+00   7.949704e+03   7.139045e+02
  4.624700e+00   9.761562e+03   7.840675e+02
  4.627340e+00   9.376880e+03   7.896758e+02
  4.629990e+00   8.601700e+03   7.693595e+02
  4.632630e+00   8.983811e+03   8.067701e+02
  4.635270e+00   8.982652e+03   8.002383e+02
  4.637920e+00   7.862966e+03   7.673469e+02
  4.640560e+00   8.750796e+03   8.381743e+02
  4.643200e+00   8.663824e+03   8.455026e+02
  4.645850e+00   9.358964e+03   8.727279e+02
  4.648490e+00   9.571462e+03   8.886880e+02
  4.651130e+00   9.122531e+03   8.778160e+02
  4.653780e+00   1.000882e+04   9.374118e+02
  4.656420e+00   8.423675e+03   8.642508e+02
  4.659060e+00   8.954411e+03   8.780523e+02
  4.661710e+00   8.687458e+03   8.820777e+02
  4.664350e+00   9.003231e+03   9.094637e+02
  4.666990e+00   8.477836e+03   9.037403e+02
  4.669640e+00   9.045703e+03   9.000811e+02
  4.672280e+00   8.911361e+03   9.142864e+02
  4.674920e+00   9.767255e+03   9.917145e+02
  4.677570e+00   1.093667e+04   1.052382e+03
  4.680210e+00   9.154841e+03   9.442498e+02
  4.682850e+00   9.163095e+03   9.605533e+02
  4.685500e+00   1.027428e+04   1.037859e+03
  4.688140e+00   8.528665e+03   9.656811e+02
  4.690780e+00   7.653287e+03   8.957495e+02
  4.693430e+00   8.267167e+03   9.421311e+02
  4.696070e+00   9.802497e+03   1.044950e+03
  4.698710e+00   9.142825e+03   1.028648e+03
  4.701360e+00   7.688233e+03   9.463561e+02
  4.704000e+00   9.134145e+03   1.008698e+03
  4.706640e+00   1.006317e+04   1.104576e+03
  4.709290e+00   9.606574e+03   1.101950e+03
  4.711930e+00   9.686262e+03   1.118473e+03
  4.714570e+00   8.133860e+03   9.863754e+02
  4.717220e+00   1.007371e+04   1.140623e+03
  4.719860e+00   9.387541e+03   1.130127e+03
  4.722510e+00   6.648158e+03   9.697336e+02
  4.725150e+00   8.136460e+03   1.025098e+03
  4.727790e+00   8.062660e+03   1.067925e+03
  4.730440e+00   8.837714e+03   1.140944e+03
  4.733080e+00   8.911361e+03   1.170119e+03
  4.735720e+00   8.554907e+03   1.104434e+03
  4.738370e+00   1.072384e+04   1.272686e+03
  4.741010e+00   8.829606e+03   1.201557e+03
  4.743650e+00   8.575084e+03   1.200752e+03
  4.746300e+00   9.483651e+03   1.245264e+03
  4.748940e+00   8.996231e+03   1.235727e+03
  4.751580e+00   6.365258e+03   1.075925e+03
  4.754230e+00   7.316697e+03   1.171609e+03
  4.756870e+00   9.686262e+03   1.369844e+03
  4.759510e+00   9.554449e+03   1.324964e+03
  4.762160e+00   7.338768e+03   1.240478e+03
  4.764800e+00   1.012155e+04   1.492341e+03
  4.767440e+00   1.165332e+04   1.631791e+03
  4.770090e+00   8.704120e+03   1.343075e+03
  4.772730e+00   8.792543e+03   1.445485e+03
  4.775370e+00   9.406437e+03   1.525926e+03
  4.778020e+00   8.007310e+03   1.438155e+03
  4.780660e+00   7.504304e+03   1.326586e+03
  4.783300e+00   1.162351e+04   1.732731e+03
  4.785950e+00   8.911361e+03   1.575321e+03
  4.788590e+00   8.760321e+03   1.626751e+03
  4.791230e+00   8.755022e+03   1.654544e+03
  4.793880e+00   1.096783e+04   1.938857e+03
  4.796520e+00   1.108969e+04   2.095755e+03
  4.799160e+00   7.504304e+03   1.876076e+03
  4.801810e+00   8.387164e+03   2.096791e+03
  4.804450e+00   1.034868e+04   2.439207e+03
  4.807090e+00   7.749010e+03   2.450452e+03
  4.809740e+00   5.940908e+03   2.656855e+03
  4.812380e+00   6.854893e+03   3.065602e+03
creator: radaver
creator-version: 6572
working-directory: /dataInt/p12/vives/2015-10-17/NEW
header-file: images/header/img_0009_00008.txt
image-file: images/pilatus2m/img_0009_00008.tiff
angular-axis-file: etc/radial-averaging/saxs-2/saxis-saxs2-20150921.dat
beamstop-mask-file: etc/radial-averaging/saxs-2/mask-saxs2-20151008.msk
detector-response-file: none
beam-center-x: 656.1000
beam-center-y: 1645.9000
unit-time: 100.0000
channel-first: 8
channel-last: 1819
angular-unit: nanometer
Run Number: 9
Frame Number: 8
Sample: ADR
Buffer: NAPI
Code: ADR_NAPI
Concentration [mg/ml]: 3
Plate Row: 2
Plate Column: 1
Well Row: 1
Well Column: 2
Load Volume: 20
Load Viscosity: low
Exposure time [s]: 0.035
Exposure period [s]: 0.04
Detector Position: saxs-2
Detector Distance [m]: 3
Timestamp (begin): 2015-10-17 03:33:01.998
Timestamp (end): 2015-10-17 03:33:02.033
PETRA Current: 94.1409
Transmitted Beam: 0.160309
Wavelength [nm]: 0.123987
Flytube Vacuum [mbar]: 0.000285457
Crystal Temperature 1 [C]: -181.4
Crystal Temperature 2 [C]: -156.3
Cell Target Temperature [C]: 20
Cell Temperature [C]: 20
Storage Temperature [C]: 20.1
