
Sample:   c= .0000 mg/ml  Code: NAPI
  2.520060e-02   5.115455e+07   2.862446e+05
  2.784400e-02   7.630524e+06   6.111071e+04
  3.048740e-02   3.139631e+06   3.673151e+04
  3.313080e-02   1.405776e+06   2.295623e+04
  3.577420e-02   6.218877e+05   1.424461e+04
  3.841750e-02   4.175386e+05   1.178153e+04
  4.106090e-02   2.992444e+05   9.148170e+03
  4.370430e-02   2.224407e+05   7.825436e+03
  4.634770e-02   1.730954e+05   6.419753e+03
  4.899110e-02   1.486877e+05   5.652259e+03
  5.163450e-02   1.253822e+05   5.068274e+03
  5.427790e-02   1.037567e+05   4.297164e+03
  5.692130e-02   1.000249e+05   4.284596e+03
  5.956470e-02   7.706283e+04   3.562230e+03
  6.220810e-02   7.047626e+04   3.216786e+03
  6.485140e-02   6.553056e+04   3.182445e+03
  6.749480e-02   5.756458e+04   2.782489e+03
  7.013820e-02   5.681807e+04   2.785735e+03
  7.278160e-02   4.606127e+04   2.407661e+03
  7.542500e-02   4.513377e+04   2.333812e+03
  7.806840e-02   3.713011e+04   2.095373e+03
  8.071180e-02   3.846113e+04   2.032734e+03
  8.335520e-02   3.611361e+04   1.987989e+03
  8.599860e-02   3.288209e+04   1.835299e+03
  8.864200e-02   3.197534e+04   1.864840e+03
  9.128530e-02   2.254365e+04   1.570690e+03
  9.392870e-02   2.388843e+04   1.606909e+03
  9.657210e-02   2.400598e+04   1.625890e+03
  9.921550e-02   2.239532e+04   1.541757e+03
  1.018590e-01   2.360085e+04   1.602130e+03
  1.045020e-01   2.140921e+04   1.480906e+03
  1.071460e-01   1.917369e+04   1.409678e+03
  1.097890e-01   2.075375e+04   1.497773e+03
  1.124320e-01   1.946858e+04   1.376637e+03
  1.150760e-01   1.682272e+04   1.294056e+03
  1.177190e-01   1.637424e+04   1.252169e+03
  1.203630e-01   1.891312e+04   1.372102e+03
  1.230060e-01   1.682720e+04   1.290587e+03
  1.256490e-01   1.538172e+04   1.197466e+03
  1.282930e-01   1.697334e+04   1.251291e+03
  1.309360e-01   1.319171e+04   1.091754e+03
  1.335800e-01   1.531290e+04   1.188512e+03
  1.362230e-01   1.381887e+04   1.092478e+03
  1.388660e-01   1.503850e+04   1.156807e+03
  1.415100e-01   1.319260e+04   1.070061e+03
  1.441530e-01   1.414488e+04   1.081686e+03
  1.467970e-01   1.351365e+04   1.075088e+03
  1.494400e-01   1.568821e+04   1.123456e+03
  1.520830e-01   1.317313e+04   1.041428e+03
  1.547270e-01   1.446703e+04   1.081317e+03
  1.573700e-01   1.382662e+04   1.045194e+03
  1.600130e-01   1.058689e+04   9.044994e+02
  1.626570e-01   1.064641e+04   8.934272e+02
  1.653000e-01   1.205515e+04   9.651844e+02
  1.679440e-01   1.282727e+04   9.724328e+02
  1.705870e-01   1.345591e+04   1.000170e+03
  1.732300e-01   1.334119e+04   9.835252e+02
  1.758740e-01   1.280079e+04   9.594598e+02
  1.785170e-01   1.330419e+04   9.781437e+02
  1.811610e-01   1.220309e+04   9.146601e+02
  1.838040e-01   1.269714e+04   9.516909e+02
  1.864470e-01   1.238841e+04   9.233772e+02
  1.890910e-01   1.272860e+04   9.234299e+02
  1.917340e-01   1.161103e+04   8.853329e+02
  1.943780e-01   1.107669e+04   8.470558e+02
  1.970210e-01   1.255612e+04   9.206591e+02
  1.996640e-01   1.044093e+04   8.254278e+02
  2.023080e-01   1.042893e+04   8.219150e+02
  2.049510e-01   1.033486e+04   8.021406e+02
  2.075950e-01   1.060802e+04   8.041918e+02
  2.102380e-01   1.007709e+04   7.991653e+02
  2.128810e-01   9.729046e+03   7.597109e+02
  2.155250e-01   1.184836e+04   8.528637e+02
  2.181680e-01   1.041402e+04   7.940614e+02
  2.208110e-01   1.035715e+04   7.851738e+02
  2.234550e-01   1.150386e+04   8.345775e+02
  2.260980e-01   1.051460e+04   7.730490e+02
  2.287420e-01   1.059447e+04   7.810347e+02
  2.313850e-01   1.078603e+04   7.804498e+02
  2.340280e-01   1.038066e+04   7.632013e+02
  2.366720e-01   1.096929e+04   7.895867e+02
  2.393150e-01   1.080054e+04   7.675611e+02
  2.419590e-01   1.161636e+04   8.035201e+02
  2.446020e-01   1.059273e+04   7.508988e+02
  2.472450e-01   1.161994e+04   7.924730e+02
  2.498890e-01   1.093783e+04   7.676851e+02
  2.525320e-01   1.160785e+04   7.755824e+02
  2.551760e-01   9.836411e+03   7.291233e+02
  2.578190e-01   1.051137e+04   7.253537e+02
  2.604620e-01   1.067358e+04   7.383069e+02
  2.631060e-01   9.868743e+03   7.140772e+02
  2.657490e-01   9.967357e+03   7.083492e+02
  2.683920e-01   9.342674e+03   6.887511e+02
  2.710360e-01   1.040687e+04   7.097423e+02
  2.736790e-01   1.113565e+04   7.423763e+02
  2.763230e-01   9.922825e+03   6.930402e+02
  2.789660e-01   1.104192e+04   7.280827e+02
  2.816090e-01   1.049442e+04   7.107715e+02
  2.842530e-01   1.140057e+04   7.328565e+02
  2.868960e-01   1.094590e+04   7.249102e+02
  2.895400e-01   1.078250e+04   7.033728e+02
  2.921830e-01   1.111569e+04   7.160247e+02
  2.948260e-01   1.063618e+04   7.013290e+02
  2.974700e-01   1.044429e+04   6.886762e+02
  3.001130e-01   1.074671e+04   7.040402e+02
  3.027570e-01   1.159958e+04   7.139051e+02
  3.054000e-01   9.907922e+03   6.664790e+02
  3.080430e-01   1.116456e+04   6.977848e+02
  3.106870e-01   9.788370e+03   6.599317e+02
  3.133300e-01   1.002464e+04   6.595729e+02
  3.159740e-01   9.500066e+03   6.305415e+02
  3.186170e-01   1.054540e+04   6.764878e+02
  3.212600e-01   9.690486e+03   6.375872e+02
  3.239040e-01   9.340227e+03   6.297180e+02
  3.265470e-01   1.105427e+04   6.842421e+02
  3.291900e-01   1.106787e+04   6.710879e+02
  3.318340e-01   9.905455e+03   6.461607e+02
  3.344770e-01   1.038555e+04   6.478328e+02
  3.371210e-01   9.606683e+03   6.266709e+02
  3.397640e-01   9.530313e+03   6.177584e+02
  3.424070e-01   1.016939e+04   6.331188e+02
  3.450510e-01   9.318166e+03   6.157618e+02
  3.476940e-01   1.032577e+04   6.295733e+02
  3.503380e-01   1.130954e+04   6.699190e+02
  3.529810e-01   9.749216e+03   6.178315e+02
  3.556240e-01   1.063353e+04   6.423952e+02
  3.582680e-01   1.044807e+04   6.346749e+02
  3.609110e-01   1.046603e+04   6.277105e+02
  3.635550e-01   1.081604e+04   6.429470e+02
  3.661980e-01   1.172131e+04   6.593755e+02
  3.688410e-01   1.042838e+04   6.265805e+02
  3.714850e-01   1.019468e+04   6.136476e+02
  3.741280e-01   1.029305e+04   6.140319e+02
  3.767710e-01   1.005739e+04   6.120735e+02
  3.794150e-01   9.656257e+03   5.898498e+02
  3.820580e-01   9.926750e+03   6.030071e+02
  3.847020e-01   9.500824e+03   5.803552e+02
  3.873450e-01   1.016069e+04   6.050602e+02
  3.899880e-01   1.173415e+04   6.469249e+02
  3.926320e-01   1.049499e+04   6.039186e+02
  3.952750e-01   1.072774e+04   6.173119e+02
  3.979190e-01   1.068134e+04   6.056834e+02
  4.005620e-01   1.066971e+04   6.119500e+02
  4.032050e-01   9.554955e+03   5.689893e+02
  4.058490e-01   1.023811e+04   5.901146e+02
  4.084920e-01   1.079429e+04   6.130744e+02
  4.111360e-01   1.081400e+04   6.035784e+02
  4.137790e-01   1.138253e+04   6.228243e+02
  4.164220e-01   9.810616e+03   5.721667e+02
  4.190660e-01   9.968682e+03   5.745853e+02
  4.217090e-01   1.077833e+04   5.997223e+02
  4.243530e-01   9.219660e+03   5.499988e+02
  4.269960e-01   9.501190e+03   5.881089e+02
  4.296390e-01   1.066609e+04   6.231195e+02
  4.322830e-01   1.034076e+04   6.413068e+02
  4.349260e-01   9.686311e+03   6.359375e+02
  4.375690e-01   1.017722e+04   6.398365e+02
  4.402130e-01   1.028134e+04   6.622795e+02
  4.428560e-01   9.717950e+03   6.407826e+02
  4.455000e-01   9.703901e+03   6.587438e+02
  4.481430e-01   9.144072e+03   6.386497e+02
  4.507860e-01   1.039302e+04   6.808693e+02
  4.534300e-01   9.657509e+03   6.745097e+02
  4.560730e-01   1.085298e+04   7.020210e+02
  4.587170e-01   9.172812e+03   6.453968e+02
  4.613600e-01   1.120006e+04   7.041417e+02
  4.640030e-01   1.031042e+04   6.697335e+02
  4.666470e-01   1.259152e+04   7.551890e+02
  4.692900e-01   1.006804e+04   6.553734e+02
  4.719340e-01   9.848606e+03   6.670317e+02
  4.745770e-01   1.074545e+04   6.837169e+02
  4.772200e-01   9.833897e+03   6.691119e+02
  4.798640e-01   1.007427e+04   6.628381e+02
  4.825070e-01   1.063493e+04   6.496318e+02
  4.851500e-01   9.998920e+03   6.349321e+02
  4.877940e-01   9.110713e+03   5.856588e+02
  4.904370e-01   9.754100e+03   6.132350e+02
  4.930810e-01   1.035986e+04   6.147449e+02
  4.957240e-01   9.736852e+03   5.893011e+02
  4.983670e-01   1.017747e+04   6.093093e+02
  5.010110e-01   1.020423e+04   6.002487e+02
  5.036540e-01   1.119287e+04   6.286544e+02
  5.062980e-01   9.912846e+03   5.801054e+02
  5.089410e-01   1.012159e+04   5.873143e+02
  5.115840e-01   1.028350e+04   5.937182e+02
  5.142280e-01   1.062473e+04   5.948706e+02
  5.168710e-01   1.030038e+04   5.907671e+02
  5.195150e-01   1.051357e+04   5.814015e+02
  5.221580e-01   1.041424e+04   5.840017e+02
  5.248010e-01   9.914788e+03   5.677191e+02
  5.274450e-01   1.042567e+04   5.747858e+02
  5.300880e-01   1.008628e+04   5.673974e+02
  5.327320e-01   1.100026e+04   5.846574e+02
  5.353750e-01   1.077609e+04   5.870110e+02
  5.380180e-01   1.081446e+04   5.731653e+02
  5.406620e-01   9.883866e+03   5.508063e+02
  5.433050e-01   1.032197e+04   5.673465e+02
  5.459480e-01   1.063272e+04   5.707945e+02
  5.485920e-01   9.989244e+03   5.532531e+02
  5.512350e-01   9.589007e+03   5.310860e+02
  5.538790e-01   1.011027e+04   5.467007e+02
  5.565220e-01   1.073895e+04   5.667804e+02
  5.591650e-01   1.085826e+04   5.637328e+02
  5.618090e-01   1.087197e+04   5.659719e+02
  5.644520e-01   9.312524e+03   5.173624e+02
  5.670960e-01   1.053060e+04   5.542421e+02
  5.697390e-01   1.070851e+04   5.529850e+02
  5.723820e-01   9.667604e+03   5.258483e+02
  5.750260e-01   1.048079e+04   5.448706e+02
  5.776690e-01   1.091647e+04   5.556336e+02
  5.803130e-01   1.085129e+04   5.566593e+02
  5.829560e-01   9.244571e+03   5.013573e+02
  5.855990e-01   1.092438e+04   5.531775e+02
  5.882430e-01   9.843515e+03   5.209741e+02
  5.908860e-01   9.625486e+03   5.159802e+02
  5.935290e-01   1.016485e+04   5.249104e+02
  5.961730e-01   1.064710e+04   5.363933e+02
  5.988160e-01   1.049074e+04   5.312193e+02
  6.014600e-01   1.068390e+04   5.348641e+02
  6.041030e-01   1.033299e+04   5.232311e+02
  6.067460e-01   1.060848e+04   5.297620e+02
  6.093900e-01   1.003453e+04   5.114068e+02
  6.120330e-01   9.955167e+03   5.120385e+02
  6.146770e-01   1.015597e+04   5.103566e+02
  6.173200e-01   1.002814e+04   5.045706e+02
  6.199630e-01   8.621026e+03   4.654917e+02
  6.226070e-01   1.006074e+04   5.068528e+02
  6.252500e-01   1.137529e+04   5.362365e+02
  6.278940e-01   1.013904e+04   5.019572e+02
  6.305370e-01   1.036269e+04   5.074633e+02
  6.331800e-01   1.035550e+04   5.040976e+02
  6.358240e-01   9.169866e+03   4.773642e+02
  6.384670e-01   1.009247e+04   4.966182e+02
  6.411110e-01   1.015543e+04   4.985106e+02
  6.437540e-01   1.084062e+04   5.150534e+02
  6.463970e-01   1.028797e+04   5.014050e+02
  6.490410e-01   1.123640e+04   5.221998e+02
  6.516840e-01   1.073624e+04   5.100941e+02
  6.543270e-01   1.036842e+04   5.005921e+02
  6.569710e-01   1.028188e+04   5.023026e+02
  6.596140e-01   1.099697e+04   5.127366e+02
  6.622580e-01   1.094847e+04   5.144041e+02
  6.649010e-01   1.163612e+04   5.235338e+02
  6.675440e-01   9.894333e+03   4.856937e+02
  6.701880e-01   1.143906e+04   5.265256e+02
  6.728310e-01   1.030505e+04   4.907167e+02
  6.754750e-01   1.008162e+04   4.896070e+02
  6.781180e-01   1.117819e+04   5.107445e+02
  6.807610e-01   9.991157e+03   4.835060e+02
  6.834050e-01   9.806401e+03   4.768035e+02
  6.860480e-01   9.641481e+03   4.687848e+02
  6.886920e-01   1.004122e+04   4.853609e+02
  6.913350e-01   9.778356e+03   4.693761e+02
  6.939780e-01   1.043234e+04   4.917853e+02
  6.966220e-01   1.056690e+04   4.895024e+02
  6.992650e-01   1.037866e+04   4.823373e+02
  7.019080e-01   9.250009e+03   4.630797e+02
  7.045520e-01   1.026311e+04   4.754292e+02
  7.071950e-01   9.581906e+03   4.631589e+02
  7.098390e-01   1.001647e+04   4.753607e+02
  7.124820e-01   1.129202e+04   4.980696e+02
  7.151250e-01   1.007126e+04   4.763541e+02
  7.177690e-01   9.673212e+03   4.570163e+02
  7.204120e-01   1.028513e+04   4.759390e+02
  7.230560e-01   1.002764e+04   4.670338e+02
  7.256990e-01   9.751846e+03   4.622818e+02
  7.283420e-01   1.150766e+04   4.993897e+02
  7.309860e-01   1.070498e+04   4.801841e+02
  7.336290e-01   1.015815e+04   4.700632e+02
  7.362730e-01   9.674469e+03   4.545462e+02
  7.389160e-01   1.069958e+04   4.780219e+02
  7.415590e-01   9.723831e+03   4.573705e+02
  7.442030e-01   1.083122e+04   4.763565e+02
  7.468460e-01   9.936209e+03   4.617748e+02
  7.494900e-01   1.051761e+04   4.666434e+02
  7.521330e-01   1.050004e+04   4.695760e+02
  7.547760e-01   1.043015e+04   4.655206e+02
  7.574200e-01   9.828036e+03   4.543011e+02
  7.600630e-01   1.008597e+04   4.594035e+02
  7.627060e-01   9.984137e+03   4.496629e+02
  7.653500e-01   1.026051e+04   4.611758e+02
  7.679930e-01   1.039545e+04   4.612236e+02
  7.706370e-01   1.033983e+04   4.624111e+02
  7.732800e-01   1.062801e+04   4.634034e+02
  7.759230e-01   1.077848e+04   4.677463e+02
  7.785670e-01   1.037975e+04   4.600743e+02
  7.812100e-01   9.893165e+03   4.455658e+02
  7.838540e-01   1.008247e+04   4.513533e+02
  7.864970e-01   1.076941e+04   4.617345e+02
  7.891400e-01   1.026296e+04   4.504938e+02
  7.917840e-01   1.023756e+04   4.537720e+02
  7.944270e-01   1.048098e+04   4.539818e+02
  7.970710e-01   9.612201e+03   4.364676e+02
  7.997140e-01   1.014313e+04   4.443786e+02
  8.023570e-01   1.023299e+04   4.513580e+02
  8.050010e-01   1.071956e+04   4.570837e+02
  8.076440e-01   1.079192e+04   4.568584e+02
  8.102870e-01   1.049356e+04   4.519898e+02
  8.129310e-01   1.112276e+04   4.630465e+02
  8.155740e-01   9.839718e+03   4.352835e+02
  8.182180e-01   1.041906e+04   4.454868e+02
  8.208610e-01   1.088348e+04   4.550613e+02
  8.235040e-01   1.026983e+04   4.427640e+02
  8.261480e-01   1.016632e+04   4.407657e+02
  8.287910e-01   1.030299e+04   4.413318e+02
  8.314350e-01   9.684898e+03   4.247109e+02
  8.340780e-01   1.033299e+04   4.422110e+02
  8.367210e-01   1.040955e+04   4.426593e+02
  8.393650e-01   9.908396e+03   4.295835e+02
  8.420080e-01   1.023405e+04   4.379770e+02
  8.446520e-01   9.354452e+03   4.122064e+02
  8.472950e-01   1.009759e+04   4.357430e+02
  8.499380e-01   1.021795e+04   4.337280e+02
  8.525820e-01   1.022632e+04   4.309881e+02
  8.552250e-01   9.518346e+03   4.186164e+02
  8.578690e-01   9.878472e+03   4.266850e+02
  8.605120e-01   1.065339e+04   4.559229e+02
  8.631550e-01   1.074474e+04   4.548612e+02
  8.657990e-01   1.013538e+04   4.461853e+02
  8.684420e-01   1.065477e+04   4.597874e+02
  8.710850e-01   1.004853e+04   4.427909e+02
  8.737290e-01   1.004508e+04   4.492295e+02
  8.763720e-01   1.078442e+04   4.569504e+02
  8.790160e-01   9.845948e+03   4.429902e+02
  8.816590e-01   9.763560e+03   4.451800e+02
  8.843020e-01   9.910724e+03   4.414587e+02
  8.869460e-01   1.036065e+04   4.539082e+02
  8.895890e-01   1.088236e+04   4.487811e+02
  8.922330e-01   1.021340e+04   4.387033e+02
  8.948760e-01   9.617073e+03   4.201238e+02
  8.975190e-01   1.042356e+04   4.335630e+02
  9.001630e-01   1.063029e+04   4.421619e+02
  9.028060e-01   1.047475e+04   4.330776e+02
  9.054500e-01   1.010960e+04   4.287424e+02
  9.080930e-01   1.033086e+04   4.274939e+02
  9.107360e-01   9.692251e+03   4.136552e+02
  9.133800e-01   9.766507e+03   4.179679e+02
  9.160230e-01   1.034239e+04   4.268762e+02
  9.186660e-01   9.557595e+03   4.101557e+02
  9.213100e-01   9.577455e+03   4.065403e+02
  9.239530e-01   1.052225e+04   4.299276e+02
  9.265970e-01   1.028658e+04   4.252977e+02
  9.292400e-01   9.133915e+03   3.948936e+02
  9.318830e-01   1.071100e+04   4.322606e+02
  9.345270e-01   1.037416e+04   4.200375e+02
  9.371700e-01   1.064087e+04   4.297808e+02
  9.398140e-01   1.022550e+04   4.164146e+02
  9.424570e-01   9.814422e+03   4.054300e+02
  9.451000e-01   1.075206e+04   4.280328e+02
  9.477440e-01   1.010160e+04   4.117104e+02
  9.503870e-01   1.058516e+04   4.261426e+02
  9.530310e-01   1.003763e+04   4.054159e+02
  9.556740e-01   1.074948e+04   4.249104e+02
  9.583170e-01   9.885885e+03   4.046024e+02
  9.609610e-01   1.034484e+04   4.121482e+02
  9.636040e-01   1.002521e+04   4.085973e+02
  9.662480e-01   1.038122e+04   4.090775e+02
  9.688910e-01   1.053207e+04   4.156675e+02
  9.715340e-01   1.023568e+04   4.084482e+02
  9.741780e-01   1.003618e+04   3.998508e+02
  9.768210e-01   1.016423e+04   4.036731e+02
  9.794640e-01   1.000763e+04   3.958957e+02
  9.821080e-01   9.887762e+03   3.974227e+02
  9.847510e-01   1.018098e+04   4.052984e+02
  9.873950e-01   1.071385e+04   4.212049e+02
  9.900380e-01   9.402565e+03   4.020246e+02
  9.926810e-01   9.835886e+03   4.101848e+02
  9.953250e-01   1.005792e+04   4.220209e+02
  9.979680e-01   1.010066e+04   4.212267e+02
  1.000610e+00   1.090618e+04   4.430334e+02
  1.003250e+00   9.651554e+03   4.180552e+02
  1.005900e+00   9.283752e+03   4.114951e+02
  1.008540e+00   1.039874e+04   4.370916e+02
  1.011190e+00   1.050897e+04   4.394022e+02
  1.013830e+00   9.622429e+03   4.265067e+02
  1.016470e+00   9.819543e+03   4.285600e+02
  1.019120e+00   1.028409e+04   4.409267e+02
  1.021760e+00   1.094575e+04   4.548898e+02
  1.024400e+00   9.283163e+03   4.193706e+02
  1.027050e+00   9.916742e+03   4.369838e+02
  1.029690e+00   9.606947e+03   4.270809e+02
  1.032330e+00   9.956911e+03   4.400375e+02
  1.034980e+00   9.934980e+03   4.390682e+02
  1.037620e+00   1.018421e+04   4.440525e+02
  1.040260e+00   1.029233e+04   4.466489e+02
  1.042910e+00   1.004502e+04   4.241009e+02
  1.045550e+00   1.032653e+04   4.344402e+02
  1.048190e+00   1.102968e+04   4.426057e+02
  1.050840e+00   9.282410e+03   4.032021e+02
  1.053480e+00   1.012011e+04   4.191323e+02
  1.056120e+00   1.023811e+04   4.172740e+02
  1.058770e+00   1.008030e+04   4.160586e+02
  1.061410e+00   1.039203e+04   4.193883e+02
  1.064050e+00   1.080636e+04   4.258302e+02
  1.066700e+00   1.051835e+04   4.177370e+02
  1.069340e+00   1.022564e+04   4.103410e+02
  1.071980e+00   1.028473e+04   4.140478e+02
  1.074630e+00   1.037173e+04   4.087036e+02
  1.077270e+00   9.432926e+03   3.933802e+02
  1.079910e+00   9.454920e+03   3.905791e+02
  1.082560e+00   1.011319e+04   3.997588e+02
  1.085200e+00   9.857715e+03   3.971787e+02
  1.087840e+00   9.798755e+03   3.907020e+02
  1.090490e+00   9.902802e+03   3.961121e+02
  1.093130e+00   1.026217e+04   4.003653e+02
  1.095770e+00   1.073686e+04   4.093390e+02
  1.098420e+00   1.001260e+04   3.942456e+02
  1.101060e+00   1.027265e+04   3.977588e+02
  1.103700e+00   9.416550e+03   3.828372e+02
  1.106350e+00   9.853171e+03   3.888736e+02
  1.108990e+00   9.613156e+03   3.817872e+02
  1.111630e+00   9.957945e+03   3.879065e+02
  1.114280e+00   9.721383e+03   3.827791e+02
  1.116920e+00   9.709721e+03   3.865379e+02
  1.119560e+00   1.014431e+04   3.878774e+02
  1.122210e+00   1.028532e+04   3.935567e+02
  1.124850e+00   1.016427e+04   3.900689e+02
  1.127490e+00   1.020525e+04   3.913535e+02
  1.130140e+00   1.056843e+04   3.985960e+02
  1.132780e+00   1.016770e+04   3.884878e+02
  1.135420e+00   1.054767e+04   3.958470e+02
  1.138070e+00   1.019431e+04   3.875295e+02
  1.140710e+00   9.617135e+03   3.775056e+02
  1.143350e+00   9.858990e+03   3.817416e+02
  1.146000e+00   9.926234e+03   3.806537e+02
  1.148640e+00   1.004687e+04   3.858476e+02
  1.151280e+00   1.019441e+04   3.844893e+02
  1.153930e+00   9.909813e+03   3.800240e+02
  1.156570e+00   1.032243e+04   3.865779e+02
  1.159220e+00   9.788370e+03   3.753668e+02
  1.161860e+00   1.041392e+04   3.897311e+02
  1.164500e+00   1.070185e+04   3.894800e+02
  1.167150e+00   9.956720e+03   3.790458e+02
  1.169790e+00   9.359247e+03   3.632092e+02
  1.172430e+00   1.048856e+04   3.871398e+02
  1.175080e+00   1.051714e+04   3.876669e+02
  1.177720e+00   9.774386e+03   3.697012e+02
  1.180360e+00   9.550788e+03   3.689791e+02
  1.183010e+00   1.076176e+04   3.880791e+02
  1.185650e+00   1.024595e+04   3.807876e+02
  1.188290e+00   9.940392e+03   3.725319e+02
  1.190940e+00   1.079878e+04   3.869065e+02
  1.193580e+00   9.791487e+03   3.706132e+02
  1.196220e+00   1.029042e+04   3.765066e+02
  1.198870e+00   9.619207e+03   3.648773e+02
  1.201510e+00   1.021714e+04   3.745784e+02
  1.204150e+00   9.766941e+03   3.668052e+02
  1.206800e+00   9.542508e+03   3.632771e+02
  1.209440e+00   1.009129e+04   3.699646e+02
  1.212080e+00   9.654094e+03   3.641111e+02
  1.214730e+00   1.004273e+04   3.699287e+02
  1.217370e+00   1.027102e+04   3.728145e+02
  1.220010e+00   9.791379e+03   3.641453e+02
  1.222660e+00   9.884189e+03   3.621287e+02
  1.225300e+00   1.056601e+04   3.785667e+02
  1.227940e+00   1.009496e+04   3.686157e+02
  1.230590e+00   1.011391e+04   3.678392e+02
  1.233230e+00   9.731927e+03   3.606892e+02
  1.235870e+00   1.055824e+04   3.732902e+02
  1.238520e+00   9.612833e+03   3.587478e+02
  1.241160e+00   9.685179e+03   3.584646e+02
  1.243800e+00   1.011853e+04   3.639381e+02
  1.246450e+00   9.937945e+03   3.621588e+02
  1.249090e+00   1.019842e+04   3.672872e+02
  1.251730e+00   1.077530e+04   3.776739e+02
  1.254380e+00   1.021545e+04   3.629901e+02
  1.257020e+00   9.610399e+03   3.552106e+02
  1.259660e+00   1.021208e+04   3.633294e+02
  1.262310e+00   1.027670e+04   3.660923e+02
  1.264950e+00   1.001024e+04   3.614488e+02
  1.267590e+00   9.880445e+03   3.549161e+02
  1.270240e+00   9.911530e+03   3.574189e+02
  1.272880e+00   9.765556e+03   3.540011e+02
  1.275520e+00   1.013806e+04   3.616125e+02
  1.278170e+00   9.723490e+03   3.513240e+02
  1.280810e+00   1.024036e+04   3.625048e+02
  1.283450e+00   9.870768e+03   3.552567e+02
  1.286100e+00   1.024718e+04   3.602716e+02
  1.288740e+00   1.044940e+04   3.644648e+02
  1.291380e+00   9.463244e+03   3.432679e+02
  1.294030e+00   1.017170e+04   3.598489e+02
  1.296670e+00   9.671473e+03   3.501308e+02
  1.299310e+00   9.307246e+03   3.403066e+02
  1.301960e+00   1.016772e+04   3.559414e+02
  1.304600e+00   1.019008e+04   3.552040e+02
  1.307240e+00   1.000854e+04   3.554136e+02
  1.309890e+00   1.035690e+04   3.573471e+02
  1.312530e+00   1.006627e+04   3.530394e+02
  1.315180e+00   1.030340e+04   3.559252e+02
  1.317820e+00   9.201067e+03   3.355284e+02
  1.320460e+00   9.751432e+03   3.465021e+02
  1.323110e+00   1.021569e+04   3.503954e+02
  1.325750e+00   1.028895e+04   3.539506e+02
  1.328390e+00   1.043869e+04   3.549262e+02
  1.331040e+00   1.009551e+04   3.483281e+02
  1.333680e+00   1.017045e+04   3.515423e+02
  1.336320e+00   1.003407e+04   3.453869e+02
  1.338970e+00   9.725045e+03   3.434033e+02
  1.341610e+00   9.587376e+03   3.400292e+02
  1.344250e+00   1.066886e+04   3.560245e+02
  1.346900e+00   1.025784e+04   3.504011e+02
  1.349540e+00   9.639288e+03   3.368240e+02
  1.352180e+00   1.048955e+04   3.554247e+02
  1.354830e+00   1.003588e+04   3.448368e+02
  1.357470e+00   1.035715e+04   3.511404e+02
  1.360110e+00   1.001354e+04   3.455000e+02
  1.362760e+00   9.370573e+03   3.344501e+02
  1.365400e+00   1.010576e+04   3.482674e+02
  1.368040e+00   1.025152e+04   3.459719e+02
  1.370690e+00   1.043125e+04   3.520375e+02
  1.373330e+00   9.698240e+03   3.401321e+02
  1.375970e+00   9.570705e+03   3.360729e+02
  1.378620e+00   1.007991e+04   3.459416e+02
  1.381260e+00   1.003308e+04   3.419264e+02
  1.383900e+00   1.042954e+04   3.511809e+02
  1.386550e+00   1.021718e+04   3.461960e+02
  1.389190e+00   9.944360e+03   3.410887e+02
  1.391830e+00   9.939856e+03   3.403342e+02
  1.394480e+00   9.701563e+03   3.363412e+02
  1.397120e+00   1.031705e+04   3.485807e+02
  1.399760e+00   1.038598e+04   3.469711e+02
  1.402410e+00   9.861160e+03   3.366544e+02
  1.405050e+00   9.684652e+03   3.361592e+02
  1.407690e+00   1.004982e+04   3.413099e+02
  1.410340e+00   1.060396e+04   3.509398e+02
  1.412980e+00   9.834163e+03   3.355373e+02
  1.415620e+00   9.956607e+03   3.379493e+02
  1.418270e+00   1.020723e+04   3.440855e+02
  1.420910e+00   9.797303e+03   3.354533e+02
  1.423550e+00   9.785817e+03   3.352566e+02
  1.426200e+00   1.063771e+04   3.486369e+02
  1.428840e+00   9.712195e+03   3.331256e+02
  1.431480e+00   9.962075e+03   3.371652e+02
  1.434130e+00   1.044760e+04   3.429592e+02
  1.436770e+00   9.493326e+03   3.289242e+02
  1.439410e+00   1.014501e+04   3.410206e+02
  1.442060e+00   9.768200e+03   3.328994e+02
  1.444700e+00   9.929919e+03   3.360768e+02
  1.447340e+00   9.736264e+03   3.297115e+02
  1.449990e+00   9.267244e+03   3.236262e+02
  1.452630e+00   9.680308e+03   3.308661e+02
  1.455270e+00   1.051968e+04   3.440305e+02
  1.457920e+00   1.009669e+04   3.354402e+02
  1.460560e+00   9.945528e+03   3.328144e+02
  1.463200e+00   1.026933e+04   3.402382e+02
  1.465850e+00   1.071203e+04   3.457294e+02
  1.468490e+00   9.962496e+03   3.339436e+02
  1.471140e+00   1.063543e+04   3.425441e+02
  1.473780e+00   1.030867e+04   3.402368e+02
  1.476420e+00   1.044916e+04   3.408141e+02
  1.479070e+00   9.623487e+03   3.264544e+02
  1.481710e+00   1.000684e+04   3.315413e+02
  1.484350e+00   1.011668e+04   3.333560e+02
  1.487000e+00   9.986741e+03   3.338199e+02
  1.489640e+00   1.017071e+04   3.327958e+02
  1.492280e+00   1.035051e+04   3.381364e+02
  1.494930e+00   1.012252e+04   3.321090e+02
  1.497570e+00   1.054283e+04   3.406232e+02
  1.500210e+00   1.025948e+04   3.357005e+02
  1.502860e+00   9.851054e+03   3.269187e+02
  1.505500e+00   9.652471e+03   3.261268e+02
  1.508140e+00   9.871907e+03   3.279721e+02
  1.510790e+00   9.883601e+03   3.274583e+02
  1.513430e+00   1.059099e+04   3.391832e+02
  1.516070e+00   1.062532e+04   3.383791e+02
  1.518720e+00   1.039241e+04   3.368200e+02
  1.521360e+00   1.013714e+04   3.301108e+02
  1.524000e+00   9.937023e+03   3.274361e+02
  1.526650e+00   1.004947e+04   3.298901e+02
  1.529290e+00   1.015372e+04   3.297776e+02
  1.531930e+00   9.679002e+03   3.253561e+02
  1.534580e+00   1.053314e+04   3.347651e+02
  1.537220e+00   1.025109e+04   3.308526e+02
  1.539860e+00   9.469845e+03   3.188663e+02
  1.542510e+00   9.966989e+03   3.268305e+02
  1.545150e+00   9.849773e+03   3.266963e+02
  1.547790e+00   9.868451e+03   3.307912e+02
  1.550440e+00   9.989483e+03   3.382866e+02
  1.553080e+00   9.869886e+03   3.363648e+02
  1.555720e+00   9.803876e+03   3.376634e+02
  1.558370e+00   9.805393e+03   3.399408e+02
  1.561010e+00   1.023383e+04   3.463626e+02
  1.563650e+00   1.002987e+04   3.489840e+02
  1.566300e+00   9.544648e+03   3.364047e+02
  1.568940e+00   9.851651e+03   3.455125e+02
  1.571580e+00   9.642214e+03   3.411170e+02
  1.574230e+00   1.020964e+04   3.556697e+02
  1.576870e+00   1.084058e+04   3.675302e+02
  1.579510e+00   9.961266e+03   3.493568e+02
  1.582160e+00   9.964574e+03   3.527421e+02
  1.584800e+00   1.025402e+04   3.565673e+02
  1.587440e+00   1.006074e+04   3.583991e+02
  1.590090e+00   1.029999e+04   3.614587e+02
  1.592730e+00   1.005375e+04   3.545683e+02
  1.595370e+00   1.018825e+04   3.631718e+02
  1.598020e+00   9.905118e+03   3.562623e+02
  1.600660e+00   9.609236e+03   3.506460e+02
  1.603300e+00   9.931187e+03   3.470238e+02
  1.605950e+00   9.754917e+03   3.427528e+02
  1.608590e+00   1.042001e+04   3.538820e+02
  1.611230e+00   1.061108e+04   3.517540e+02
  1.613880e+00   1.002261e+04   3.435706e+02
  1.616520e+00   1.036010e+04   3.449537e+02
  1.619160e+00   9.728889e+03   3.364807e+02
  1.621810e+00   1.029912e+04   3.462012e+02
  1.624450e+00   1.015011e+04   3.381493e+02
  1.627100e+00   9.834163e+03   3.355373e+02
  1.629740e+00   1.000853e+04   3.356753e+02
  1.632380e+00   9.703087e+03   3.334020e+02
  1.635030e+00   9.265489e+03   3.229747e+02
  1.637670e+00   9.800744e+03   3.303830e+02
  1.640310e+00   9.598023e+03   3.299868e+02
  1.642960e+00   1.038365e+04   3.386773e+02
  1.645600e+00   9.751222e+03   3.296515e+02
  1.648240e+00   9.783478e+03   3.281273e+02
  1.650890e+00   1.000180e+04   3.322876e+02
  1.653530e+00   9.987099e+03   3.330884e+02
  1.656170e+00   1.001782e+04   3.317233e+02
  1.658820e+00   1.031198e+04   3.381430e+02
  1.661460e+00   1.014133e+04   3.327263e+02
  1.664100e+00   9.577030e+03   3.263843e+02
  1.666750e+00   1.003016e+04   3.328627e+02
  1.669390e+00   1.013448e+04   3.310790e+02
  1.672030e+00   9.334238e+03   3.211076e+02
  1.674680e+00   1.039902e+04   3.347563e+02
  1.677320e+00   9.404920e+03   3.220183e+02
  1.679960e+00   1.015611e+04   3.314321e+02
  1.682610e+00   9.842152e+03   3.253715e+02
  1.685250e+00   1.024135e+04   3.345705e+02
  1.687890e+00   9.241372e+03   3.158636e+02
  1.690540e+00   9.868838e+03   3.266109e+02
  1.693180e+00   9.594016e+03   3.189159e+02
  1.695820e+00   9.815875e+03   3.250361e+02
  1.698470e+00   1.003066e+04   3.307009e+02
  1.701110e+00   1.019940e+04   3.283303e+02
  1.703750e+00   9.591637e+03   3.227843e+02
  1.706400e+00   9.943537e+03   3.231215e+02
  1.709040e+00   1.001764e+04   3.272619e+02
  1.711680e+00   1.082360e+04   3.400689e+02
  1.714330e+00   1.045573e+04   3.316357e+02
  1.716970e+00   9.736291e+03   3.220479e+02
  1.719610e+00   9.680922e+03   3.207433e+02
  1.722260e+00   9.668224e+03   3.201469e+02
  1.724900e+00   9.851183e+03   3.211394e+02
  1.727540e+00   1.018340e+04   3.268009e+02
  1.730190e+00   9.793070e+03   3.218202e+02
  1.732830e+00   9.928454e+03   3.229726e+02
  1.735470e+00   9.857409e+03   3.221995e+02
  1.738120e+00   1.000988e+04   3.232360e+02
  1.740760e+00   1.010690e+04   3.251841e+02
  1.743400e+00   1.019501e+04   3.265016e+02
  1.746050e+00   1.026039e+04   3.272557e+02
  1.748690e+00   1.015724e+04   3.251253e+02
  1.751330e+00   9.403028e+03   3.115362e+02
  1.753980e+00   9.893058e+03   3.218212e+02
  1.756620e+00   9.304682e+03   3.098120e+02
  1.759260e+00   1.012863e+04   3.237126e+02
  1.761910e+00   9.372063e+03   3.110228e+02
  1.764550e+00   1.009760e+04   3.232162e+02
  1.767190e+00   9.720146e+03   3.180529e+02
  1.769840e+00   9.878898e+03   3.171923e+02
  1.772480e+00   9.915224e+03   3.193479e+02
  1.775120e+00   9.717366e+03   3.139538e+02
  1.777770e+00   9.600197e+03   3.129575e+02
  1.780410e+00   9.827203e+03   3.178345e+02
  1.783060e+00   1.004357e+04   3.180831e+02
  1.785700e+00   1.007389e+04   3.211438e+02
  1.788340e+00   1.014215e+04   3.212052e+02
  1.790990e+00   1.029960e+04   3.220198e+02
  1.793630e+00   9.891584e+03   3.177635e+02
  1.796270e+00   1.034358e+04   3.215146e+02
  1.798920e+00   9.978667e+03   3.199014e+02
  1.801560e+00   1.056137e+04   3.260863e+02
  1.804200e+00   1.002204e+04   3.175604e+02
  1.806850e+00   1.024834e+04   3.216773e+02
  1.809490e+00   9.835300e+03   3.144982e+02
  1.812130e+00   9.281379e+03   3.102423e+02
  1.814780e+00   9.740540e+03   3.122674e+02
  1.817420e+00   9.908181e+03   3.174786e+02
  1.820060e+00   9.472287e+03   3.107756e+02
  1.822710e+00   1.016837e+04   3.217129e+02
  1.825350e+00   9.389310e+03   3.104010e+02
  1.827990e+00   1.034690e+04   3.234987e+02
  1.830640e+00   9.932063e+03   3.205559e+02
  1.833280e+00   9.625136e+03   3.122807e+02
  1.835920e+00   9.999178e+03   3.202300e+02
  1.838570e+00   9.653162e+03   3.141837e+02
  1.841210e+00   9.713204e+03   3.131663e+02
  1.843850e+00   9.334466e+03   3.114952e+02
  1.846500e+00   9.519979e+03   3.108383e+02
  1.849140e+00   9.999178e+03   3.202300e+02
  1.851780e+00   1.012400e+04   3.230699e+02
  1.854430e+00   9.860960e+03   3.172712e+02
  1.857070e+00   9.602857e+03   3.155695e+02
  1.859710e+00   9.605818e+03   3.111630e+02
  1.862360e+00   9.633816e+03   3.150595e+02
  1.865000e+00   1.001828e+04   3.203493e+02
  1.867640e+00   1.022214e+04   3.240636e+02
  1.870290e+00   9.812369e+03   3.176872e+02
  1.872930e+00   9.636056e+03   3.116523e+02
  1.875570e+00   1.021470e+04   3.254675e+02
  1.878220e+00   1.003436e+04   3.206995e+02
  1.880860e+00   9.304909e+03   3.082854e+02
  1.883500e+00   1.010505e+04   3.236207e+02
  1.886150e+00   1.010683e+04   3.188099e+02
  1.888790e+00   9.515957e+03   3.144161e+02
  1.891430e+00   1.010133e+04   3.199122e+02
  1.894080e+00   9.438785e+03   3.120366e+02
  1.896720e+00   9.376891e+03   3.110119e+02
  1.899360e+00   9.954159e+03   3.189518e+02
  1.902010e+00   1.004142e+04   3.224105e+02
  1.904650e+00   9.429071e+03   3.081988e+02
  1.907290e+00   9.273735e+03   3.092964e+02
  1.909940e+00   9.603918e+03   3.127466e+02
  1.912580e+00   1.013174e+04   3.241431e+02
  1.915220e+00   1.027779e+04   3.248498e+02
  1.917870e+00   1.025754e+04   3.222837e+02
  1.920510e+00   1.037202e+04   3.265259e+02
  1.923150e+00   9.950557e+03   3.198230e+02
  1.925800e+00   1.014245e+04   3.218610e+02
  1.928440e+00   9.611334e+03   3.143242e+02
  1.931080e+00   9.836972e+03   3.163357e+02
  1.933730e+00   9.357543e+03   3.110553e+02
  1.936370e+00   9.968816e+03   3.190940e+02
  1.939020e+00   9.748672e+03   3.154596e+02
  1.941660e+00   1.027694e+04   3.241758e+02
  1.944300e+00   1.033160e+04   3.254148e+02
  1.946950e+00   9.325313e+03   3.101553e+02
  1.949590e+00   1.018983e+04   3.215881e+02
  1.952230e+00   9.719800e+03   3.161851e+02
  1.954880e+00   9.809920e+03   3.164490e+02
  1.957520e+00   1.021187e+04   3.239007e+02
  1.960160e+00   9.883866e+03   3.180082e+02
  1.962810e+00   1.012029e+04   3.206738e+02
  1.965450e+00   9.599139e+03   3.147682e+02
  1.968090e+00   9.652890e+03   3.131811e+02
  1.970740e+00   9.617840e+03   3.136994e+02
  1.973380e+00   9.572483e+03   3.120540e+02
  1.976020e+00   1.018873e+04   3.220348e+02
  1.978670e+00   1.000589e+04   3.219342e+02
  1.981310e+00   1.018443e+04   3.220600e+02
  1.983950e+00   1.005046e+04   3.210501e+02
  1.986600e+00   9.386709e+03   3.083000e+02
  1.989240e+00   1.027180e+04   3.246606e+02
  1.991880e+00   1.003152e+04   3.202817e+02
  1.994530e+00   9.911977e+03   3.151825e+02
  1.997170e+00   9.182642e+03   3.084969e+02
  1.999810e+00   1.028616e+04   3.214425e+02
  2.002460e+00   1.041867e+04   3.257426e+02
  2.005100e+00   9.508220e+03   3.102890e+02
  2.007740e+00   1.001494e+04   3.171764e+02
  2.010390e+00   9.476921e+03   3.119367e+02
  2.013030e+00   9.412237e+03   3.074844e+02
  2.015670e+00   1.018728e+04   3.200763e+02
  2.018320e+00   9.879013e+03   3.135010e+02
  2.020960e+00   9.525181e+03   3.098542e+02
  2.023600e+00   9.774892e+03   3.143393e+02
  2.026250e+00   9.823723e+03   3.125343e+02
  2.028890e+00   9.722963e+03   3.141347e+02
  2.031530e+00   9.527051e+03   3.081269e+02
  2.034180e+00   9.346205e+03   3.076341e+02
  2.036820e+00   9.666920e+03   3.113505e+02
  2.039460e+00   1.008224e+04   3.166198e+02
  2.042110e+00   9.547875e+03   3.107568e+02
  2.044750e+00   1.005517e+04   3.171805e+02
  2.047390e+00   9.876431e+03   3.167867e+02
  2.050040e+00   9.767414e+03   3.113738e+02
  2.052680e+00   9.998120e+03   3.160104e+02
  2.055320e+00   9.889803e+03   3.167272e+02
  2.057970e+00   9.969861e+03   3.151172e+02
  2.060610e+00   9.772762e+03   3.131395e+02
  2.063250e+00   9.492558e+03   3.076556e+02
  2.065900e+00   1.028030e+04   3.212593e+02
  2.068540e+00   9.486412e+03   3.095774e+02
  2.071180e+00   9.288795e+03   3.029671e+02
  2.073830e+00   9.638903e+03   3.122347e+02
  2.076470e+00   9.523819e+03   3.073799e+02
  2.079110e+00   9.921514e+03   3.174174e+02
  2.081760e+00   1.022882e+04   3.191834e+02
  2.084400e+00   9.865098e+03   3.119618e+02
  2.087040e+00   9.816481e+03   3.151882e+02
  2.089690e+00   9.254762e+03   3.042947e+02
  2.092330e+00   9.848916e+03   3.152561e+02
  2.094980e+00   9.902034e+03   3.136006e+02
  2.097620e+00   8.710102e+03   2.942871e+02
  2.100260e+00   9.531133e+03   3.090681e+02
  2.102910e+00   9.921319e+03   3.145269e+02
  2.105550e+00   9.478611e+03   3.099837e+02
  2.108190e+00   9.895782e+03   3.207241e+02
  2.110840e+00   9.989187e+03   3.287981e+02
  2.113480e+00   9.745785e+03   3.266795e+02
  2.116120e+00   9.715997e+03   3.247700e+02
  2.118770e+00   9.480309e+03   3.255552e+02
  2.121410e+00   9.394627e+03   3.220437e+02
  2.124050e+00   9.776786e+03   3.365308e+02
  2.126700e+00   9.007563e+03   3.192646e+02
  2.129340e+00   9.610399e+03   3.327809e+02
  2.131980e+00   9.483582e+03   3.334250e+02
  2.134630e+00   9.691070e+03   3.363819e+02
  2.137270e+00   9.805813e+03   3.441166e+02
  2.139910e+00   9.818169e+03   3.383564e+02
  2.142560e+00   9.846305e+03   3.455376e+02
  2.145200e+00   9.700793e+03   3.429748e+02
  2.147840e+00   9.734290e+03   3.441591e+02
  2.150490e+00   9.538049e+03   3.417361e+02
  2.153130e+00   9.812390e+03   3.432921e+02
  2.155770e+00   9.864679e+03   3.509695e+02
  2.158420e+00   9.719998e+03   3.493781e+02
  2.161060e+00   9.928976e+03   3.475837e+02
  2.163700e+00   9.921071e+03   3.425134e+02
  2.166350e+00   1.021079e+04   3.424588e+02
  2.168990e+00   9.775439e+03   3.372847e+02
  2.171630e+00   9.704741e+03   3.326742e+02
  2.174280e+00   9.708003e+03   3.312328e+02
  2.176920e+00   9.935735e+03   3.370467e+02
  2.179560e+00   1.026483e+04   3.376880e+02
  2.182210e+00   9.898226e+03   3.316031e+02
  2.184850e+00   9.830048e+03   3.293190e+02
  2.187490e+00   9.628509e+03   3.264370e+02
  2.190140e+00   9.133741e+03   3.195492e+02
  2.192780e+00   9.030047e+03   3.155354e+02
  2.195420e+00   9.720864e+03   3.247513e+02
  2.198070e+00   1.011001e+04   3.316988e+02
  2.200710e+00   9.697060e+03   3.259631e+02
  2.203350e+00   9.481211e+03   3.244404e+02
  2.206000e+00   9.714882e+03   3.245514e+02
  2.208640e+00   8.891456e+03   3.116454e+02
  2.211280e+00   9.911409e+03   3.296486e+02
  2.213930e+00   9.565879e+03   3.226491e+02
  2.216570e+00   9.883331e+03   3.290789e+02
  2.219210e+00   9.331539e+03   3.169157e+02
  2.221860e+00   9.885464e+03   3.286040e+02
  2.224500e+00   9.853990e+03   3.282840e+02
  2.227140e+00   9.082443e+03   3.148770e+02
  2.229790e+00   9.686672e+03   3.248806e+02
  2.232430e+00   9.569912e+03   3.224185e+02
  2.235070e+00   1.019820e+04   3.345921e+02
  2.237720e+00   9.551446e+03   3.240106e+02
  2.240360e+00   9.910040e+03   3.294209e+02
  2.243010e+00   9.821180e+03   3.277370e+02
  2.245650e+00   9.208723e+03   3.173536e+02
  2.248290e+00   9.582491e+03   3.241326e+02
  2.250940e+00   9.773595e+03   3.290941e+02
  2.253580e+00   9.621222e+03   3.226854e+02
  2.256220e+00   1.002559e+04   3.321626e+02
  2.258870e+00   9.390929e+03   3.224858e+02
  2.261510e+00   9.849167e+03   3.283056e+02
  2.264150e+00   9.217995e+03   3.190019e+02
  2.266800e+00   9.771272e+03   3.277179e+02
  2.269440e+00   9.636460e+03   3.259581e+02
  2.272080e+00   9.504291e+03   3.250399e+02
  2.274730e+00   9.759259e+03   3.263985e+02
  2.277370e+00   9.471903e+03   3.233655e+02
  2.280010e+00   9.467779e+03   3.222870e+02
  2.282660e+00   9.713640e+03   3.272608e+02
  2.285300e+00   9.463515e+03   3.225157e+02
  2.287940e+00   9.628262e+03   3.242005e+02
  2.290590e+00   1.024157e+04   3.378382e+02
  2.293230e+00   1.014858e+04   3.317168e+02
  2.295870e+00   8.887101e+03   3.138144e+02
  2.298520e+00   9.460268e+03   3.216588e+02
  2.301160e+00   9.758931e+03   3.282284e+02
  2.303800e+00   9.575579e+03   3.284396e+02
  2.306450e+00   1.015776e+04   3.316628e+02
  2.309090e+00   9.894725e+03   3.318584e+02
  2.311730e+00   9.517589e+03   3.232343e+02
  2.314380e+00   9.644586e+03   3.266069e+02
  2.317020e+00   9.595203e+03   3.270036e+02
  2.319660e+00   1.003383e+04   3.304467e+02
  2.322310e+00   9.667495e+03   3.292762e+02
  2.324950e+00   9.818844e+03   3.282078e+02
  2.327590e+00   9.608382e+03   3.265061e+02
  2.330240e+00   9.654129e+03   3.286304e+02
  2.332880e+00   9.526779e+03   3.229880e+02
  2.335520e+00   9.847275e+03   3.332798e+02
  2.338170e+00   9.816494e+03   3.286805e+02
  2.340810e+00   9.657450e+03   3.261089e+02
  2.343450e+00   9.660991e+03   3.279154e+02
  2.346100e+00   9.651418e+03   3.259052e+02
  2.348740e+00   9.608368e+03   3.276426e+02
  2.351380e+00   9.798079e+03   3.271483e+02
  2.354030e+00   9.609396e+03   3.256020e+02
  2.356670e+00   9.811881e+03   3.305707e+02
  2.359310e+00   9.761468e+03   3.277580e+02
  2.361960e+00   1.011711e+04   3.348275e+02
  2.364600e+00   9.850460e+03   3.285312e+02
  2.367240e+00   1.011589e+04   3.360779e+02
  2.369890e+00   9.460049e+03   3.229607e+02
  2.372530e+00   9.456308e+03   3.247310e+02
  2.375170e+00   1.047800e+04   3.413918e+02
  2.377820e+00   1.004144e+04   3.315977e+02
  2.380460e+00   9.732436e+03   3.299605e+02
  2.383100e+00   9.595513e+03   3.236486e+02
  2.385750e+00   9.715497e+03   3.286316e+02
  2.388390e+00   9.254681e+03   3.189374e+02
  2.391030e+00   9.500802e+03   3.241632e+02
  2.393680e+00   9.321907e+03   3.204938e+02
  2.396320e+00   9.842749e+03   3.271841e+02
  2.398970e+00   9.773595e+03   3.290941e+02
  2.401610e+00   9.979803e+03   3.288457e+02
  2.404250e+00   9.476921e+03   3.246740e+02
  2.406900e+00   9.451723e+03   3.221139e+02
  2.409540e+00   9.522348e+03   3.219141e+02
  2.412180e+00   9.346154e+03   3.232435e+02
  2.414830e+00   9.880154e+03   3.277040e+02
  2.417470e+00   9.482058e+03   3.246595e+02
  2.420110e+00   9.181151e+03   3.167798e+02
  2.422760e+00   8.880887e+03   3.122354e+02
  2.425400e+00   1.006645e+04   3.346201e+02
  2.428040e+00   9.389539e+03   3.205536e+02
  2.430690e+00   9.810616e+03   3.303406e+02
  2.433330e+00   9.153186e+03   3.160031e+02
  2.435970e+00   9.289039e+03   3.218461e+02
  2.438620e+00   9.338216e+03   3.223910e+02
  2.441260e+00   9.828546e+03   3.281656e+02
  2.443900e+00   9.331004e+03   3.217587e+02
  2.446550e+00   9.701984e+03   3.259445e+02
  2.449190e+00   9.932970e+03   3.323942e+02
  2.451830e+00   1.023900e+04   3.368385e+02
  2.454480e+00   9.822629e+03   3.288859e+02
  2.457120e+00   9.566558e+03   3.275527e+02
  2.459760e+00   9.602391e+03   3.251780e+02
  2.462410e+00   9.967802e+03   3.331869e+02
  2.465050e+00   9.207454e+03   3.190194e+02
  2.467690e+00   9.319267e+03   3.213540e+02
  2.470340e+00   9.419983e+03   3.248270e+02
  2.472980e+00   9.436802e+03   3.236797e+02
  2.475620e+00   9.694913e+03   3.275607e+02
  2.478270e+00   9.412319e+03   3.226501e+02
  2.480910e+00   1.013822e+04   3.364486e+02
  2.483550e+00   9.195474e+03   3.207290e+02
  2.486200e+00   9.165473e+03   3.192944e+02
  2.488840e+00   9.384917e+03   3.238104e+02
  2.491480e+00   9.362895e+03   3.219030e+02
  2.494130e+00   9.290867e+03   3.224907e+02
  2.496770e+00   1.029266e+04   3.387869e+02
  2.499410e+00   9.671033e+03   3.278787e+02
  2.502060e+00   9.220982e+03   3.224041e+02
  2.504700e+00   9.224815e+03   3.196209e+02
  2.507340e+00   9.547387e+03   3.267049e+02
  2.509990e+00   1.003800e+04   3.333062e+02
  2.512630e+00   9.983014e+03   3.348195e+02
  2.515270e+00   9.645064e+03   3.288940e+02
  2.517920e+00   9.663518e+03   3.295232e+02
  2.520560e+00   9.474298e+03   3.253487e+02
  2.523200e+00   9.999709e+03   3.335090e+02
  2.525850e+00   9.548834e+03   3.282957e+02
  2.528490e+00   9.976655e+03   3.346063e+02
  2.531130e+00   9.367098e+03   3.231956e+02
  2.533780e+00   1.005844e+04   3.356544e+02
  2.536420e+00   9.757216e+03   3.308006e+02
  2.539060e+00   9.956134e+03   3.361948e+02
  2.541710e+00   9.952331e+03   3.322987e+02
  2.544350e+00   9.583874e+03   3.279534e+02
  2.546990e+00   9.462925e+03   3.265019e+02
  2.549640e+00   1.006965e+04   3.373460e+02
  2.552280e+00   9.695565e+03   3.308084e+02
  2.554930e+00   9.678858e+03   3.273923e+02
  2.557570e+00   9.974755e+03   3.351085e+02
  2.560210e+00   9.521697e+03   3.267838e+02
  2.562860e+00   9.713804e+03   3.323995e+02
  2.565500e+00   9.667897e+03   3.304419e+02
  2.568140e+00   9.635775e+03   3.280056e+02
  2.570790e+00   9.765606e+03   3.333923e+02
  2.573430e+00   9.862665e+03   3.315298e+02
  2.576070e+00   9.514070e+03   3.274878e+02
  2.578720e+00   9.658781e+03   3.307103e+02
  2.581360e+00   1.016138e+04   3.383369e+02
  2.584000e+00   9.248584e+03   3.247617e+02
  2.586650e+00   9.230638e+03   3.219555e+02
  2.589290e+00   9.129573e+03   3.201881e+02
  2.591930e+00   9.282075e+03   3.231604e+02
  2.594580e+00   8.621854e+03   3.131598e+02
  2.597220e+00   9.220873e+03   3.245901e+02
  2.599860e+00   9.851520e+03   3.313425e+02
  2.602510e+00   9.560733e+03   3.298766e+02
  2.605150e+00   9.464600e+03   3.269492e+02
  2.607790e+00   1.026178e+04   3.405490e+02
  2.610440e+00   9.899372e+03   3.352350e+02
  2.613080e+00   9.966907e+03   3.346560e+02
  2.615720e+00   9.902099e+03   3.374626e+02
  2.618370e+00   9.052204e+03   3.196444e+02
  2.621010e+00   1.000519e+04   3.359415e+02
  2.623650e+00   1.010054e+04   3.389518e+02
  2.626300e+00   9.347044e+03   3.252253e+02
  2.628940e+00   9.597845e+03   3.323462e+02
  2.631580e+00   9.992398e+03   3.355119e+02
  2.634230e+00   9.398345e+03   3.262213e+02
  2.636870e+00   9.405923e+03   3.268784e+02
  2.639510e+00   9.754421e+03   3.322369e+02
  2.642160e+00   9.474836e+03   3.296717e+02
  2.644800e+00   9.062196e+03   3.190044e+02
  2.647440e+00   1.032484e+04   3.449287e+02
  2.650090e+00   9.434725e+03   3.274841e+02
  2.652730e+00   9.779494e+03   3.340612e+02
  2.655370e+00   1.009708e+04   3.376969e+02
  2.658020e+00   9.837595e+03   3.342951e+02
  2.660660e+00   1.019691e+04   3.412264e+02
  2.663300e+00   9.450535e+03   3.274416e+02
  2.665950e+00   9.857873e+03   3.379235e+02
  2.668590e+00   9.669439e+03   3.410148e+02
  2.671230e+00   9.782859e+03   3.482790e+02
  2.673880e+00   9.583858e+03   3.487923e+02
  2.676520e+00   9.958053e+03   3.545161e+02
  2.679160e+00   1.024182e+04   3.660127e+02
  2.681810e+00   9.529480e+03   3.531860e+02
  2.684450e+00   1.036337e+04   3.717839e+02
  2.687090e+00   9.468566e+03   3.568600e+02
  2.689740e+00   9.872056e+03   3.643843e+02
  2.692380e+00   9.709319e+03   3.680308e+02
  2.695020e+00   9.510685e+03   3.633846e+02
  2.697670e+00   9.647530e+03   3.686132e+02
  2.700310e+00   9.841789e+03   3.730521e+02
  2.702950e+00   9.178370e+03   3.608389e+02
  2.705600e+00   9.597140e+03   3.741355e+02
  2.708240e+00   9.773975e+03   3.750907e+02
  2.710890e+00   9.607736e+03   3.751191e+02
  2.713530e+00   9.821189e+03   3.808494e+02
  2.716170e+00   1.001632e+04   3.887085e+02
  2.718820e+00   9.686672e+03   3.844039e+02
  2.721460e+00   9.713263e+03   3.778021e+02
  2.724100e+00   9.713074e+03   3.703075e+02
  2.726750e+00   9.433830e+03   3.617709e+02
  2.729390e+00   9.576480e+03   3.637804e+02
  2.732030e+00   9.399517e+03   3.550148e+02
  2.734680e+00   9.349708e+03   3.531336e+02
  2.737320e+00   9.506594e+03   3.552781e+02
  2.739960e+00   1.004745e+04   3.627925e+02
  2.742610e+00   9.522405e+03   3.529238e+02
  2.745250e+00   9.499975e+03   3.485203e+02
  2.747890e+00   9.186342e+03   3.454879e+02
  2.750540e+00   9.049380e+03   3.425241e+02
  2.753180e+00   9.336599e+03   3.422963e+02
  2.755820e+00   9.645474e+03   3.522029e+02
  2.758470e+00   9.657207e+03   3.482478e+02
  2.761110e+00   9.296106e+03   3.450108e+02
  2.763750e+00   9.908342e+03   3.547756e+02
  2.766400e+00   9.202314e+03   3.387419e+02
  2.769040e+00   9.890303e+03   3.525512e+02
  2.771680e+00   9.410887e+03   3.415936e+02
  2.774330e+00   9.434725e+03   3.451985e+02
  2.776970e+00   9.027129e+03   3.350282e+02
  2.779610e+00   9.112883e+03   3.359053e+02
  2.782260e+00   9.358944e+03   3.438094e+02
  2.784900e+00   8.975287e+03   3.319630e+02
  2.787540e+00   9.303467e+03   3.410816e+02
  2.790190e+00   8.919652e+03   3.303575e+02
  2.792830e+00   9.986212e+03   3.526254e+02
  2.795470e+00   9.930972e+03   3.517731e+02
  2.798120e+00   1.035120e+04   3.558816e+02
  2.800760e+00   9.445399e+03   3.414991e+02
  2.803400e+00   9.432676e+03   3.394894e+02
  2.806050e+00   9.599183e+03   3.441474e+02
  2.808690e+00   9.374948e+03   3.376305e+02
  2.811330e+00   9.603785e+03   3.412556e+02
  2.813980e+00   9.411579e+03   3.400542e+02
  2.816620e+00   9.766960e+03   3.429643e+02
  2.819260e+00   9.660874e+03   3.452515e+02
  2.821910e+00   9.473265e+03   3.381153e+02
  2.824550e+00   9.604921e+03   3.402238e+02
  2.827190e+00   9.633888e+03   3.442871e+02
  2.829840e+00   1.022578e+04   3.503294e+02
  2.832480e+00   9.407409e+03   3.387996e+02
  2.835120e+00   9.564635e+03   3.385844e+02
  2.837770e+00   9.812689e+03   3.454230e+02
  2.840410e+00   9.820862e+03   3.459251e+02
  2.843050e+00   9.014405e+03   3.295993e+02
  2.845700e+00   9.070961e+03   3.321115e+02
  2.848340e+00   9.613648e+03   3.384164e+02
  2.850980e+00   9.651441e+03   3.431657e+02
  2.853630e+00   9.943911e+03   3.464125e+02
  2.856270e+00   9.739061e+03   3.417740e+02
  2.858910e+00   9.664051e+03   3.447053e+02
  2.861560e+00   9.032635e+03   3.300453e+02
  2.864200e+00   9.288712e+03   3.378272e+02
  2.866850e+00   9.540138e+03   3.394229e+02
  2.869490e+00   8.930211e+03   3.282811e+02
  2.872130e+00   9.839852e+03   3.463792e+02
  2.874780e+00   9.643607e+03   3.426707e+02
  2.877420e+00   8.773079e+03   3.265002e+02
  2.880060e+00   8.725403e+03   3.238301e+02
  2.882710e+00   9.947606e+03   3.461215e+02
  2.885350e+00   9.396835e+03   3.390791e+02
  2.887990e+00   9.601605e+03   3.407482e+02
  2.890640e+00   9.609289e+03   3.425342e+02
  2.893280e+00   9.867644e+03   3.454366e+02
  2.895920e+00   9.752116e+03   3.432908e+02
  2.898570e+00   9.366179e+03   3.366603e+02
  2.901210e+00   9.026160e+03   3.295888e+02
  2.903850e+00   9.370805e+03   3.381398e+02
  2.906500e+00   9.609306e+03   3.399528e+02
  2.909140e+00   9.370532e+03   3.399049e+02
  2.911780e+00   1.022120e+04   3.489461e+02
  2.914430e+00   9.052219e+03   3.314253e+02
  2.917070e+00   8.785496e+03   3.249433e+02
  2.919710e+00   9.749297e+03   3.438312e+02
  2.922360e+00   9.015816e+03   3.307582e+02
  2.925000e+00   9.263755e+03   3.327639e+02
  2.927640e+00   9.835591e+03   3.455874e+02
  2.930290e+00   9.328450e+03   3.355210e+02
  2.932930e+00   9.641075e+03   3.408635e+02
  2.935570e+00   9.591659e+03   3.410401e+02
  2.938220e+00   9.257475e+03   3.325383e+02
  2.940860e+00   9.392742e+03   3.395953e+02
  2.943500e+00   9.636550e+03   3.398549e+02
  2.946150e+00   8.973459e+03   3.300940e+02
  2.948790e+00   9.888251e+03   3.442647e+02
  2.951430e+00   9.286540e+03   3.348812e+02
  2.954080e+00   9.164855e+03   3.351003e+02
  2.956720e+00   9.047628e+03   3.281920e+02
  2.959360e+00   9.379062e+03   3.371234e+02
  2.962010e+00   9.337624e+03   3.347701e+02
  2.964650e+00   9.687459e+03   3.425034e+02
  2.967290e+00   8.869955e+03   3.273960e+02
  2.969940e+00   8.911342e+03   3.267057e+02
  2.972580e+00   9.554256e+03   3.401405e+02
  2.975220e+00   9.423586e+03   3.385052e+02
  2.977870e+00   9.821846e+03   3.440442e+02
  2.980510e+00   9.206142e+03   3.326314e+02
  2.983150e+00   9.820267e+03   3.427297e+02
  2.985800e+00   9.336288e+03   3.362382e+02
  2.988440e+00   9.784358e+03   3.431524e+02
  2.991080e+00   9.626912e+03   3.414314e+02
  2.993730e+00   9.285887e+03   3.346401e+02
  2.996370e+00   9.604962e+03   3.389518e+02
  2.999010e+00   9.452653e+03   3.386764e+02
  3.001660e+00   9.346920e+03   3.359681e+02
  3.004300e+00   8.875679e+03   3.267183e+02
  3.006940e+00   9.597180e+03   3.410209e+02
  3.009590e+00   9.435803e+03   3.354985e+02
  3.012230e+00   8.876134e+03   3.278475e+02
  3.014870e+00   9.542659e+03   3.386563e+02
  3.017520e+00   8.833735e+03   3.269512e+02
  3.020160e+00   9.146509e+03   3.317788e+02
  3.022810e+00   8.965773e+03   3.282603e+02
  3.025450e+00   9.334125e+03   3.355082e+02
  3.028090e+00   9.242011e+03   3.309171e+02
  3.030740e+00   9.217604e+03   3.326116e+02
  3.033380e+00   9.565997e+03   3.375767e+02
  3.036020e+00   8.869461e+03   3.260479e+02
  3.038670e+00   9.734027e+03   3.407591e+02
  3.041310e+00   9.357893e+03   3.339975e+02
  3.043950e+00   9.055074e+03   3.293298e+02
  3.046600e+00   9.672983e+03   3.359566e+02
  3.049240e+00   8.910792e+03   3.258108e+02
  3.051880e+00   9.724963e+03   3.400254e+02
  3.054530e+00   8.755852e+03   3.231844e+02
  3.057170e+00   8.975303e+03   3.259977e+02
  3.059810e+00   9.108062e+03   3.265398e+02
  3.062460e+00   9.838297e+03   3.410816e+02
  3.065100e+00   9.046348e+03   3.272854e+02
  3.067740e+00   9.371591e+03   3.330050e+02
  3.070390e+00   9.544150e+03   3.349340e+02
  3.073030e+00   9.212119e+03   3.302705e+02
  3.075670e+00   9.781783e+03   3.405580e+02
  3.078320e+00   9.365302e+03   3.327815e+02
  3.080960e+00   9.622177e+03   3.366373e+02
  3.083600e+00   9.545132e+03   3.351749e+02
  3.086250e+00   9.225077e+03   3.309478e+02
  3.088890e+00   9.355676e+03   3.332822e+02
  3.091530e+00   9.137984e+03   3.274023e+02
  3.094180e+00   9.359021e+03   3.325583e+02
  3.096820e+00   1.007985e+04   3.451276e+02
  3.099460e+00   9.195135e+03   3.302990e+02
  3.102110e+00   9.260695e+03   3.315861e+02
  3.104750e+00   9.358284e+03   3.323224e+02
  3.107390e+00   9.324952e+03   3.323987e+02
  3.110040e+00   9.448076e+03   3.342489e+02
  3.112680e+00   9.097119e+03   3.267782e+02
  3.115320e+00   9.682231e+03   3.379122e+02
  3.117970e+00   9.300595e+03   3.317412e+02
  3.120610e+00   9.457030e+03   3.351956e+02
  3.123250e+00   9.805496e+03   3.409705e+02
  3.125900e+00   9.420327e+03   3.326433e+02
  3.128540e+00   1.007649e+04   3.454178e+02
  3.131180e+00   9.413412e+03   3.338593e+02
  3.133830e+00   9.574805e+03   3.370491e+02
  3.136470e+00   8.981108e+03   3.259936e+02
  3.139110e+00   9.742446e+03   3.391884e+02
  3.141760e+00   9.331931e+03   3.328589e+02
  3.144400e+00   8.850837e+03   3.231869e+02
  3.147040e+00   9.028146e+03   3.266269e+02
  3.149690e+00   9.056859e+03   3.265987e+02
  3.152330e+00   9.709431e+03   3.390680e+02
  3.154970e+00   9.198276e+03   3.316983e+02
  3.157620e+00   8.656630e+03   3.190876e+02
  3.160260e+00   9.380357e+03   3.322693e+02
  3.162900e+00   9.419742e+03   3.340838e+02
  3.165550e+00   9.665520e+03   3.389846e+02
  3.168190e+00   9.094862e+03   3.288254e+02
  3.170830e+00   8.797802e+03   3.212503e+02
  3.173480e+00   9.230729e+03   3.309377e+02
  3.176120e+00   9.359759e+03   3.327947e+02
  3.178770e+00   9.453556e+03   3.342337e+02
  3.181410e+00   9.483551e+03   3.348758e+02
  3.184050e+00   9.109657e+03   3.274399e+02
  3.186700e+00   9.756794e+03   3.398940e+02
  3.189340e+00   9.448076e+03   3.342489e+02
  3.191980e+00   8.913993e+03   3.216560e+02
  3.194630e+00   9.358284e+03   3.323224e+02
  3.197270e+00   9.380521e+03   3.306199e+02
  3.199910e+00   9.338105e+03   3.311884e+02
  3.202560e+00   9.564635e+03   3.346242e+02
  3.205200e+00   9.467482e+03   3.320391e+02
  3.207840e+00   9.561637e+03   3.339068e+02
  3.210490e+00   9.421711e+03   3.314546e+02
  3.213130e+00   9.006588e+03   3.231095e+02
  3.215770e+00   9.115700e+03   3.245275e+02
  3.218420e+00   8.884828e+03   3.208125e+02
  3.221060e+00   8.902632e+03   3.218753e+02
  3.223700e+00   9.080329e+03   3.234733e+02
  3.226350e+00   9.201718e+03   3.282144e+02
  3.228990e+00   9.847777e+03   3.499255e+02
  3.231630e+00   8.758314e+03   3.348825e+02
  3.234280e+00   9.737198e+03   3.579465e+02
  3.236920e+00   9.567271e+03   3.550747e+02
  3.239560e+00   9.298197e+03   3.552658e+02
  3.242210e+00   8.809533e+03   3.482274e+02
  3.244850e+00   8.837588e+03   3.520980e+02
  3.247490e+00   8.823696e+03   3.535139e+02
  3.250140e+00   8.788063e+03   3.546574e+02
  3.252780e+00   9.175377e+03   3.664293e+02
  3.255420e+00   8.720846e+03   3.590316e+02
  3.258070e+00   8.994762e+03   3.650861e+02
  3.260710e+00   8.601901e+03   3.571745e+02
  3.263350e+00   9.864841e+03   3.884277e+02
  3.266000e+00   8.539302e+03   3.631280e+02
  3.268640e+00   8.653612e+03   3.673254e+02
  3.271280e+00   9.854203e+03   3.919791e+02
  3.273930e+00   9.527230e+03   3.876575e+02
  3.276570e+00   8.720873e+03   3.749396e+02
  3.279210e+00   9.210338e+03   3.881695e+02
  3.281860e+00   9.006702e+03   3.769188e+02
  3.284500e+00   9.377645e+03   3.769194e+02
  3.287140e+00   9.618421e+03   3.761100e+02
  3.289790e+00   8.372696e+03   3.491656e+02
  3.292430e+00   8.873421e+03   3.549369e+02
  3.295070e+00   1.019530e+04   3.796929e+02
  3.297720e+00   9.160790e+03   3.587642e+02
  3.300360e+00   9.215051e+03   3.589674e+02
  3.303000e+00   9.916742e+03   3.693188e+02
  3.305650e+00   9.184261e+03   3.537645e+02
  3.308290e+00   8.529757e+03   3.411903e+02
  3.310930e+00   9.754879e+03   3.655795e+02
  3.313580e+00   9.805154e+03   3.669487e+02
  3.316220e+00   8.598973e+03   3.417785e+02
  3.318860e+00   9.163548e+03   3.532288e+02
  3.321510e+00   9.794324e+03   3.622562e+02
  3.324150e+00   8.620661e+03   3.410281e+02
  3.326800e+00   9.248016e+03   3.505451e+02
  3.329440e+00   8.198040e+03   3.319289e+02
  3.332080e+00   9.178553e+03   3.509508e+02
  3.334730e+00   8.742692e+03   3.418663e+02
  3.337370e+00   9.166676e+03   3.482132e+02
  3.340010e+00   9.666287e+03   3.555801e+02
  3.342660e+00   9.191982e+03   3.481712e+02
  3.345300e+00   9.323862e+03   3.506599e+02
  3.347940e+00   9.371565e+03   3.499875e+02
  3.350590e+00   9.173348e+03   3.452435e+02
  3.353230e+00   9.519244e+03   3.520819e+02
  3.355870e+00   9.928617e+03   3.594401e+02
  3.358520e+00   9.366606e+03   3.483478e+02
  3.361160e+00   9.105760e+03   3.424573e+02
  3.363800e+00   9.122297e+03   3.447904e+02
  3.366450e+00   9.490181e+03   3.507672e+02
  3.369090e+00   8.822488e+03   3.380785e+02
  3.371730e+00   8.949569e+03   3.375394e+02
  3.374380e+00   9.001880e+03   3.397541e+02
  3.377020e+00   8.816005e+03   3.378301e+02
  3.379660e+00   9.524170e+03   3.517833e+02
  3.382310e+00   9.188092e+03   3.433751e+02
  3.384950e+00   8.866861e+03   3.360975e+02
  3.387590e+00   9.045902e+03   3.399658e+02
  3.390240e+00   9.917164e+03   3.573898e+02
  3.392880e+00   9.404512e+03   3.468906e+02
  3.395520e+00   8.585290e+03   3.316787e+02
  3.398170e+00   8.983532e+03   3.402755e+02
  3.400810e+00   9.112421e+03   3.427079e+02
  3.403450e+00   9.505022e+03   3.498847e+02
  3.406100e+00   8.873002e+03   3.356078e+02
  3.408740e+00   8.687267e+03   3.343731e+02
  3.411380e+00   9.457575e+03   3.483743e+02
  3.414030e+00   8.617185e+03   3.324151e+02
  3.416670e+00   8.610628e+03   3.324096e+02
  3.419310e+00   8.911672e+03   3.373118e+02
  3.421960e+00   8.841755e+03   3.375798e+02
  3.424600e+00   9.240678e+03   3.448591e+02
  3.427240e+00   8.860455e+03   3.358547e+02
  3.429890e+00   8.644036e+03   3.317276e+02
  3.432530e+00   9.795437e+03   3.530030e+02
  3.435170e+00   9.719979e+03   3.530455e+02
  3.437820e+00   8.796893e+03   3.334454e+02
  3.440460e+00   8.923286e+03   3.358323e+02
  3.443100e+00   8.771506e+03   3.334426e+02
  3.445750e+00   9.194201e+03   3.405260e+02
  3.448390e+00   8.923449e+03   3.360765e+02
  3.451030e+00   9.329214e+03   3.417959e+02
  3.453680e+00   9.624070e+03   3.472787e+02
  3.456320e+00   9.461856e+03   3.461912e+02
  3.458960e+00   8.797072e+03   3.310822e+02
  3.461610e+00   8.375260e+03   3.223639e+02
  3.464250e+00   8.671688e+03   3.296481e+02
  3.466890e+00   9.083275e+03   3.361871e+02
  3.469540e+00   9.253448e+03   3.401635e+02
  3.472180e+00   8.987317e+03   3.319541e+02
  3.474820e+00   9.044618e+03   3.345273e+02
  3.477470e+00   9.771814e+03   3.483276e+02
  3.480110e+00   9.283029e+03   3.401039e+02
  3.482760e+00   9.453830e+03   3.422516e+02
  3.485400e+00   8.674755e+03   3.260173e+02
  3.488040e+00   9.469169e+03   3.416892e+02
  3.490690e+00   9.752296e+03   3.489646e+02
  3.493330e+00   9.178132e+03   3.358103e+02
  3.495970e+00   9.011839e+03   3.324067e+02
  3.498620e+00   9.001179e+03   3.336059e+02
  3.501260e+00   9.692338e+03   3.459344e+02
  3.503900e+00   9.677558e+03   3.451871e+02
  3.506550e+00   8.563799e+03   3.243770e+02
  3.509190e+00   8.276748e+03   3.202370e+02
  3.511830e+00   9.495749e+03   3.426483e+02
  3.514480e+00   8.803376e+03   3.292276e+02
  3.517120e+00   9.128541e+03   3.346685e+02
  3.519760e+00   9.054242e+03   3.328406e+02
  3.522410e+00   9.277732e+03   3.380993e+02
  3.525050e+00   9.444118e+03   3.427998e+02
  3.527690e+00   8.717703e+03   3.267097e+02
  3.530340e+00   9.413263e+03   3.405599e+02
  3.532980e+00   9.321213e+03   3.390092e+02
  3.535620e+00   9.339337e+03   3.392200e+02
  3.538270e+00   9.013257e+03   3.335956e+02
  3.540910e+00   8.931043e+03   3.294265e+02
  3.543550e+00   8.790986e+03   3.296877e+02
  3.546200e+00   8.692565e+03   3.271490e+02
  3.548840e+00   8.631500e+03   3.255432e+02
  3.551480e+00   8.577059e+03   3.239510e+02
  3.554130e+00   9.122188e+03   3.344356e+02
  3.556770e+00   9.316823e+03   3.395239e+02
  3.559410e+00   9.105237e+03   3.349416e+02
  3.562060e+00   9.388706e+03   3.383455e+02
  3.564700e+00   8.821819e+03   3.292274e+02
  3.567340e+00   9.845231e+03   3.463540e+02
  3.569990e+00   8.505756e+03   3.247513e+02
  3.572630e+00   8.803436e+03   3.276300e+02
  3.575270e+00   8.803394e+03   3.287688e+02
  3.577920e+00   9.296554e+03   3.385605e+02
  3.580560e+00   8.396489e+03   3.217542e+02
  3.583200e+00   9.406583e+03   3.385503e+02
  3.585850e+00   9.253967e+03   3.356766e+02
  3.588490e+00   8.797160e+03   3.299193e+02
  3.591130e+00   8.717318e+03   3.273858e+02
  3.593780e+00   9.072778e+03   3.332968e+02
  3.596420e+00   9.359365e+03   3.381676e+02
  3.599060e+00   8.987565e+03   3.321900e+02
  3.601710e+00   9.510637e+03   3.405354e+02
  3.604350e+00   8.889229e+03   3.301377e+02
  3.606990e+00   8.742097e+03   3.273941e+02
  3.609640e+00   9.117128e+03   3.349261e+02
  3.612280e+00   9.177619e+03   3.355670e+02
  3.614920e+00   8.454704e+03   3.216321e+02
  3.617570e+00   8.992810e+03   3.314794e+02
  3.620210e+00   8.809533e+03   3.287688e+02
  3.622850e+00   8.535567e+03   3.223839e+02
  3.625500e+00   8.693376e+03   3.260271e+02
  3.628140e+00   8.595561e+03   3.241877e+02
  3.630780e+00   9.152602e+03   3.348762e+02
  3.633430e+00   8.681505e+03   3.253531e+02
  3.636070e+00   8.137516e+03   3.153223e+02
  3.638720e+00   9.264774e+03   3.376271e+02
  3.641360e+00   9.073512e+03   3.337745e+02
  3.644000e+00   8.545185e+03   3.241373e+02
  3.646650e+00   8.882439e+03   3.285289e+02
  3.649290e+00   8.931718e+03   3.303515e+02
  3.651930e+00   9.102776e+03   3.334999e+02
  3.654580e+00   8.486415e+03   3.216767e+02
  3.657220e+00   8.495566e+03   3.234207e+02
  3.659860e+00   8.723646e+03   3.271623e+02
  3.662510e+00   8.870372e+03   3.285323e+02
  3.665150e+00   9.021155e+03   3.302879e+02
  3.667790e+00   8.523390e+03   3.221539e+02
  3.670440e+00   8.852209e+03   3.285363e+02
  3.673080e+00   8.706034e+03   3.255872e+02
  3.675720e+00   8.791468e+03   3.253868e+02
  3.678370e+00   9.396835e+03   3.373267e+02
  3.681010e+00   8.503271e+03   3.195725e+02
  3.683650e+00   9.304993e+03   3.353287e+02
  3.686300e+00   9.861417e+03   3.433305e+02
  3.688940e+00   8.700922e+03   3.240393e+02
  3.691580e+00   8.694966e+03   3.238175e+02
  3.694230e+00   8.678580e+03   3.214289e+02
  3.696870e+00   8.797676e+03   3.229728e+02
  3.699510e+00   8.726199e+03   3.223095e+02
  3.702160e+00   8.576286e+03   3.202873e+02
  3.704800e+00   8.743656e+03   3.236172e+02
  3.707440e+00   8.592086e+03   3.177898e+02
  3.710090e+00   8.803600e+03   3.231903e+02
  3.712730e+00   9.153377e+03   3.294373e+02
  3.715370e+00   8.779791e+03   3.231886e+02
  3.718020e+00   8.381539e+03   3.156670e+02
  3.720660e+00   8.797739e+03   3.221081e+02
  3.723300e+00   9.489944e+03   3.365736e+02
  3.725950e+00   8.952390e+03   3.264601e+02
  3.728590e+00   9.221193e+03   3.293283e+02
  3.731230e+00   8.484567e+03   3.166412e+02
  3.733880e+00   8.939432e+03   3.249092e+02
  3.736520e+00   8.648710e+03   3.209837e+02
  3.739160e+00   9.101397e+03   3.292770e+02
  3.741810e+00   8.491116e+03   3.164452e+02
  3.744450e+00   8.969922e+03   3.264489e+02
  3.747090e+00   8.293419e+03   3.136859e+02
  3.749740e+00   9.575837e+03   3.372945e+02
  3.752380e+00   8.396217e+03   3.148827e+02
  3.755020e+00   8.477991e+03   3.168374e+02
  3.757670e+00   9.012738e+03   3.282245e+02
  3.760310e+00   8.744277e+03   3.220996e+02
  3.762950e+00   8.885831e+03   3.229610e+02
  3.765600e+00   8.524972e+03   3.179278e+02
  3.768240e+00   9.311568e+03   3.336216e+02
  3.770880e+00   9.019141e+03   3.286758e+02
  3.773530e+00   8.974859e+03   3.255524e+02
  3.776170e+00   8.891645e+03   3.229591e+02
  3.778810e+00   8.744189e+03   3.223151e+02
  3.781460e+00   9.105950e+03   3.285827e+02
  3.784100e+00   8.346498e+03   3.147941e+02
  3.786740e+00   8.616447e+03   3.224624e+02
  3.789390e+00   8.764289e+03   3.365905e+02
  3.792030e+00   8.902826e+03   3.444607e+02
  3.794680e+00   8.931323e+03   3.476513e+02
  3.797320e+00   8.445048e+03   3.408144e+02
  3.799960e+00   9.548397e+03   3.683374e+02
  3.802610e+00   8.686068e+03   3.551998e+02
  3.805250e+00   8.190404e+03   3.495579e+02
  3.807890e+00   8.639693e+03   3.572073e+02
  3.810540e+00   8.583647e+03   3.595294e+02
  3.813180e+00   9.331352e+03   3.784363e+02
  3.815820e+00   8.546792e+03   3.634466e+02
  3.818470e+00   9.235038e+03   3.814959e+02
  3.821110e+00   8.793773e+03   3.722701e+02
  3.823750e+00   8.331370e+03   3.674810e+02
  3.826400e+00   8.596266e+03   3.755296e+02
  3.829040e+00   8.477723e+03   3.750324e+02
  3.831680e+00   8.684041e+03   3.811871e+02
  3.834330e+00   8.775453e+03   3.866927e+02
  3.836970e+00   9.232321e+03   3.991481e+02
  3.839610e+00   9.385205e+03   4.046249e+02
  3.842260e+00   8.649359e+03   3.818785e+02
  3.844900e+00   8.514553e+03   3.684607e+02
  3.847540e+00   9.217091e+03   3.801064e+02
  3.850190e+00   8.527322e+03   3.606673e+02
  3.852830e+00   9.051304e+03   3.698262e+02
  3.855470e+00   8.653150e+03   3.589932e+02
  3.858120e+00   8.662216e+03   3.572238e+02
  3.860760e+00   9.209635e+03   3.660501e+02
  3.863400e+00   8.866830e+03   3.563880e+02
  3.866050e+00   9.254314e+03   3.643882e+02
  3.868690e+00   8.534235e+03   3.516470e+02
  3.871330e+00   8.600297e+03   3.522819e+02
  3.873980e+00   9.022323e+03   3.577584e+02
  3.876620e+00   8.611566e+03   3.489582e+02
  3.879260e+00   8.492643e+03   3.458472e+02
  3.881910e+00   8.640119e+03   3.492561e+02
  3.884550e+00   8.809533e+03   3.509802e+02
  3.887190e+00   8.190112e+03   3.357619e+02
  3.889840e+00   8.038699e+03   3.326437e+02
  3.892480e+00   8.440189e+03   3.397892e+02
  3.895120e+00   9.171194e+03   3.537865e+02
  3.897770e+00   8.612861e+03   3.417910e+02
  3.900410e+00   8.553989e+03   3.391877e+02
  3.903050e+00   8.748402e+03   3.447354e+02
  3.905700e+00   8.541766e+03   3.381717e+02
  3.908340e+00   8.722838e+03   3.410899e+02
  3.910980e+00   8.703712e+03   3.393060e+02
  3.913630e+00   8.596613e+03   3.382292e+02
  3.916270e+00   8.505756e+03   3.351737e+02
  3.918910e+00   9.000045e+03   3.438740e+02
  3.921560e+00   9.051877e+03   3.443496e+02
  3.924200e+00   8.750759e+03   3.380713e+02
  3.926840e+00   8.418577e+03   3.312245e+02
  3.929490e+00   8.848570e+03   3.393272e+02
  3.932130e+00   8.952250e+03   3.408063e+02
  3.934770e+00   8.225690e+03   3.266839e+02
  3.937420e+00   9.219733e+03   3.464988e+02
  3.940060e+00   8.731457e+03   3.370742e+02
  3.942700e+00   7.978201e+03   3.206710e+02
  3.945350e+00   9.110155e+03   3.450717e+02
  3.947990e+00   8.757559e+03   3.373286e+02
  3.950640e+00   8.540989e+03   3.344910e+02
  3.953280e+00   8.493293e+03   3.311030e+02
  3.955920e+00   8.173793e+03   3.256517e+02
  3.958570e+00   8.609169e+03   3.335985e+02
  3.961210e+00   9.198761e+03   3.454667e+02
  3.963850e+00   8.242838e+03   3.258268e+02
  3.966500e+00   8.642100e+03   3.336246e+02
  3.969140e+00   8.394356e+03   3.300162e+02
  3.971780e+00   8.243665e+03   3.256052e+02
  3.974430e+00   8.783998e+03   3.348868e+02
  3.977070e+00   8.558200e+03   3.321226e+02
  3.979710e+00   8.428754e+03   3.298426e+02
  3.982360e+00   8.718846e+03   3.360868e+02
  3.985000e+00   8.193122e+03   3.243688e+02
  3.987640e+00   8.694459e+03   3.334173e+02
  3.990290e+00   8.931088e+03   3.380466e+02
  3.992930e+00   8.148657e+03   3.233696e+02
  3.995570e+00   9.123472e+03   3.419166e+02
  3.998220e+00   8.238309e+03   3.233819e+02
  4.000860e+00   8.989057e+03   3.395120e+02
  4.003500e+00   8.848115e+03   3.373312e+02
  4.006150e+00   8.880009e+03   3.373236e+02
  4.008790e+00   8.555289e+03   3.297822e+02
  4.011430e+00   8.543345e+03   3.290774e+02
  4.014080e+00   8.758314e+03   3.348825e+02
  4.016720e+00   8.610918e+03   3.321734e+02
  4.019360e+00   8.371279e+03   3.260987e+02
  4.022010e+00   9.222976e+03   3.425327e+02
  4.024650e+00   8.554553e+03   3.302449e+02
  4.027290e+00   9.365319e+03   3.459159e+02
  4.029940e+00   8.139654e+03   3.207473e+02
  4.032580e+00   8.435872e+03   3.268834e+02
  4.035220e+00   8.739565e+03   3.334352e+02
  4.037870e+00   8.389425e+03   3.268056e+02
  4.040510e+00   8.974553e+03   3.375228e+02
  4.043150e+00   8.110563e+03   3.196010e+02
  4.045800e+00   8.497860e+03   3.287921e+02
  4.048440e+00   8.611206e+03   3.319376e+02
  4.051080e+00   8.651656e+03   3.305628e+02
  4.053730e+00   9.281809e+03   3.418998e+02
  4.056370e+00   9.221193e+03   3.417602e+02
  4.059010e+00   7.947593e+03   3.173963e+02
  4.061660e+00   9.153257e+03   3.413589e+02
  4.064300e+00   8.537594e+03   3.286122e+02
  4.066940e+00   8.707982e+03   3.324723e+02
  4.069590e+00   8.657426e+03   3.312672e+02
  4.072230e+00   8.501858e+03   3.267530e+02
  4.074870e+00   8.513573e+03   3.274451e+02
  4.077520e+00   8.815821e+03   3.329690e+02
  4.080160e+00   8.397872e+03   3.261463e+02
  4.082800e+00   8.942914e+03   3.370488e+02
  4.085450e+00   8.544489e+03   3.283914e+02
  4.088090e+00   9.035097e+03   3.364846e+02
  4.090730e+00   7.756425e+03   3.127692e+02
  4.093380e+00   8.676343e+03   3.317483e+02
  4.096020e+00   8.582353e+03   3.291182e+02
  4.098660e+00   8.991626e+03   3.360328e+02
  4.101310e+00   8.047593e+03   3.183579e+02
  4.103950e+00   8.351813e+03   3.236262e+02
  4.106600e+00   9.265198e+03   3.424516e+02
  4.109240e+00   8.647317e+03   3.284844e+02
  4.111880e+00   8.998849e+03   3.370096e+02
  4.114530e+00   8.405078e+03   3.259349e+02
  4.117170e+00   8.480913e+03   3.274020e+02
  4.119810e+00   8.391812e+03   3.234806e+02
  4.122460e+00   8.590390e+03   3.279826e+02
  4.125100e+00   8.595587e+03   3.289010e+02
  4.127740e+00   9.215736e+03   3.420280e+02
  4.130390e+00   8.502296e+03   3.265287e+02
  4.133030e+00   8.485102e+03   3.253888e+02
  4.135670e+00   9.168463e+03   3.398058e+02
  4.138320e+00   8.315599e+03   3.224651e+02
  4.140960e+00   8.168611e+03   3.203993e+02
  4.143600e+00   8.559617e+03   3.270461e+02
  4.146250e+00   8.684041e+03   3.301177e+02
  4.148890e+00   8.405657e+03   3.257126e+02
  4.151530e+00   8.300202e+03   3.230849e+02
  4.154180e+00   9.002261e+03   3.345664e+02
  4.156820e+00   8.634343e+03   3.287038e+02
  4.159460e+00   8.226411e+03   3.211874e+02
  4.162110e+00   8.784290e+03   3.329677e+02
  4.164750e+00   8.647087e+03   3.287129e+02
  4.167390e+00   8.361590e+03   3.225553e+02
  4.170040e+00   8.281830e+03   3.206737e+02
  4.172680e+00   8.509208e+03   3.263132e+02
  4.175320e+00   8.989066e+03   3.336155e+02
  4.177970e+00   8.450717e+03   3.233577e+02
  4.180610e+00   8.258550e+03   3.197723e+02
  4.183250e+00   8.157430e+03   3.168083e+02
  4.185900e+00   8.496877e+03   3.227697e+02
  4.188540e+00   8.001992e+03   3.129027e+02
  4.191180e+00   8.391786e+03   3.211028e+02
  4.193830e+00   8.209161e+03   3.171476e+02
  4.196470e+00   7.934740e+03   3.126726e+02
  4.199110e+00   8.486861e+03   3.214628e+02
  4.201760e+00   8.549182e+03   3.217527e+02
  4.204400e+00   8.337593e+03   3.176370e+02
  4.207040e+00   8.305610e+03   3.175729e+02
  4.209690e+00   8.286373e+03   3.156857e+02
  4.212330e+00   8.112288e+03   3.136392e+02
  4.214970e+00   7.766378e+03   3.060382e+02
  4.217620e+00   8.500745e+03   3.208399e+02
  4.220260e+00   8.437974e+03   3.180181e+02
  4.222900e+00   8.900353e+03   3.282944e+02
  4.225550e+00   8.385997e+03   3.185577e+02
  4.228190e+00   8.990799e+03   3.296187e+02
  4.230830e+00   7.844104e+03   3.076711e+02
  4.233480e+00   8.465834e+03   3.195223e+02
  4.236120e+00   8.779425e+03   3.251639e+02
  4.238760e+00   8.725403e+03   3.238301e+02
  4.241410e+00   8.675686e+03   3.249070e+02
  4.244050e+00   8.579297e+03   3.224297e+02
  4.246690e+00   8.700922e+03   3.240393e+02
  4.249340e+00   8.707306e+03   3.236045e+02
  4.251980e+00   8.497053e+03   3.195646e+02
  4.254620e+00   8.345873e+03   3.170335e+02
  4.257270e+00   8.549182e+03   3.217527e+02
  4.259910e+00   8.918591e+03   3.287436e+02
  4.262560e+00   8.140225e+03   3.133174e+02
  4.265200e+00   8.388886e+03   3.175240e+02
  4.267840e+00   7.844022e+03   3.067255e+02
  4.270490e+00   8.521483e+03   3.198055e+02
  4.273130e+00   8.736927e+03   3.251547e+02
  4.275770e+00   8.257800e+03   3.164396e+02
  4.278420e+00   8.548824e+03   3.219673e+02
  4.281060e+00   8.881742e+03   3.269414e+02
  4.283700e+00   8.201356e+03   3.142766e+02
  4.286350e+00   8.446003e+03   3.199152e+02
  4.288990e+00   8.479250e+03   3.191208e+02
  4.291630e+00   8.520695e+03   3.202273e+02
  4.294280e+00   8.470704e+03   3.201625e+02
  4.296920e+00   8.147614e+03   3.131383e+02
  4.299560e+00   8.352831e+03   3.168409e+02
  4.302210e+00   9.044373e+03   3.300339e+02
  4.304850e+00   8.706603e+03   3.247015e+02
  4.307490e+00   8.573725e+03   3.219930e+02
  4.310140e+00   8.375684e+03   3.177078e+02
  4.312780e+00   8.519904e+03   3.206508e+02
  4.315420e+00   8.491260e+03   3.193467e+02
  4.318070e+00   8.544403e+03   3.208918e+02
  4.320710e+00   1.017695e+04   3.509292e+02
  4.323350e+00   8.629009e+03   3.222563e+02
  4.326000e+00   8.712458e+03   3.251460e+02
  4.328640e+00   8.724826e+03   3.249295e+02
  4.331280e+00   7.909861e+03   3.090639e+02
  4.333930e+00   8.230194e+03   3.135454e+02
  4.336570e+00   8.827573e+03   3.258317e+02
  4.339210e+00   8.246449e+03   3.160046e+02
  4.341860e+00   8.815596e+03   3.269523e+02
  4.344500e+00   8.010850e+03   3.101813e+02
  4.347140e+00   8.251967e+03   3.197572e+02
  4.349790e+00   8.724131e+03   3.385619e+02
  4.352430e+00   8.632525e+03   3.428414e+02
  4.355070e+00   8.746955e+03   3.487639e+02
  4.357720e+00   8.680613e+03   3.526258e+02
  4.360360e+00   8.454786e+03   3.535124e+02
  4.363000e+00   8.130729e+03   3.482822e+02
  4.365650e+00   8.400843e+03   3.565959e+02
  4.368290e+00   8.248856e+03   3.559644e+02
  4.370930e+00   8.988683e+03   3.742038e+02
  4.373580e+00   8.446416e+03   3.651704e+02
  4.376220e+00   8.558295e+03   3.724520e+02
  4.378860e+00   8.416751e+03   3.673371e+02
  4.381510e+00   8.653829e+03   3.766096e+02
  4.384150e+00   8.776100e+03   3.830204e+02
  4.386790e+00   9.192556e+03   3.955846e+02
  4.389440e+00   8.919335e+03   3.881642e+02
  4.392080e+00   8.809533e+03   3.908598e+02
  4.394720e+00   8.600611e+03   3.869598e+02
  4.397370e+00   8.465617e+03   3.864008e+02
  4.400010e+00   8.291325e+03   3.816392e+02
  4.402650e+00   8.023451e+03   3.807761e+02
  4.405300e+00   9.256856e+03   4.111114e+02
  4.407940e+00   8.707635e+03   4.016532e+02
  4.410590e+00   8.325288e+03   3.937726e+02
  4.413230e+00   8.941299e+03   4.102549e+02
  4.415870e+00   9.573917e+03   4.277311e+02
  4.418520e+00   8.340733e+03   4.036363e+02
  4.421160e+00   8.868263e+03   4.166673e+02
  4.423800e+00   8.947490e+03   4.199265e+02
  4.426450e+00   7.997733e+03   4.003874e+02
  4.429090e+00   8.932456e+03   4.277871e+02
  4.431730e+00   7.903880e+03   4.033432e+02
  4.434380e+00   9.054810e+03   4.302070e+02
  4.437020e+00   8.903808e+03   4.318981e+02
  4.439660e+00   8.373838e+03   4.218679e+02
  4.442310e+00   8.436699e+03   4.239601e+02
  4.444950e+00   8.691787e+03   4.313661e+02
  4.447590e+00   9.079764e+03   4.430471e+02
  4.450240e+00   9.208957e+03   4.520499e+02
  4.452880e+00   8.243367e+03   4.320698e+02
  4.455520e+00   7.940987e+03   4.232560e+02
  4.458170e+00   8.179462e+03   4.329030e+02
  4.460810e+00   8.092747e+03   4.325755e+02
  4.463450e+00   8.095879e+03   4.352371e+02
  4.466100e+00   9.368302e+03   4.719682e+02
  4.468740e+00   8.228554e+03   4.417319e+02
  4.471380e+00   8.846393e+03   4.662458e+02
  4.474030e+00   8.909357e+03   4.715332e+02
  4.476670e+00   8.522942e+03   4.608679e+02
  4.479310e+00   9.318970e+03   4.812295e+02
  4.481960e+00   7.844800e+03   4.462751e+02
  4.484600e+00   8.757095e+03   4.791669e+02
  4.487240e+00   8.994718e+03   4.878071e+02
  4.489890e+00   8.137954e+03   4.629520e+02
  4.492530e+00   8.622664e+03   4.797778e+02
  4.495170e+00   8.755320e+03   4.871590e+02
  4.497820e+00   8.224089e+03   4.788250e+02
  4.500460e+00   8.699068e+03   4.901370e+02
  4.503100e+00   9.092797e+03   5.075105e+02
  4.505750e+00   8.493882e+03   4.936968e+02
  4.508390e+00   8.736485e+03   5.052440e+02
  4.511030e+00   8.882339e+03   5.086012e+02
  4.513680e+00   8.809533e+03   5.077730e+02
  4.516320e+00   8.491116e+03   5.074412e+02
  4.518960e+00   9.260108e+03   5.364237e+02
  4.521610e+00   8.762423e+03   5.245925e+02
  4.524250e+00   8.103542e+03   4.987385e+02
  4.526890e+00   8.714466e+03   5.255021e+02
  4.529540e+00   8.567955e+03   5.253350e+02
  4.532180e+00   8.147162e+03   5.194441e+02
  4.534820e+00   8.711285e+03   5.341232e+02
  4.537470e+00   8.741767e+03   5.442386e+02
  4.540110e+00   8.229060e+03   5.300803e+02
  4.542750e+00   8.634044e+03   5.504865e+02
  4.545400e+00   7.531554e+03   5.066271e+02
  4.548040e+00   8.420356e+03   5.458106e+02
  4.550680e+00   8.282777e+03   5.485403e+02
  4.553330e+00   9.705417e+03   6.019044e+02
  4.555970e+00   9.052683e+03   5.819285e+02
  4.558610e+00   9.569934e+03   5.957981e+02
  4.561260e+00   8.469250e+03   5.658756e+02
  4.563900e+00   7.494970e+03   5.423170e+02
  4.566550e+00   8.990965e+03   6.020795e+02
  4.569190e+00   9.262820e+03   6.042397e+02
  4.571830e+00   8.235889e+03   5.809148e+02
  4.574480e+00   8.622978e+03   5.978959e+02
  4.577120e+00   8.388024e+03   5.946112e+02
  4.579760e+00   7.989552e+03   5.796230e+02
  4.582410e+00   9.527346e+03   6.437984e+02
  4.585050e+00   8.474993e+03   6.148406e+02
  4.587690e+00   8.008666e+03   6.053982e+02
  4.590340e+00   8.696300e+03   6.276014e+02
  4.592980e+00   8.486670e+03   6.256456e+02
  4.595620e+00   8.522265e+03   6.387708e+02
  4.598270e+00   9.007500e+03   6.676803e+02
  4.600910e+00   9.605875e+03   6.914460e+02
  4.603550e+00   9.564635e+03   6.938916e+02
  4.606200e+00   8.433516e+03   6.730678e+02
  4.608840e+00   8.836807e+03   6.942851e+02
  4.611480e+00   9.844303e+03   7.420423e+02
  4.614130e+00   7.812227e+03   6.579082e+02
  4.616770e+00   8.336538e+03   7.020631e+02
  4.619410e+00   9.754500e+03   7.711609e+02
  4.622060e+00   9.696824e+03   7.839417e+02
  4.624700e+00   9.151953e+03   7.548403e+02
  4.627340e+00   8.941018e+03   7.666860e+02
  4.629990e+00   7.551028e+03   7.167119e+02
  4.632630e+00   7.305466e+03   7.233489e+02
  4.635270e+00   7.681912e+03   7.357938e+02
  4.637920e+00   8.513414e+03   7.938799e+02
  4.640560e+00   7.777786e+03   7.856750e+02
  4.643200e+00   8.646393e+03   8.398119e+02
  4.645850e+00   8.608402e+03   8.322056e+02
  4.648490e+00   7.912265e+03   8.033688e+02
  4.651130e+00   9.602808e+03   8.954665e+02
  4.653780e+00   9.720864e+03   9.185353e+02
  4.656420e+00   8.327419e+03   8.543752e+02
  4.659060e+00   9.277672e+03   8.886398e+02
  4.661710e+00   8.234036e+03   8.538297e+02
  4.664350e+00   8.355433e+03   8.711141e+02
  4.666990e+00   7.428579e+03   8.411209e+02
  4.669640e+00   9.119416e+03   8.985627e+02
  4.672280e+00   9.087728e+03   9.179992e+02
  4.674920e+00   9.854731e+03   9.904378e+02
  4.677570e+00   1.001083e+04   1.001083e+03
  4.680210e+00   8.279998e+03   8.928551e+02
  4.682850e+00   6.072107e+03   7.774537e+02
  4.685500e+00   7.876759e+03   9.035262e+02
  4.688140e+00   9.728318e+03   1.025455e+03
  4.690780e+00   1.036416e+04   1.036416e+03
  4.693430e+00   7.642004e+03   9.006188e+02
  4.696070e+00   8.258937e+03   9.536599e+02
  4.698710e+00   8.237485e+03   9.707969e+02
  4.701360e+00   6.333651e+03   8.540293e+02
  4.704000e+00   6.276792e+03   8.313814e+02
  4.706640e+00   1.030775e+04   1.111514e+03
  4.709290e+00   1.112125e+04   1.178851e+03
  4.711930e+00   7.660463e+03   9.889615e+02
  4.714570e+00   9.341652e+03   1.051018e+03
  4.717220e+00   8.426509e+03   1.037232e+03
  4.719860e+00   8.607788e+03   1.075973e+03
  4.722510e+00   9.788370e+03   1.169934e+03
  4.725150e+00   9.575579e+03   1.105693e+03
  4.727790e+00   9.508702e+03   1.153099e+03
  4.730440e+00   8.882339e+03   1.137267e+03
  4.733080e+00   8.050090e+03   1.105765e+03
  4.735720e+00   8.175246e+03   1.073462e+03
  4.738370e+00   7.316391e+03   1.045199e+03
  4.741010e+00   8.890354e+03   1.198775e+03
  4.743650e+00   8.144662e+03   1.163523e+03
  4.746300e+00   9.213640e+03   1.220376e+03
  4.748940e+00   8.054430e+03   1.162557e+03
  4.751580e+00   8.449960e+03   1.232553e+03
  4.754230e+00   7.047626e+03   1.143276e+03
  4.756870e+00   8.618021e+03   1.284699e+03
  4.759510e+00   1.071675e+04   1.395202e+03
  4.762160e+00   8.291325e+03   1.310974e+03
  4.764800e+00   9.353331e+03   1.426370e+03
  4.767440e+00   9.487189e+03   1.463905e+03
  4.770090e+00   8.399787e+03   1.311826e+03
  4.772730e+00   7.282547e+03   1.307984e+03
  4.775370e+00   6.607149e+03   1.271547e+03
  4.778020e+00   8.426509e+03   1.466867e+03
  4.780660e+00   6.491235e+03   1.226728e+03
  4.783300e+00   7.915812e+03   1.421722e+03
  4.785950e+00   8.809533e+03   1.557320e+03
  4.788590e+00   9.556103e+03   1.689296e+03
  4.791230e+00   6.182128e+03   1.382366e+03
  4.793880e+00   6.098907e+03   1.437526e+03
  4.796520e+00   8.222230e+03   1.794238e+03
  4.799160e+00   9.736852e+03   2.124755e+03
  4.801810e+00   8.291325e+03   2.072831e+03
  4.804450e+00   6.251926e+03   1.885027e+03
  4.807090e+00   8.426509e+03   2.540688e+03
  4.809740e+00   7.047626e+03   2.877181e+03
  4.812380e+00   9.487189e+03   3.585820e+03
creator: radaver
creator-version: 6572
working-directory: /dataInt/p12/vives/2015-10-17/NEW
header-file: images/header/img_0008_00004.txt
image-file: images/pilatus2m/img_0008_00004.tiff
angular-axis-file: etc/radial-averaging/saxs-2/saxis-saxs2-20150921.dat
beamstop-mask-file: etc/radial-averaging/saxs-2/mask-saxs2-20151008.msk
detector-response-file: none
beam-center-x: 656.1000
beam-center-y: 1645.9000
unit-time: 100.0000
channel-first: 8
channel-last: 1819
angular-unit: nanometer
Run Number: 8
Frame Number: 4
Buffer: NAPI
Code: NAPI
Concentration [mg/ml]: 0
Plate Row: 2
Plate Column: 1
Well Row: 1
Well Column: 9
Load Volume: 20
Load Viscosity: low
Exposure time [s]: 0.035
Exposure period [s]: 0.04
Detector Position: saxs-2
Detector Distance [m]: 3
Timestamp (begin): 2015-10-17 03:31:53.596
Timestamp (end): 2015-10-17 03:31:53.631
PETRA Current: 94.2678
Transmitted Beam: 0.162162
Wavelength [nm]: 0.123987
Flytube Vacuum [mbar]: 0.000275647
Crystal Temperature 1 [C]: -181.4
Crystal Temperature 2 [C]: -156.3
Cell Target Temperature [C]: 20
Cell Temperature [C]: 20.2
Storage Temperature [C]: 20.2
