
Sample:   c= .0000 mg/ml  Code: NAPI
  2.520060e-02   4.723908e+07   2.769585e+05
  2.784400e-02   7.306390e+06   6.020887e+04
  3.048740e-02   3.108791e+06   3.680138e+04
  3.313080e-02   1.416388e+06   2.320077e+04
  3.577420e-02   6.380563e+05   1.452757e+04
  3.841750e-02   4.701310e+05   1.258728e+04
  4.106090e-02   2.917396e+05   9.094686e+03
  4.370430e-02   2.129439e+05   7.709085e+03
  4.634770e-02   1.938226e+05   6.839851e+03
  4.899110e-02   1.561802e+05   5.832655e+03
  5.163450e-02   1.293928e+05   5.184014e+03
  5.427790e-02   1.044633e+05   4.341348e+03
  5.692130e-02   9.786673e+04   4.267192e+03
  5.956470e-02   8.413318e+04   3.747590e+03
  6.220810e-02   7.382798e+04   3.314974e+03
  6.485140e-02   6.408244e+04   3.168673e+03
  6.749480e-02   6.162937e+04   2.898802e+03
  7.013820e-02   5.026173e+04   2.638057e+03
  7.278160e-02   5.435032e+04   2.633282e+03
  7.542500e-02   4.710082e+04   2.400480e+03
  7.806840e-02   4.195680e+04   2.242685e+03
  8.071180e-02   3.713908e+04   2.011194e+03
  8.335520e-02   3.483568e+04   1.965891e+03
  8.599860e-02   3.510014e+04   1.909196e+03
  8.864200e-02   2.954883e+04   1.804982e+03
  9.128530e-02   2.984331e+04   1.819579e+03
  9.392870e-02   2.925797e+04   1.790559e+03
  9.657210e-02   2.534116e+04   1.681952e+03
  9.921550e-02   2.646961e+04   1.687641e+03
  1.018590e-01   2.348471e+04   1.609146e+03
  1.045020e-01   1.983469e+04   1.435188e+03
  1.071460e-01   2.311502e+04   1.558414e+03
  1.097890e-01   1.928615e+04   1.453749e+03
  1.124320e-01   1.914449e+04   1.374494e+03
  1.150760e-01   1.927439e+04   1.394646e+03
  1.177190e-01   1.718209e+04   1.291485e+03
  1.203630e-01   1.816435e+04   1.353891e+03
  1.230060e-01   1.846368e+04   1.361161e+03
  1.256490e-01   1.644402e+04   1.246618e+03
  1.282930e-01   1.786161e+04   1.292421e+03
  1.309360e-01   1.309851e+04   1.095353e+03
  1.335800e-01   1.458854e+04   1.168018e+03
  1.362230e-01   1.444689e+04   1.124689e+03
  1.388660e-01   1.668888e+04   1.226991e+03
  1.415100e-01   1.706971e+04   1.225534e+03
  1.441530e-01   1.459117e+04   1.106154e+03
  1.467970e-01   1.474016e+04   1.130519e+03
  1.494400e-01   1.215242e+04   9.955649e+02
  1.520830e-01   1.243635e+04   1.018826e+03
  1.547270e-01   1.261783e+04   1.016774e+03
  1.573700e-01   1.193444e+04   9.777072e+02
  1.600130e-01   1.237778e+04   9.847234e+02
  1.626570e-01   1.307318e+04   9.968204e+02
  1.653000e-01   1.206442e+04   9.721786e+02
  1.679440e-01   1.405014e+04   1.024711e+03
  1.705870e-01   1.235993e+04   9.651485e+02
  1.732300e-01   1.249578e+04   9.583822e+02
  1.758740e-01   1.159182e+04   9.192911e+02
  1.785170e-01   1.290410e+04   9.699316e+02
  1.811610e-01   1.292708e+04   9.478594e+02
  1.838040e-01   1.193184e+04   9.288928e+02
  1.864470e-01   1.109373e+04   8.797903e+02
  1.890910e-01   1.195302e+04   9.009924e+02
  1.917340e-01   1.197617e+04   9.053137e+02
  1.943780e-01   1.149184e+04   8.687017e+02
  1.970210e-01   1.224992e+04   9.156017e+02
  1.996640e-01   1.144466e+04   8.701214e+02
  2.023080e-01   1.208285e+04   8.907597e+02
  2.049510e-01   1.041401e+04   8.107297e+02
  2.075950e-01   1.100127e+04   8.245799e+02
  2.102380e-01   1.182207e+04   8.715347e+02
  2.128810e-01   1.070494e+04   8.023689e+02
  2.155250e-01   1.058005e+04   8.114525e+02
  2.181680e-01   1.006634e+04   7.860488e+02
  2.208110e-01   1.231003e+04   8.618743e+02
  2.234550e-01   1.098704e+04   8.212097e+02
  2.260980e-01   1.238789e+04   8.448471e+02
  2.287420e-01   1.132403e+04   8.130177e+02
  2.313850e-01   1.156425e+04   8.136575e+02
  2.340280e-01   1.097863e+04   7.902592e+02
  2.366720e-01   1.014078e+04   7.643904e+02
  2.393150e-01   1.105982e+04   7.820473e+02
  2.419590e-01   9.916855e+03   7.475111e+02
  2.446020e-01   1.009100e+04   7.379269e+02
  2.472450e-01   9.917028e+03   7.371269e+02
  2.498890e-01   1.065142e+04   7.627639e+02
  2.525320e-01   1.019162e+04   7.317159e+02
  2.551760e-01   1.062930e+04   7.631393e+02
  2.578190e-01   1.202614e+04   7.811817e+02
  2.604620e-01   1.113115e+04   7.591379e+02
  2.631060e-01   1.105220e+04   7.608647e+02
  2.657490e-01   1.020663e+04   7.217180e+02
  2.683920e-01   1.034635e+04   7.297752e+02
  2.710360e-01   1.221852e+04   7.743171e+02
  2.736790e-01   1.043600e+04   7.236061e+02
  2.763230e-01   1.069734e+04   7.245151e+02
  2.789660e-01   1.080457e+04   7.251552e+02
  2.816090e-01   9.126013e+03   6.673602e+02
  2.842530e-01   1.098441e+04   7.242906e+02
  2.868960e-01   1.017187e+04   7.036029e+02
  2.895400e-01   1.083790e+04   7.100146e+02
  2.921830e-01   1.094140e+04   7.152620e+02
  2.948260e-01   1.200150e+04   7.500938e+02
  2.974700e-01   1.026582e+04   6.874502e+02
  3.001130e-01   1.150250e+04   7.333727e+02
  3.027570e-01   1.202652e+04   7.319107e+02
  3.054000e-01   9.498921e+03   6.570541e+02
  3.080430e-01   1.043401e+04   6.791961e+02
  3.106870e-01   1.186263e+04   7.314813e+02
  3.133300e-01   1.064657e+04   6.843877e+02
  3.159740e-01   9.715697e+03   6.420313e+02
  3.186170e-01   9.898675e+03   6.599116e+02
  3.212600e-01   1.118477e+04   6.896824e+02
  3.239040e-01   1.084609e+04   6.832391e+02
  3.265470e-01   1.099176e+04   6.869849e+02
  3.291900e-01   1.142648e+04   6.865506e+02
  3.318340e-01   1.166560e+04   7.060340e+02
  3.344770e-01   1.192139e+04   6.988445e+02
  3.371210e-01   1.094075e+04   6.733568e+02
  3.397640e-01   1.022983e+04   6.444187e+02
  3.424070e-01   1.110856e+04   6.662473e+02
  3.450510e-01   1.023021e+04   6.496187e+02
  3.476940e-01   1.066249e+04   6.441443e+02
  3.503380e-01   1.086179e+04   6.610274e+02
  3.529810e-01   1.043912e+04   6.437036e+02
  3.556240e-01   1.172414e+04   6.791612e+02
  3.582680e-01   9.184853e+03   5.991538e+02
  3.609110e-01   1.003761e+04   6.189457e+02
  3.635550e-01   1.022877e+04   6.295375e+02
  3.661980e-01   1.030333e+04   6.224468e+02
  3.688410e-01   1.019028e+04   6.236348e+02
  3.714850e-01   1.026013e+04   6.198370e+02
  3.741280e-01   1.080609e+04   6.334641e+02
  3.767710e-01   1.110214e+04   6.474900e+02
  3.794150e-01   1.103110e+04   6.347682e+02
  3.820580e-01   1.039761e+04   6.213760e+02
  3.847020e-01   1.106917e+04   6.307243e+02
  3.873450e-01   1.183469e+04   6.574825e+02
  3.899880e-01   1.012399e+04   6.050240e+02
  3.926320e-01   1.099176e+04   6.222858e+02
  3.952750e-01   1.123553e+04   6.360865e+02
  3.979190e-01   1.068911e+04   6.100598e+02
  4.005620e-01   1.028288e+04   6.048752e+02
  4.032050e-01   1.016738e+04   5.909668e+02
  4.058490e-01   1.013767e+04   5.912409e+02
  4.084920e-01   1.055459e+04   6.103875e+02
  4.111360e-01   1.116777e+04   6.175793e+02
  4.137790e-01   1.033002e+04   5.974005e+02
  4.164220e-01   1.041927e+04   5.936931e+02
  4.190660e-01   1.000519e+04   5.795849e+02
  4.217090e-01   9.878011e+03   5.780668e+02
  4.243530e-01   8.681340e+03   5.373615e+02
  4.269960e-01   1.051768e+04   6.230137e+02
  4.296390e-01   1.059149e+04   6.251959e+02
  4.322830e-01   1.157174e+04   6.830583e+02
  4.349260e-01   1.041222e+04   6.638587e+02
  4.375690e-01   9.950302e+03   6.370028e+02
  4.402130e-01   1.068237e+04   6.797027e+02
  4.428560e-01   1.015156e+04   6.594148e+02
  4.455000e-01   9.610815e+03   6.600735e+02
  4.481430e-01   9.993457e+03   6.722326e+02
  4.507860e-01   8.953414e+03   6.362914e+02
  4.534300e-01   1.041131e+04   7.051430e+02
  4.560730e-01   9.851506e+03   6.734351e+02
  4.587170e-01   9.989611e+03   6.781390e+02
  4.613600e-01   1.023228e+04   6.776492e+02
  4.640030e-01   1.137851e+04   7.083948e+02
  4.666470e-01   1.037718e+04   6.902798e+02
  4.692900e-01   9.990391e+03   6.573195e+02
  4.719340e-01   1.057957e+04   6.960845e+02
  4.745770e-01   9.923116e+03   6.615410e+02
  4.772200e-01   9.738500e+03   6.704260e+02
  4.798640e-01   1.016874e+04   6.705067e+02
  4.825070e-01   9.413550e+03   6.153830e+02
  4.851500e-01   9.319100e+03   6.171725e+02
  4.877940e-01   1.198407e+04   6.763002e+02
  4.904370e-01   1.063098e+04   6.445978e+02
  4.930810e-01   1.102021e+04   6.383834e+02
  4.957240e-01   9.762417e+03   5.941218e+02
  4.983670e-01   1.161189e+04   6.552971e+02
  5.010110e-01   9.700392e+03   5.892569e+02
  5.036540e-01   9.628803e+03   5.870785e+02
  5.062980e-01   1.029021e+04   5.950984e+02
  5.089410e-01   1.102099e+04   6.170571e+02
  5.115840e-01   1.105057e+04   6.196850e+02
  5.142280e-01   1.097358e+04   6.087046e+02
  5.168710e-01   1.119785e+04   6.201918e+02
  5.195150e-01   1.075608e+04   5.921026e+02
  5.221580e-01   1.042480e+04   5.883058e+02
  5.248010e-01   1.077628e+04   5.959299e+02
  5.274450e-01   8.995055e+03   5.375573e+02
  5.300880e-01   1.087228e+04   5.931317e+02
  5.327320e-01   9.954618e+03   5.599910e+02
  5.353750e-01   1.043818e+04   5.816971e+02
  5.380180e-01   1.007025e+04   5.568862e+02
  5.406620e-01   1.026887e+04   5.652826e+02
  5.433050e-01   9.989855e+03   5.619733e+02
  5.459480e-01   1.062377e+04   5.744679e+02
  5.485920e-01   9.753991e+03   5.504496e+02
  5.512350e-01   1.115232e+04   5.766729e+02
  5.538790e-01   1.051917e+04   5.614717e+02
  5.565220e-01   9.522148e+03   5.373659e+02
  5.591650e-01   1.017696e+04   5.495043e+02
  5.618090e-01   1.078268e+04   5.675093e+02
  5.644520e-01   1.008176e+04   5.419986e+02
  5.670960e-01   9.581393e+03   5.322996e+02
  5.697390e-01   1.152175e+04   5.775332e+02
  5.723820e-01   9.858680e+03   5.346620e+02
  5.750260e-01   1.085480e+04   5.583109e+02
  5.776690e-01   1.009195e+04   5.379028e+02
  5.803130e-01   1.068223e+04   5.560945e+02
  5.829560e-01   1.072248e+04   5.436512e+02
  5.855990e-01   9.654923e+03   5.236117e+02
  5.882430e-01   9.839258e+03   5.244342e+02
  5.908860e-01   1.040291e+04   5.400924e+02
  5.935290e-01   9.535351e+03   5.118845e+02
  5.961730e-01   1.117720e+04   5.533540e+02
  5.988160e-01   1.055335e+04   5.364568e+02
  6.014600e-01   1.104814e+04   5.476359e+02
  6.041030e-01   1.044837e+04   5.297534e+02
  6.067460e-01   1.161273e+04   5.580721e+02
  6.093900e-01   1.125598e+04   5.453542e+02
  6.120330e-01   1.027910e+04   5.238715e+02
  6.146770e-01   1.060777e+04   5.251627e+02
  6.173200e-01   1.127289e+04   5.386394e+02
  6.199630e-01   9.631509e+03   4.953914e+02
  6.226070e-01   9.396759e+03   4.932019e+02
  6.252500e-01   1.060933e+04   5.214203e+02
  6.278940e-01   1.002669e+04   5.025923e+02
  6.305370e-01   1.037938e+04   5.113555e+02
  6.331800e-01   1.126923e+04   5.294747e+02
  6.358240e-01   9.472447e+03   4.885041e+02
  6.384670e-01   1.038005e+04   5.070985e+02
  6.411110e-01   1.022081e+04   5.035431e+02
  6.437540e-01   9.402152e+03   4.829561e+02
  6.463970e-01   9.661619e+03   4.892351e+02
  6.490410e-01   1.045618e+04   5.071990e+02
  6.516840e-01   1.044179e+04   5.065014e+02
  6.543270e-01   1.068266e+04   5.116068e+02
  6.569710e-01   1.024928e+04   5.049458e+02
  6.596140e-01   1.114836e+04   5.197949e+02
  6.622580e-01   1.036414e+04   5.039219e+02
  6.649010e-01   1.107993e+04   5.143727e+02
  6.675440e-01   1.034475e+04   5.000322e+02
  6.701880e-01   1.081033e+04   5.153621e+02
  6.728310e-01   1.049429e+04   4.985986e+02
  6.754750e-01   1.034093e+04   4.992649e+02
  6.781180e-01   1.012552e+04   4.894355e+02
  6.807610e-01   1.072171e+04   5.043068e+02
  6.834050e-01   9.565361e+03   4.741374e+02
  6.860480e-01   9.612457e+03   4.712895e+02
  6.886920e-01   1.003675e+04   4.885813e+02
  6.913350e-01   9.844441e+03   4.741901e+02
  6.939780e-01   9.753378e+03   4.787745e+02
  6.966220e-01   1.082731e+04   4.988960e+02
  6.992650e-01   1.056698e+04   4.900321e+02
  7.019080e-01   1.069346e+04   5.013173e+02
  7.045520e-01   1.031508e+04   4.799009e+02
  7.071950e-01   1.084860e+04   4.962034e+02
  7.098390e-01   1.074898e+04   4.958136e+02
  7.124820e-01   1.044525e+04   4.823170e+02
  7.151250e-01   1.036978e+04   4.866780e+02
  7.177690e-01   1.039738e+04   4.770646e+02
  7.204120e-01   1.140910e+04   5.047090e+02
  7.230560e-01   1.036414e+04   4.780623e+02
  7.256990e-01   1.015268e+04   4.749224e+02
  7.283420e-01   1.089712e+04   4.892951e+02
  7.309860e-01   1.052481e+04   4.793920e+02
  7.336290e-01   1.001132e+04   4.698546e+02
  7.362730e-01   1.065201e+04   4.802299e+02
  7.389160e-01   9.872598e+03   4.623268e+02
  7.415590e-01   9.814070e+03   4.626397e+02
  7.442030e-01   1.008830e+04   4.628831e+02
  7.468460e-01   9.877187e+03   4.635593e+02
  7.494900e-01   9.696901e+03   4.511407e+02
  7.521330e-01   1.051685e+04   4.731753e+02
  7.547760e-01   1.048948e+04   4.700449e+02
  7.574200e-01   1.075103e+04   4.784144e+02
  7.600630e-01   1.007632e+04   4.623334e+02
  7.627060e-01   1.057325e+04   4.659131e+02
  7.653500e-01   9.771350e+03   4.531355e+02
  7.679930e-01   1.020663e+04   4.601506e+02
  7.706370e-01   1.073374e+04   4.743686e+02
  7.732800e-01   1.030320e+04   4.593969e+02
  7.759230e-01   9.527563e+03   4.427834e+02
  7.785670e-01   1.103947e+04   4.777244e+02
  7.812100e-01   1.047691e+04   4.616679e+02
  7.838540e-01   1.075384e+04   4.693358e+02
  7.864970e-01   1.097786e+04   4.693796e+02
  7.891400e-01   1.020377e+04   4.522741e+02
  7.917840e-01   1.009303e+04   4.536481e+02
  7.944270e-01   1.056546e+04   4.589343e+02
  7.970710e-01   1.044773e+04   4.581635e+02
  7.997140e-01   1.000645e+04   4.444020e+02
  8.023570e-01   1.095916e+04   4.703024e+02
  8.050010e-01   1.031389e+04   4.514268e+02
  8.076440e-01   1.068559e+04   4.577206e+02
  8.102870e-01   1.093407e+04   4.645440e+02
  8.129310e-01   1.033785e+04   4.494715e+02
  8.155740e-01   1.036559e+04   4.498283e+02
  8.182180e-01   1.040801e+04   4.483046e+02
  8.208610e-01   9.914543e+03   4.373117e+02
  8.235040e-01   1.062408e+04   4.534246e+02
  8.261480e-01   1.020940e+04   4.447285e+02
  8.287910e-01   9.965704e+03   4.370250e+02
  8.314350e-01   1.008256e+04   4.363149e+02
  8.340780e-01   1.051360e+04   4.491187e+02
  8.367210e-01   9.923116e+03   4.351574e+02
  8.393650e-01   1.087557e+04   4.531486e+02
  8.420080e-01   9.842886e+03   4.324716e+02
  8.446520e-01   8.986046e+03   4.067792e+02
  8.472950e-01   9.493149e+03   4.253982e+02
  8.499380e-01   1.071323e+04   4.471617e+02
  8.525820e-01   1.023820e+04   4.341964e+02
  8.552250e-01   1.075056e+04   4.479400e+02
  8.578690e-01   1.046287e+04   4.421368e+02
  8.605120e-01   1.068136e+04   4.596526e+02
  8.631550e-01   1.015086e+04   4.451446e+02
  8.657990e-01   9.657614e+03   4.385297e+02
  8.684420e-01   1.021813e+04   4.533561e+02
  8.710850e-01   1.006817e+04   4.462638e+02
  8.737290e-01   1.014262e+04   4.545018e+02
  8.763720e-01   1.130581e+04   4.710754e+02
  8.790160e-01   1.048662e+04   4.603117e+02
  8.816590e-01   9.383518e+03   4.394235e+02
  8.843020e-01   1.150240e+04   4.788511e+02
  8.869460e-01   1.014039e+04   4.521378e+02
  8.895890e-01   9.943963e+03   4.319381e+02
  8.922330e-01   1.067876e+04   4.516634e+02
  8.948760e-01   9.340133e+03   4.168705e+02
  8.975190e-01   1.076815e+04   4.436941e+02
  9.001630e-01   1.014271e+04   4.348650e+02
  9.028060e-01   9.656886e+03   4.186791e+02
  9.054500e-01   1.000914e+04   4.295332e+02
  9.080930e-01   9.899205e+03   4.213381e+02
  9.107360e-01   1.011203e+04   4.254164e+02
  9.133800e-01   1.057190e+04   4.378432e+02
  9.160230e-01   1.150288e+04   4.532768e+02
  9.186660e-01   1.045645e+04   4.319518e+02
  9.213100e-01   9.621826e+03   4.102760e+02
  9.239530e-01   9.972583e+03   4.214185e+02
  9.265970e-01   1.033905e+04   4.293059e+02
  9.292400e-01   1.026350e+04   4.214715e+02
  9.318830e-01   9.761988e+03   4.154978e+02
  9.345270e-01   1.051697e+04   4.258197e+02
  9.371700e-01   1.047060e+04   4.292527e+02
  9.398140e-01   1.113987e+04   4.376153e+02
  9.424570e-01   1.034004e+04   4.189995e+02
  9.451000e-01   1.096917e+04   4.352982e+02
  9.477440e-01   1.034272e+04   4.194528e+02
  9.503870e-01   9.843885e+03   4.137694e+02
  9.530310e-01   1.095601e+04   4.264619e+02
  9.556740e-01   9.943927e+03   4.114826e+02
  9.583170e-01   1.042487e+04   4.183355e+02
  9.609610e-01   9.638277e+03   4.005531e+02
  9.636040e-01   1.083852e+04   4.277622e+02
  9.662480e-01   1.076926e+04   4.195108e+02
  9.688910e-01   1.037769e+04   4.154403e+02
  9.715340e-01   1.006265e+04   4.077590e+02
  9.741780e-01   1.085262e+04   4.186490e+02
  9.768210e-01   1.023914e+04   4.079370e+02
  9.794640e-01   9.859608e+03   3.956524e+02
  9.821080e-01   1.036394e+04   4.096708e+02
  9.847510e-01   1.128618e+04   4.296576e+02
  9.873950e-01   1.002197e+04   4.101721e+02
  9.900380e-01   9.985075e+03   4.171325e+02
  9.926810e-01   9.884579e+03   4.140195e+02
  9.953250e-01   1.014252e+04   4.266991e+02
  9.979680e-01   9.865734e+03   4.191549e+02
  1.000610e+00   1.056371e+04   4.390128e+02
  1.003250e+00   9.545772e+03   4.186098e+02
  1.005900e+00   1.028059e+04   4.359943e+02
  1.008540e+00   1.007626e+04   4.332121e+02
  1.011190e+00   1.091439e+04   4.508694e+02
  1.013830e+00   9.927375e+03   4.361838e+02
  1.016470e+00   1.022018e+04   4.402142e+02
  1.019120e+00   9.371595e+03   4.237982e+02
  1.021760e+00   1.054065e+04   4.494548e+02
  1.024400e+00   1.062093e+04   4.516481e+02
  1.027050e+00   1.050224e+04   4.527835e+02
  1.029690e+00   9.700701e+03   4.321036e+02
  1.032330e+00   1.040941e+04   4.530116e+02
  1.034980e+00   1.079958e+04   4.609150e+02
  1.037620e+00   1.120767e+04   4.690263e+02
  1.040260e+00   1.068946e+04   4.583066e+02
  1.042910e+00   9.602430e+03   4.174969e+02
  1.045550e+00   9.838707e+03   4.269635e+02
  1.048190e+00   1.026322e+04   4.298791e+02
  1.050840e+00   1.026243e+04   4.268610e+02
  1.053480e+00   9.872278e+03   4.168079e+02
  1.056120e+00   1.043077e+04   4.240709e+02
  1.058770e+00   1.042798e+04   4.260755e+02
  1.061410e+00   1.002035e+04   4.146448e+02
  1.064050e+00   1.081903e+04   4.290025e+02
  1.066700e+00   1.005767e+04   4.112886e+02
  1.069340e+00   1.013271e+04   4.112739e+02
  1.071980e+00   1.008834e+04   4.128885e+02
  1.074630e+00   1.002471e+04   4.045642e+02
  1.077270e+00   1.066042e+04   4.210613e+02
  1.079910e+00   9.830427e+03   4.009915e+02
  1.082560e+00   1.041260e+04   4.084156e+02
  1.085200e+00   1.010698e+04   4.049275e+02
  1.087840e+00   1.018633e+04   4.010863e+02
  1.090490e+00   1.069769e+04   4.145271e+02
  1.093130e+00   1.067263e+04   4.110943e+02
  1.095770e+00   1.034676e+04   4.045903e+02
  1.098420e+00   1.021338e+04   4.009101e+02
  1.101060e+00   9.773922e+03   3.906445e+02
  1.103700e+00   1.022467e+04   4.016628e+02
  1.106350e+00   1.084455e+04   4.107665e+02
  1.108990e+00   1.042183e+04   4.002481e+02
  1.111630e+00   1.070777e+04   4.050052e+02
  1.114280e+00   1.034415e+04   3.975579e+02
  1.116920e+00   1.042057e+04   4.031840e+02
  1.119560e+00   1.002836e+04   3.882997e+02
  1.122210e+00   1.053377e+04   4.010137e+02
  1.124850e+00   1.004621e+04   3.904569e+02
  1.127490e+00   1.086302e+04   4.065384e+02
  1.130140e+00   1.047007e+04   3.994582e+02
  1.132780e+00   9.495093e+03   3.779937e+02
  1.135420e+00   1.022600e+04   3.924377e+02
  1.138070e+00   1.030477e+04   3.922960e+02
  1.140710e+00   1.036544e+04   3.946056e+02
  1.143350e+00   1.003966e+04   3.878660e+02
  1.146000e+00   1.003328e+04   3.853258e+02
  1.148640e+00   9.974859e+03   3.870996e+02
  1.151280e+00   9.893714e+03   3.813746e+02
  1.153930e+00   9.706432e+03   3.786840e+02
  1.156570e+00   1.021502e+04   3.871993e+02
  1.159220e+00   1.031712e+04   3.880153e+02
  1.161860e+00   1.103043e+04   4.038527e+02
  1.164500e+00   9.699586e+03   3.733372e+02
  1.167150e+00   1.045950e+04   3.911631e+02
  1.169790e+00   9.888186e+03   3.758924e+02
  1.172430e+00   1.005349e+04   3.816254e+02
  1.175080e+00   9.763766e+03   3.760862e+02
  1.177720e+00   1.044762e+04   3.848431e+02
  1.180360e+00   9.942384e+03   3.790498e+02
  1.183010e+00   1.079641e+04   3.913697e+02
  1.185650e+00   1.018614e+04   3.822789e+02
  1.188290e+00   1.072829e+04   3.896690e+02
  1.190940e+00   1.020262e+04   3.786547e+02
  1.193580e+00   1.087908e+04   3.933341e+02
  1.196220e+00   1.025052e+04   3.783538e+02
  1.198870e+00   9.779687e+03   3.704320e+02
  1.201510e+00   1.116525e+04   3.942585e+02
  1.204150e+00   1.073931e+04   3.872694e+02
  1.206800e+00   9.814070e+03   3.709370e+02
  1.209440e+00   1.013395e+04   3.732890e+02
  1.212080e+00   1.073367e+04   3.865637e+02
  1.214730e+00   1.012572e+04   3.740021e+02
  1.217370e+00   1.092000e+04   3.870491e+02
  1.220010e+00   1.017329e+04   3.737252e+02
  1.222660e+00   1.069275e+04   3.792329e+02
  1.225300e+00   1.098647e+04   3.886734e+02
  1.227940e+00   1.034309e+04   3.756778e+02
  1.230590e+00   1.015820e+04   3.711724e+02
  1.233230e+00   9.933656e+03   3.669080e+02
  1.235870e+00   9.619847e+03   3.587598e+02
  1.238520e+00   1.008448e+04   3.699637e+02
  1.241160e+00   1.015475e+04   3.695694e+02
  1.243800e+00   1.016493e+04   3.672737e+02
  1.246450e+00   1.011489e+04   3.678749e+02
  1.249090e+00   1.027177e+04   3.711340e+02
  1.251730e+00   1.034658e+04   3.726230e+02
  1.254380e+00   1.013378e+04   3.640162e+02
  1.257020e+00   1.046142e+04   3.731465e+02
  1.259660e+00   1.033955e+04   3.680978e+02
  1.262310e+00   9.823223e+03   3.603791e+02
  1.264950e+00   1.055820e+04   3.737561e+02
  1.267590e+00   9.783819e+03   3.555989e+02
  1.270240e+00   1.060982e+04   3.723317e+02
  1.272880e+00   1.039434e+04   3.677252e+02
  1.275520e+00   1.001610e+04   3.618964e+02
  1.278170e+00   1.026914e+04   3.635235e+02
  1.280810e+00   9.431658e+03   3.502830e+02
  1.283450e+00   1.064179e+04   3.714009e+02
  1.286100e+00   9.630630e+03   3.516609e+02
  1.288740e+00   1.006487e+04   3.601495e+02
  1.291380e+00   9.972205e+03   3.547951e+02
  1.294030e+00   1.029882e+04   3.645742e+02
  1.296670e+00   9.945960e+03   3.575002e+02
  1.299310e+00   1.062110e+04   3.660272e+02
  1.301960e+00   9.663458e+03   3.493831e+02
  1.304600e+00   1.035547e+04   3.605310e+02
  1.307240e+00   1.105475e+04   3.760902e+02
  1.309890e+00   1.034948e+04   3.596694e+02
  1.312530e+00   9.803174e+03   3.507851e+02
  1.315180e+00   1.029567e+04   3.582320e+02
  1.317820e+00   1.012158e+04   3.543261e+02
  1.320460e+00   1.034750e+04   3.593835e+02
  1.323110e+00   9.990804e+03   3.488940e+02
  1.325750e+00   9.751673e+03   3.469489e+02
  1.328390e+00   1.057016e+04   3.596041e+02
  1.331040e+00   1.055126e+04   3.585465e+02
  1.333680e+00   1.082783e+04   3.652136e+02
  1.336320e+00   1.018425e+04   3.503489e+02
  1.338970e+00   1.032605e+04   3.562826e+02
  1.341610e+00   1.020838e+04   3.532756e+02
  1.344250e+00   9.816056e+03   3.438414e+02
  1.346900e+00   1.016850e+04   3.512649e+02
  1.349540e+00   1.051174e+04   3.541496e+02
  1.352180e+00   1.054848e+04   3.588667e+02
  1.354830e+00   1.093078e+04   3.623517e+02
  1.357470e+00   1.016181e+04   3.501990e+02
  1.360110e+00   1.003054e+04   3.481650e+02
  1.362760e+00   1.000783e+04   3.480062e+02
  1.365400e+00   1.019620e+04   3.522220e+02
  1.368040e+00   1.040448e+04   3.509343e+02
  1.370690e+00   1.034600e+04   3.530010e+02
  1.373330e+00   1.041222e+04   3.548474e+02
  1.375970e+00   9.762272e+03   3.417479e+02
  1.378620e+00   1.050754e+04   3.556262e+02
  1.381260e+00   1.047834e+04   3.518281e+02
  1.383900e+00   9.674039e+03   3.405423e+02
  1.386550e+00   1.008432e+04   3.462969e+02
  1.389190e+00   9.203591e+03   3.303897e+02
  1.391830e+00   1.012394e+04   3.458272e+02
  1.394480e+00   1.008336e+04   3.452476e+02
  1.397120e+00   1.016058e+04   3.483002e+02
  1.399760e+00   1.099899e+04   3.595132e+02
  1.402410e+00   9.705623e+03   3.362799e+02
  1.405050e+00   1.049222e+04   3.522941e+02
  1.407690e+00   9.847387e+03   3.401723e+02
  1.410340e+00   1.049090e+04   3.514583e+02
  1.412980e+00   1.052663e+04   3.495309e+02
  1.415620e+00   9.849468e+03   3.384317e+02
  1.418270e+00   1.018312e+04   3.460364e+02
  1.420910e+00   9.722583e+03   3.364639e+02
  1.423550e+00   1.001368e+04   3.414636e+02
  1.426200e+00   1.049456e+04   3.486585e+02
  1.428840e+00   1.017023e+04   3.432286e+02
  1.431480e+00   1.002980e+04   3.406299e+02
  1.434130e+00   1.026044e+04   3.422048e+02
  1.436770e+00   9.912846e+03   3.384190e+02
  1.439410e+00   1.061005e+04   3.511414e+02
  1.442060e+00   1.062725e+04   3.496110e+02
  1.444700e+00   9.916710e+03   3.381570e+02
  1.447340e+00   1.049285e+04   3.446303e+02
  1.449990e+00   1.009370e+04   3.400654e+02
  1.452630e+00   9.882353e+03   3.365943e+02
  1.455270e+00   1.031092e+04   3.429360e+02
  1.457920e+00   1.068759e+04   3.474836e+02
  1.460560e+00   1.047761e+04   3.439443e+02
  1.463200e+00   1.029642e+04   3.430236e+02
  1.465850e+00   1.063326e+04   3.468186e+02
  1.468490e+00   1.062164e+04   3.471792e+02
  1.471140e+00   1.066999e+04   3.454537e+02
  1.473780e+00   1.010906e+04   3.392377e+02
  1.476420e+00   9.725279e+03   3.310524e+02
  1.479070e+00   1.013767e+04   3.373605e+02
  1.481710e+00   1.016686e+04   3.364741e+02
  1.484350e+00   1.060115e+04   3.435854e+02
  1.487000e+00   1.023734e+04   3.403006e+02
  1.489640e+00   9.515888e+03   3.241124e+02
  1.492280e+00   9.933070e+03   3.335198e+02
  1.494930e+00   9.665372e+03   3.267492e+02
  1.497570e+00   1.069911e+04   3.454924e+02
  1.500210e+00   9.688029e+03   3.284550e+02
  1.502860e+00   9.810686e+03   3.284861e+02
  1.505500e+00   1.020982e+04   3.377110e+02
  1.508140e+00   9.952572e+03   3.315682e+02
  1.510790e+00   9.931670e+03   3.305053e+02
  1.513430e+00   9.987965e+03   3.316449e+02
  1.516070e+00   1.057495e+04   3.398916e+02
  1.518720e+00   9.960005e+03   3.320002e+02
  1.521360e+00   1.040747e+04   3.367777e+02
  1.524000e+00   1.044570e+04   3.380151e+02
  1.526650e+00   9.869444e+03   3.291644e+02
  1.529290e+00   9.989471e+03   3.293431e+02
  1.531930e+00   1.035552e+04   3.388430e+02
  1.534580e+00   1.057028e+04   3.376551e+02
  1.537220e+00   1.074944e+04   3.411232e+02
  1.539860e+00   9.763475e+03   3.259929e+02
  1.542510e+00   1.065830e+04   3.402932e+02
  1.545150e+00   1.009521e+04   3.330104e+02
  1.547790e+00   9.520945e+03   3.271436e+02
  1.550440e+00   1.027797e+04   3.454903e+02
  1.553080e+00   9.866302e+03   3.386106e+02
  1.555720e+00   9.832727e+03   3.404795e+02
  1.558370e+00   9.808950e+03   3.423347e+02
  1.561010e+00   1.022021e+04   3.485064e+02
  1.563650e+00   1.048800e+04   3.593130e+02
  1.566300e+00   1.008472e+04   3.481631e+02
  1.568940e+00   9.974983e+03   3.500533e+02
  1.571580e+00   9.774949e+03   3.458128e+02
  1.574230e+00   9.671898e+03   3.485510e+02
  1.576870e+00   9.587667e+03   3.480103e+02
  1.579510e+00   1.054555e+04   3.619224e+02
  1.582160e+00   1.019036e+04   3.591629e+02
  1.584800e+00   9.829541e+03   3.515037e+02
  1.587440e+00   9.901544e+03   3.579911e+02
  1.590090e+00   9.875965e+03   3.563682e+02
  1.592730e+00   9.811842e+03   3.526794e+02
  1.595370e+00   9.974153e+03   3.618006e+02
  1.598020e+00   1.036623e+04   3.669605e+02
  1.600660e+00   9.806373e+03   3.566543e+02
  1.603300e+00   9.637647e+03   3.442017e+02
  1.605950e+00   1.025547e+04   3.538473e+02
  1.608590e+00   1.008828e+04   3.505918e+02
  1.611230e+00   9.976967e+03   3.434214e+02
  1.613880e+00   1.008894e+04   3.470702e+02
  1.616520e+00   1.031642e+04   3.465868e+02
  1.619160e+00   9.968995e+03   3.429439e+02
  1.621810e+00   1.028753e+04   3.483798e+02
  1.624450e+00   1.026700e+04   3.424236e+02
  1.627100e+00   1.035254e+04   3.466286e+02
  1.629740e+00   1.060283e+04   3.478677e+02
  1.632380e+00   1.015022e+04   3.433365e+02
  1.635030e+00   1.019196e+04   3.410609e+02
  1.637670e+00   1.036470e+04   3.420861e+02
  1.640310e+00   1.033972e+04   3.448490e+02
  1.642960e+00   9.765092e+03   3.306878e+02
  1.645600e+00   9.953243e+03   3.353333e+02
  1.648240e+00   9.784279e+03   3.303916e+02
  1.650890e+00   1.000519e+04   3.346235e+02
  1.653530e+00   1.049623e+04   3.438154e+02
  1.656170e+00   1.048980e+04   3.417761e+02
  1.658820e+00   9.959336e+03   3.345904e+02
  1.661460e+00   1.032520e+04   3.380320e+02
  1.664100e+00   1.008098e+04   3.371585e+02
  1.666750e+00   1.081775e+04   3.480554e+02
  1.669390e+00   1.018627e+04   3.342007e+02
  1.672030e+00   1.052659e+04   3.433395e+02
  1.674680e+00   1.018166e+04   3.335115e+02
  1.677320e+00   9.959132e+03   3.336435e+02
  1.679960e+00   9.934080e+03   3.300377e+02
  1.682610e+00   1.022844e+04   3.339705e+02
  1.685250e+00   9.551307e+03   3.253188e+02
  1.687890e+00   1.034266e+04   3.364467e+02
  1.690540e+00   1.012523e+04   3.330956e+02
  1.693180e+00   9.543386e+03   3.202551e+02
  1.695820e+00   9.820066e+03   3.273355e+02
  1.698470e+00   9.870307e+03   3.302972e+02
  1.701110e+00   1.020051e+04   3.306004e+02
  1.703750e+00   1.027428e+04   3.363648e+02
  1.706400e+00   9.505612e+03   3.180932e+02
  1.709040e+00   9.559429e+03   3.218827e+02
  1.711680e+00   1.000857e+04   3.292577e+02
  1.714330e+00   9.618609e+03   3.202647e+02
  1.716970e+00   9.956713e+03   3.279069e+02
  1.719610e+00   9.081626e+03   3.127878e+02
  1.722260e+00   1.046763e+04   3.354046e+02
  1.724900e+00   1.002925e+04   3.262514e+02
  1.727540e+00   1.037674e+04   3.321515e+02
  1.730190e+00   1.071053e+04   3.388662e+02
  1.732830e+00   1.001187e+04   3.265513e+02
  1.735470e+00   9.897018e+03   3.250607e+02
  1.738120e+00   9.682092e+03   3.200801e+02
  1.740760e+00   1.026724e+04   3.300017e+02
  1.743400e+00   1.019755e+04   3.287821e+02
  1.746050e+00   9.819652e+03   3.223459e+02
  1.748690e+00   1.026541e+04   3.290940e+02
  1.751330e+00   1.065209e+04   3.338573e+02
  1.753980e+00   9.838212e+03   3.231293e+02
  1.756620e+00   9.882447e+03   3.214760e+02
  1.759260e+00   1.053027e+04   3.323325e+02
  1.761910e+00   1.054745e+04   3.322135e+02
  1.764550e+00   1.039392e+04   3.301739e+02
  1.767190e+00   1.053972e+04   3.334620e+02
  1.769840e+00   9.777424e+03   3.177236e+02
  1.772480e+00   1.002044e+04   3.232398e+02
  1.775120e+00   1.061208e+04   3.303396e+02
  1.777770e+00   9.670297e+03   3.162525e+02
  1.780410e+00   1.041059e+04   3.293764e+02
  1.783060e+00   9.660996e+03   3.141061e+02
  1.785700e+00   9.724769e+03   3.176943e+02
  1.788340e+00   1.032302e+04   3.262794e+02
  1.790990e+00   1.055366e+04   3.282032e+02
  1.793630e+00   9.727643e+03   3.172807e+02
  1.796270e+00   1.028334e+04   3.227760e+02
  1.798920e+00   1.008484e+04   3.238048e+02
  1.801560e+00   1.009436e+04   3.209820e+02
  1.804200e+00   9.966186e+03   3.188465e+02
  1.806850e+00   9.591018e+03   3.133249e+02
  1.809490e+00   9.399773e+03   3.095650e+02
  1.812130e+00   1.035532e+04   3.299478e+02
  1.814780e+00   9.651358e+03   3.129667e+02
  1.817420e+00   9.621755e+03   3.150021e+02
  1.820060e+00   1.000581e+04   3.215989e+02
  1.822710e+00   1.002974e+04   3.217041e+02
  1.825350e+00   1.028837e+04   3.271511e+02
  1.827990e+00   1.094049e+04   3.349304e+02
  1.830640e+00   1.013172e+04   3.259826e+02
  1.833280e+00   9.973330e+03   3.200594e+02
  1.835920e+00   9.533815e+03   3.148343e+02
  1.838570e+00   9.589082e+03   3.152871e+02
  1.841210e+00   9.314650e+03   3.087776e+02
  1.843850e+00   9.768561e+03   3.208416e+02
  1.846500e+00   9.753920e+03   3.167926e+02
  1.849140e+00   1.026159e+04   3.266299e+02
  1.851780e+00   1.010660e+04   3.250063e+02
  1.854430e+00   1.018298e+04   3.246215e+02
  1.857070e+00   1.035532e+04   3.299478e+02
  1.859710e+00   9.380410e+03   3.095997e+02
  1.862360e+00   1.018425e+04   3.261570e+02
  1.865000e+00   1.031196e+04   3.272403e+02
  1.867640e+00   1.008165e+04   3.240366e+02
  1.870290e+00   1.014556e+04   3.252517e+02
  1.872930e+00   9.881107e+03   3.177550e+02
  1.875570e+00   1.035532e+04   3.299478e+02
  1.878220e+00   1.044265e+04   3.294031e+02
  1.880860e+00   1.049952e+04   3.297239e+02
  1.883500e+00   1.000250e+04   3.241829e+02
  1.886150e+00   1.004206e+04   3.199665e+02
  1.888790e+00   1.008928e+04   3.259699e+02
  1.891430e+00   9.644652e+03   3.147413e+02
  1.894080e+00   9.715125e+03   3.187429e+02
  1.896720e+00   1.038441e+04   3.295394e+02
  1.899360e+00   9.293424e+03   3.102984e+02
  1.902010e+00   9.917285e+03   3.226093e+02
  1.904650e+00   9.834608e+03   3.169158e+02
  1.907290e+00   1.020663e+04   3.267064e+02
  1.909940e+00   9.767099e+03   3.175558e+02
  1.912580e+00   1.071276e+04   3.355941e+02
  1.915220e+00   1.049213e+04   3.304711e+02
  1.917870e+00   1.064511e+04   3.305679e+02
  1.920510e+00   1.017090e+04   3.255627e+02
  1.923150e+00   9.993747e+03   3.227149e+02
  1.925800e+00   9.919664e+03   3.204898e+02
  1.928440e+00   9.233013e+03   3.101892e+02
  1.931080e+00   9.456752e+03   3.122895e+02
  1.933730e+00   1.008384e+04   3.251161e+02
  1.936370e+00   9.060236e+03   3.062919e+02
  1.939020e+00   1.011054e+04   3.234648e+02
  1.941660e+00   1.008668e+04   3.233640e+02
  1.944300e+00   1.018288e+04   3.252803e+02
  1.946950e+00   9.464143e+03   3.145987e+02
  1.949590e+00   9.805364e+03   3.176269e+02
  1.952230e+00   9.738904e+03   3.186667e+02
  1.954880e+00   1.003810e+04   3.223040e+02
  1.957520e+00   1.027954e+04   3.272013e+02
  1.960160e+00   1.023775e+04   3.258712e+02
  1.962810e+00   1.014630e+04   3.232880e+02
  1.965450e+00   1.017076e+04   3.262272e+02
  1.968090e+00   9.909381e+03   3.194913e+02
  1.970740e+00   9.947318e+03   3.212157e+02
  1.973380e+00   9.714570e+03   3.165178e+02
  1.976020e+00   9.988467e+03   3.210415e+02
  1.978670e+00   9.639598e+03   3.181541e+02
  1.981310e+00   1.037625e+04   3.273087e+02
  1.983950e+00   9.856114e+03   3.201117e+02
  1.986600e+00   1.020370e+04   3.236417e+02
  1.989240e+00   9.789035e+03   3.191134e+02
  1.991880e+00   1.022144e+04   3.255170e+02
  1.994530e+00   1.012971e+04   3.208110e+02
  1.997170e+00   9.907939e+03   3.226469e+02
  1.999810e+00   9.806573e+03   3.160124e+02
  2.002460e+00   1.015943e+04   3.238710e+02
  2.005100e+00   9.649375e+03   3.147279e+02
  2.007740e+00   1.000006e+04   3.191146e+02
  2.010390e+00   9.274297e+03   3.107006e+02
  2.013030e+00   1.017317e+04   3.218650e+02
  2.015670e+00   1.010323e+04   3.209396e+02
  2.018320e+00   9.974664e+03   3.171759e+02
  2.020960e+00   9.973072e+03   3.192303e+02
  2.023600e+00   1.013490e+04   3.222711e+02
  2.026250e+00   1.027143e+04   3.217688e+02
  2.028890e+00   9.692186e+03   3.157885e+02
  2.031530e+00   9.587481e+03   3.112228e+02
  2.034180e+00   1.023450e+04   3.241297e+02
  2.036820e+00   1.024730e+04   3.227595e+02
  2.039460e+00   1.094679e+04   3.321787e+02
  2.042110e+00   9.135874e+03   3.060633e+02
  2.044750e+00   9.869020e+03   3.163863e+02
  2.047390e+00   1.016690e+04   3.236160e+02
  2.050040e+00   9.529545e+03   3.096686e+02
  2.052680e+00   9.872488e+03   3.161726e+02
  2.055320e+00   9.532361e+03   3.130838e+02
  2.057970e+00   9.228666e+03   3.052571e+02
  2.060610e+00   9.866606e+03   3.167976e+02
  2.063250e+00   9.673774e+03   3.127087e+02
  2.065900e+00   9.790807e+03   3.156683e+02
  2.068540e+00   1.026223e+04   3.241962e+02
  2.071180e+00   1.008785e+04   3.178952e+02
  2.073830e+00   9.740831e+03   3.160343e+02
  2.076470e+00   9.906354e+03   3.156427e+02
  2.079110e+00   1.008898e+04   3.222806e+02
  2.081760e+00   1.025856e+04   3.218397e+02
  2.084400e+00   9.360843e+03   3.059687e+02
  2.087040e+00   9.972133e+03   3.198563e+02
  2.089690e+00   9.727020e+03   3.141019e+02
  2.092330e+00   9.779895e+03   3.163044e+02
  2.094980e+00   9.816837e+03   3.143904e+02
  2.097620e+00   1.006983e+04   3.185955e+02
  2.100260e+00   1.012971e+04   3.208110e+02
  2.102910e+00   9.704100e+03   3.131985e+02
  2.105550e+00   1.064708e+04   3.307887e+02
  2.108190e+00   9.526191e+03   3.168364e+02
  2.110840e+00   1.015961e+04   3.338656e+02
  2.113480e+00   9.680126e+03   3.278104e+02
  2.116120e+00   1.014689e+04   3.341700e+02
  2.118770e+00   1.033616e+04   3.422644e+02
  2.121410e+00   9.770165e+03   3.306700e+02
  2.124050e+00   9.265489e+03   3.298601e+02
  2.126700e+00   9.406884e+03   3.285026e+02
  2.129340e+00   9.427284e+03   3.318561e+02
  2.131980e+00   1.008949e+04   3.462704e+02
  2.134630e+00   9.812640e+03   3.408071e+02
  2.137270e+00   9.855103e+03   3.473467e+02
  2.139910e+00   9.586872e+03   3.366406e+02
  2.142560e+00   9.748283e+03   3.461717e+02
  2.145200e+00   1.005561e+04   3.515860e+02
  2.147840e+00   9.843621e+03   3.484604e+02
  2.150490e+00   1.015344e+04   3.550066e+02
  2.153130e+00   1.021533e+04   3.526724e+02
  2.155770e+00   9.329557e+03   3.436587e+02
  2.158420e+00   9.611913e+03   3.498133e+02
  2.161060e+00   9.917633e+03   3.497680e+02
  2.163700e+00   9.733977e+03   3.415956e+02
  2.166350e+00   9.478063e+03   3.322059e+02
  2.168990e+00   1.001619e+04   3.437546e+02
  2.171630e+00   9.838336e+03   3.372538e+02
  2.174280e+00   1.036867e+04   3.446662e+02
  2.176920e+00   1.029274e+04   3.454016e+02
  2.179560e+00   9.752934e+03   3.314182e+02
  2.182210e+00   9.527693e+03   3.275688e+02
  2.184850e+00   9.585096e+03   3.274206e+02
  2.187490e+00   9.828372e+03   3.320699e+02
  2.190140e+00   9.735483e+03   3.321704e+02
  2.192780e+00   9.422613e+03   3.245320e+02
  2.195420e+00   9.348748e+03   3.206594e+02
  2.198070e+00   9.863050e+03   3.298697e+02
  2.200710e+00   9.919413e+03   3.319405e+02
  2.203350e+00   1.025326e+04   3.397057e+02
  2.206000e+00   9.584814e+03   3.245828e+02
  2.208640e+00   9.456797e+03   3.236049e+02
  2.211280e+00   9.603254e+03   3.267093e+02
  2.213930e+00   1.024919e+04   3.362649e+02
  2.216570e+00   9.941629e+03   3.323120e+02
  2.219210e+00   1.012558e+04   3.323884e+02
  2.221860e+00   9.478944e+03   3.239836e+02
  2.224500e+00   9.956378e+03   3.322486e+02
  2.227140e+00   9.650138e+03   3.267949e+02
  2.229790e+00   9.753742e+03   3.282395e+02
  2.232430e+00   9.778735e+03   3.281529e+02
  2.235070e+00   1.012714e+04   3.357115e+02
  2.237720e+00   1.008406e+04   3.352056e+02
  2.240360e+00   9.402599e+03   3.230771e+02
  2.243010e+00   1.004508e+04   3.337253e+02
  2.245650e+00   1.041096e+04   3.397487e+02
  2.248290e+00   1.011454e+04   3.352937e+02
  2.250940e+00   9.593593e+03   3.282860e+02
  2.253580e+00   9.830467e+03   3.284129e+02
  2.256220e+00   1.006319e+04   3.350676e+02
  2.258870e+00   1.026116e+04   3.394091e+02
  2.261510e+00   9.574266e+03   3.259118e+02
  2.264150e+00   9.781357e+03   3.308593e+02
  2.266800e+00   9.671788e+03   3.282819e+02
  2.269440e+00   9.433791e+03   3.247245e+02
  2.272080e+00   9.714010e+03   3.308605e+02
  2.274730e+00   1.019240e+04   3.358512e+02
  2.277370e+00   9.680634e+03   3.291514e+02
  2.280010e+00   9.409041e+03   3.234895e+02
  2.282660e+00   9.813825e+03   3.312005e+02
  2.285300e+00   1.026235e+04   3.381558e+02
  2.287940e+00   9.882538e+03   3.307065e+02
  2.290590e+00   1.031477e+04   3.413690e+02
  2.293230e+00   9.672748e+03   3.260683e+02
  2.295870e+00   9.020674e+03   3.183327e+02
  2.298520e+00   9.889854e+03   3.311368e+02
  2.301160e+00   1.009472e+04   3.361174e+02
  2.303800e+00   1.001575e+04   3.382078e+02
  2.306450e+00   1.031955e+04   3.365867e+02
  2.309090e+00   1.010992e+04   3.377487e+02
  2.311730e+00   9.737637e+03   3.291922e+02
  2.314380e+00   9.799778e+03   3.314824e+02
  2.317020e+00   9.422253e+03   3.262659e+02
  2.319660e+00   1.000647e+04   3.322595e+02
  2.322310e+00   9.595924e+03   3.303053e+02
  2.324950e+00   9.865035e+03   3.312355e+02
  2.327590e+00   9.886873e+03   3.334759e+02
  2.330240e+00   9.344740e+03   3.255394e+02
  2.332880e+00   9.879945e+03   3.311765e+02
  2.335520e+00   9.422513e+03   3.282488e+02
  2.338170e+00   9.784279e+03   3.303916e+02
  2.340810e+00   9.421998e+03   3.243186e+02
  2.343450e+00   9.590883e+03   3.289646e+02
  2.346100e+00   9.973940e+03   3.335785e+02
  2.348740e+00   9.525436e+03   3.284633e+02
  2.351380e+00   1.056415e+04   3.420270e+02
  2.354030e+00   9.394960e+03   3.241569e+02
  2.356670e+00   1.004857e+04   3.368287e+02
  2.359310e+00   1.019707e+04   3.372891e+02
  2.361960e+00   9.953072e+03   3.343800e+02
  2.364600e+00   1.019711e+04   3.365549e+02
  2.367240e+00   1.051548e+04   3.450018e+02
  2.369890e+00   9.992664e+03   3.342047e+02
  2.372530e+00   9.529959e+03   3.282292e+02
  2.375170e+00   9.900563e+03   3.341278e+02
  2.377820e+00   1.031289e+04   3.383548e+02
  2.380460e+00   9.968479e+03   3.362284e+02
  2.383100e+00   9.771871e+03   3.288496e+02
  2.385750e+00   9.319590e+03   3.240739e+02
  2.388390e+00   9.850070e+03   3.312937e+02
  2.391030e+00   9.687652e+03   3.295806e+02
  2.393680e+00   9.774176e+03   3.304275e+02
  2.396320e+00   9.526191e+03   3.240876e+02
  2.398970e+00   9.649762e+03   3.292456e+02
  2.401610e+00   9.578919e+03   3.243831e+02
  2.404250e+00   1.017119e+04   3.386637e+02
  2.406900e+00   9.882310e+03   3.316286e+02
  2.409540e+00   9.355555e+03   3.212711e+02
  2.412180e+00   9.905486e+03   3.350581e+02
  2.414830e+00   9.905975e+03   3.303828e+02
  2.417470e+00   9.849240e+03   3.331555e+02
  2.420110e+00   9.739673e+03   3.285110e+02
  2.422760e+00   9.860053e+03   3.312550e+02
  2.425400e+00   9.878011e+03   3.337471e+02
  2.428040e+00   9.430042e+03   3.234478e+02
  2.430690e+00   9.415684e+03   3.258432e+02
  2.433330e+00   9.367667e+03   3.218768e+02
  2.435970e+00   1.021955e+04   3.398973e+02
  2.438620e+00   9.940668e+03   3.349096e+02
  2.441260e+00   9.530634e+03   3.253705e+02
  2.443900e+00   9.976855e+03   3.349900e+02
  2.446550e+00   9.591317e+03   3.263032e+02
  2.449190e+00   9.821629e+03   3.327932e+02
  2.451830e+00   9.436321e+03   3.255840e+02
  2.454480e+00   9.332690e+03   3.227778e+02
  2.457120e+00   9.527707e+03   3.291292e+02
  2.459760e+00   9.421998e+03   3.243186e+02
  2.462410e+00   1.078245e+04   3.489119e+02
  2.465050e+00   9.513491e+03   3.265022e+02
  2.467690e+00   9.616061e+03   3.286702e+02
  2.470340e+00   1.012877e+04   3.391363e+02
  2.472980e+00   9.487924e+03   3.267815e+02
  2.475620e+00   9.581541e+03   3.278736e+02
  2.478270e+00   9.396125e+03   3.245838e+02
  2.480910e+00   1.000612e+04   3.365423e+02
  2.483550e+00   1.001384e+04   3.369926e+02
  2.486200e+00   1.006971e+04   3.369699e+02
  2.488840e+00   1.010308e+04   3.382761e+02
  2.491480e+00   1.001911e+04   3.352766e+02
  2.494130e+00   9.588983e+03   3.298710e+02
  2.496770e+00   1.002737e+04   3.366862e+02
  2.499410e+00   9.714010e+03   3.308605e+02
  2.502060e+00   9.725034e+03   3.333699e+02
  2.504700e+00   9.722283e+03   3.303766e+02
  2.507340e+00   9.644815e+03   3.306200e+02
  2.509990e+00   9.704957e+03   3.299784e+02
  2.512630e+00   1.010906e+04   3.392377e+02
  2.515270e+00   9.925642e+03   3.359321e+02
  2.517920e+00   9.887676e+03   3.356096e+02
  2.520560e+00   8.993099e+03   3.191531e+02
  2.523200e+00   9.156329e+03   3.213242e+02
  2.525850e+00   9.108162e+03   3.228302e+02
  2.528490e+00   9.795442e+03   3.338278e+02
  2.531130e+00   9.857799e+03   3.338272e+02
  2.533780e+00   9.379331e+03   3.263487e+02
  2.536420e+00   9.209359e+03   3.235839e+02
  2.539060e+00   9.448699e+03   3.297619e+02
  2.541710e+00   9.853129e+03   3.329064e+02
  2.544350e+00   9.647544e+03   3.312980e+02
  2.546990e+00   1.009569e+04   3.395549e+02
  2.549640e+00   1.020827e+04   3.419899e+02
  2.552280e+00   1.005788e+04   3.392439e+02
  2.554930e+00   9.610017e+03   3.284636e+02
  2.557570e+00   9.838151e+03   3.350888e+02
  2.560210e+00   9.482229e+03   3.283427e+02
  2.562860e+00   9.686088e+03   3.342018e+02
  2.565500e+00   9.629239e+03   3.320427e+02
  2.568140e+00   1.031174e+04   3.416432e+02
  2.570790e+00   9.946193e+03   3.387687e+02
  2.573430e+00   9.930647e+03   3.349524e+02
  2.576070e+00   1.010215e+04   3.397721e+02
  2.578720e+00   9.458847e+03   3.295145e+02
  2.581360e+00   9.810180e+03   3.347190e+02
  2.584000e+00   9.896140e+03   3.382431e+02
  2.586650e+00   1.012044e+04   3.394287e+02
  2.589290e+00   9.892758e+03   3.355888e+02
  2.591930e+00   9.980145e+03   3.373905e+02
  2.594580e+00   9.478529e+03   3.306017e+02
  2.597220e+00   9.359390e+03   3.292622e+02
  2.599860e+00   9.331871e+03   3.246973e+02
  2.602510e+00   9.992347e+03   3.395538e+02
  2.605150e+00   9.732287e+03   3.338147e+02
  2.607790e+00   9.910386e+03   3.369632e+02
  2.610440e+00   9.230032e+03   3.259238e+02
  2.613080e+00   9.306718e+03   3.256009e+02
  2.615720e+00   9.980115e+03   3.411133e+02
  2.618370e+00   9.348452e+03   3.270609e+02
  2.621010e+00   9.273857e+03   3.256492e+02
  2.623650e+00   1.004355e+04   3.403127e+02
  2.626300e+00   1.002636e+04   3.391468e+02
  2.628940e+00   9.216637e+03   3.279132e+02
  2.631580e+00   1.003859e+04   3.385932e+02
  2.634230e+00   9.711389e+03   3.338844e+02
  2.636870e+00   9.685114e+03   3.339695e+02
  2.639510e+00   9.544546e+03   3.308976e+02
  2.642160e+00   9.733181e+03   3.364280e+02
  2.644800e+00   9.380475e+03   3.267843e+02
  2.647440e+00   9.812787e+03   3.385733e+02
  2.650090e+00   9.368702e+03   3.285747e+02
  2.652730e+00   1.009921e+04   3.418066e+02
  2.655370e+00   9.995631e+03   3.383008e+02
  2.658020e+00   9.374177e+03   3.285647e+02
  2.660660e+00   9.110231e+03   3.247446e+02
  2.663300e+00   9.695644e+03   3.339357e+02
  2.665950e+00   9.359436e+03   3.315282e+02
  2.668590e+00   1.007078e+04   3.504071e+02
  2.671230e+00   1.011865e+04   3.566354e+02
  2.673880e+00   1.052651e+04   3.680508e+02
  2.676520e+00   1.009514e+04   3.593963e+02
  2.679160e+00   9.666750e+03   3.580278e+02
  2.681810e+00   9.766823e+03   3.600099e+02
  2.684450e+00   9.248554e+03   3.536273e+02
  2.687090e+00   9.680719e+03   3.633109e+02
  2.689740e+00   9.817067e+03   3.658605e+02
  2.692380e+00   1.032381e+04   3.821014e+02
  2.695020e+00   1.093654e+04   3.923462e+02
  2.697670e+00   9.080722e+03   3.600740e+02
  2.700310e+00   9.719238e+03   3.732651e+02
  2.702950e+00   9.606727e+03   3.716954e+02
  2.705600e+00   9.270884e+03   3.702435e+02
  2.708240e+00   9.893930e+03   3.799741e+02
  2.710890e+00   9.650911e+03   3.785399e+02
  2.713530e+00   9.507227e+03   3.772828e+02
  2.716170e+00   8.762587e+03   3.660623e+02
  2.718820e+00   9.541656e+03   3.841326e+02
  2.721460e+00   1.010023e+04   3.878968e+02
  2.724100e+00   9.803847e+03   3.745858e+02
  2.726750e+00   9.479310e+03   3.651294e+02
  2.729390e+00   1.010056e+04   3.761647e+02
  2.732030e+00   9.705623e+03   3.632238e+02
  2.734680e+00   9.802927e+03   3.640716e+02
  2.737320e+00   1.002781e+04   3.673904e+02
  2.739960e+00   9.707684e+03   3.590517e+02
  2.742610e+00   9.481106e+03   3.545733e+02
  2.745250e+00   1.029181e+04   3.652427e+02
  2.747890e+00   9.576246e+03   3.551633e+02
  2.750540e+00   9.817970e+03   3.592207e+02
  2.753180e+00   9.388794e+03   3.456063e+02
  2.755820e+00   9.830403e+03   3.580022e+02
  2.758470e+00   9.280907e+03   3.437373e+02
  2.761110e+00   1.003417e+04   3.609041e+02
  2.763750e+00   9.890206e+03   3.568821e+02
  2.766400e+00   1.042875e+04   3.630825e+02
  2.769040e+00   9.427668e+03   3.465680e+02
  2.771680e+00   9.465018e+03   3.449244e+02
  2.774330e+00   9.590211e+03   3.504187e+02
  2.776970e+00   9.277448e+03   3.419713e+02
  2.779610e+00   9.665101e+03   3.483061e+02
  2.782260e+00   9.731055e+03   3.529825e+02
  2.784900e+00   9.297994e+03   3.401958e+02
  2.787540e+00   9.355477e+03   3.443799e+02
  2.790190e+00   9.079651e+03   3.355936e+02
  2.792830e+00   9.732367e+03   3.505027e+02
  2.795470e+00   9.398187e+03   3.445543e+02
  2.798120e+00   9.613018e+03   3.453098e+02
  2.800760e+00   9.650526e+03   3.475552e+02
  2.803400e+00   9.797872e+03   3.483722e+02
  2.806050e+00   8.843247e+03   3.325845e+02
  2.808690e+00   9.331427e+03   3.391565e+02
  2.811330e+00   9.477839e+03   3.413360e+02
  2.813980e+00   9.914812e+03   3.514212e+02
  2.816620e+00   1.018222e+04   3.525813e+02
  2.819260e+00   9.343572e+03   3.418634e+02
  2.821910e+00   9.224420e+03   3.359335e+02
  2.824550e+00   9.541666e+03   3.414277e+02
  2.827190e+00   9.267580e+03   3.399945e+02
  2.829840e+00   9.356660e+03   3.374098e+02
  2.832480e+00   9.833780e+03   3.487682e+02
  2.835120e+00   9.817809e+03   3.453893e+02
  2.837770e+00   9.491676e+03   3.420563e+02
  2.840410e+00   9.894293e+03   3.495977e+02
  2.843050e+00   9.920401e+03   3.481378e+02
  2.845700e+00   9.997077e+03   3.510448e+02
  2.848340e+00   9.105918e+03   3.316180e+02
  2.850980e+00   9.141086e+03   3.362603e+02
  2.853630e+00   9.138782e+03   3.343705e+02
  2.856270e+00   1.029869e+04   3.538673e+02
  2.858910e+00   9.398222e+03   3.422631e+02
  2.861560e+00   1.031841e+04   3.551743e+02
  2.864200e+00   9.615873e+03   3.460828e+02
  2.866850e+00   9.610255e+03   3.430047e+02
  2.869490e+00   9.420163e+03   3.394791e+02
  2.872130e+00   9.802253e+03   3.480882e+02
  2.874780e+00   9.961519e+03   3.506621e+02
  2.877420e+00   8.856894e+03   3.303064e+02
  2.880060e+00   1.005172e+04   3.499561e+02
  2.882710e+00   9.547353e+03   3.414127e+02
  2.885350e+00   9.687442e+03   3.466439e+02
  2.887990e+00   9.390523e+03   3.392934e+02
  2.890640e+00   9.060774e+03   3.348959e+02
  2.893280e+00   9.672484e+03   3.443495e+02
  2.895920e+00   9.751605e+03   3.456365e+02
  2.898570e+00   9.078015e+03   3.337145e+02
  2.901210e+00   9.577433e+03   3.418333e+02
  2.903850e+00   1.000695e+04   3.518258e+02
  2.906500e+00   9.692818e+03   3.437688e+02
  2.909140e+00   9.224539e+03   3.395600e+02
  2.911780e+00   9.661451e+03   3.415839e+02
  2.914430e+00   9.976422e+03   3.503195e+02
  2.917070e+00   9.990804e+03   3.488940e+02
  2.919710e+00   9.453253e+03   3.408930e+02
  2.922360e+00   9.152229e+03   3.355370e+02
  2.925000e+00   9.730578e+03   3.433846e+02
  2.927640e+00   9.380114e+03   3.398057e+02
  2.930290e+00   9.554737e+03   3.418954e+02
  2.932930e+00   9.724925e+03   3.446908e+02
  2.935570e+00   9.465546e+03   3.411146e+02
  2.938220e+00   9.941953e+03   3.469765e+02
  2.940860e+00   9.049052e+03   3.356108e+02
  2.943500e+00   9.611246e+03   3.417366e+02
  2.946150e+00   9.170846e+03   3.359938e+02
  2.948790e+00   9.732754e+03   3.438899e+02
  2.951430e+00   9.010379e+03   3.321270e+02
  2.954080e+00   9.067437e+03   3.356009e+02
  2.956720e+00   9.787679e+03   3.436919e+02
  2.959360e+00   9.164209e+03   3.355255e+02
  2.962010e+00   1.029354e+04   3.538993e+02
  2.964650e+00   9.636675e+03   3.439477e+02
  2.967290e+00   9.482088e+03   3.408266e+02
  2.969940e+00   9.556143e+03   3.406397e+02
  2.972580e+00   9.563019e+03   3.426307e+02
  2.975220e+00   9.639598e+03   3.447113e+02
  2.977870e+00   9.089628e+03   3.332419e+02
  2.980510e+00   9.247586e+03   3.356661e+02
  2.983150e+00   9.761436e+03   3.440454e+02
  2.985800e+00   9.833092e+03   3.474352e+02
  2.988440e+00   8.784398e+03   3.273752e+02
  2.991080e+00   9.661227e+03   3.443856e+02
  2.993730e+00   9.609325e+03   3.427533e+02
  2.996370e+00   1.039199e+04   3.549835e+02
  2.999010e+00   9.459764e+03   3.411278e+02
  3.001660e+00   8.875713e+03   3.296357e+02
  3.004300e+00   9.278283e+03   3.363375e+02
  3.006940e+00   9.569596e+03   3.428664e+02
  3.009590e+00   9.360112e+03   3.364423e+02
  3.012230e+00   9.636675e+03   3.439477e+02
  3.014870e+00   9.637471e+03   3.426690e+02
  3.017520e+00   9.507381e+03   3.415152e+02
  3.020160e+00   9.382225e+03   3.383317e+02
  3.022810e+00   9.259770e+03   3.358871e+02
  3.025450e+00   9.046947e+03   3.325724e+02
  3.028090e+00   9.873734e+03   3.443860e+02
  3.030740e+00   8.942971e+03   3.298665e+02
  3.033380e+00   9.105918e+03   3.316180e+02
  3.036020e+00   8.833598e+03   3.276200e+02
  3.038670e+00   9.456857e+03   3.381765e+02
  3.041310e+00   9.607563e+03   3.407452e+02
  3.043950e+00   9.483288e+03   3.393387e+02
  3.046600e+00   9.084580e+03   3.278115e+02
  3.049240e+00   8.852305e+03   3.269673e+02
  3.051880e+00   8.725914e+03   3.242960e+02
  3.054530e+00   9.964770e+03   3.471392e+02
  3.057170e+00   9.591011e+03   3.393056e+02
  3.059810e+00   9.067288e+03   3.280430e+02
  3.062460e+00   9.614101e+03   3.394857e+02
  3.065100e+00   9.807079e+03   3.431063e+02
  3.067740e+00   9.152725e+03   3.313509e+02
  3.070390e+00   9.270401e+03   3.323600e+02
  3.073030e+00   9.446966e+03   3.367480e+02
  3.075670e+00   9.615940e+03   3.399748e+02
  3.078320e+00   9.853854e+03   3.436926e+02
  3.080960e+00   9.253173e+03   3.323838e+02
  3.083600e+00   9.175402e+03   3.308735e+02
  3.086250e+00   8.894696e+03   3.271967e+02
  3.088890e+00   9.255779e+03   3.337719e+02
  3.091530e+00   9.418371e+03   3.346673e+02
  3.094180e+00   9.451917e+03   3.364972e+02
  3.096820e+00   9.439938e+03   3.362839e+02
  3.099460e+00   9.429967e+03   3.367845e+02
  3.102110e+00   9.857586e+03   3.444519e+02
  3.104750e+00   1.008529e+04   3.473558e+02
  3.107390e+00   1.012598e+04   3.487574e+02
  3.110040e+00   9.386335e+03   3.354402e+02
  3.112680e+00   9.293748e+03   3.325565e+02
  3.115320e+00   9.839427e+03   3.429809e+02
  3.117970e+00   8.840836e+03   3.256564e+02
  3.120610e+00   9.322242e+03   3.350811e+02
  3.123250e+00   9.531800e+03   3.384842e+02
  3.125900e+00   9.216590e+03   3.312835e+02
  3.128540e+00   9.591011e+03   3.393056e+02
  3.131180e+00   9.410955e+03   3.361055e+02
  3.133830e+00   9.237519e+03   3.333302e+02
  3.136470e+00   9.512596e+03   3.378022e+02
  3.139110e+00   9.744872e+03   3.415576e+02
  3.141760e+00   9.400213e+03   3.363661e+02
  3.144400e+00   8.805187e+03   3.245635e+02
  3.147040e+00   9.427958e+03   3.360704e+02
  3.149690e+00   9.384508e+03   3.347343e+02
  3.152330e+00   9.470974e+03   3.371756e+02
  3.154970e+00   9.543167e+03   3.401772e+02
  3.157620e+00   9.360055e+03   3.340747e+02
  3.160260e+00   1.003448e+04   3.460165e+02
  3.162900e+00   9.525390e+03   3.382565e+02
  3.165550e+00   9.485213e+03   3.381113e+02
  3.168190e+00   8.508971e+03   3.202394e+02
  3.170830e+00   9.192426e+03   3.306286e+02
  3.173480e+00   9.081154e+03   3.304970e+02
  3.176120e+00   9.392639e+03   3.356655e+02
  3.178770e+00   9.979021e+03   3.457526e+02
  3.181410e+00   9.230496e+03   3.326440e+02
  3.184050e+00   9.044154e+03   3.284985e+02
  3.186700e+00   8.882789e+03   3.265378e+02
  3.189340e+00   9.506212e+03   3.375755e+02
  3.191980e+00   9.319100e+03   3.311398e+02
  3.194630e+00   9.427292e+03   3.358334e+02
  3.197270e+00   8.647287e+03   3.196129e+02
  3.199910e+00   9.216590e+03   3.312835e+02
  3.202560e+00   9.197838e+03   3.303961e+02
  3.205200e+00   9.255453e+03   3.305519e+02
  3.207840e+00   9.409557e+03   3.335129e+02
  3.210490e+00   9.787830e+03   3.401506e+02
  3.213130e+00   9.718125e+03   3.379323e+02
  3.215770e+00   9.358311e+03   3.310733e+02
  3.218420e+00   9.206772e+03   3.288133e+02
  3.221060e+00   8.989792e+03   3.256658e+02
  3.223700e+00   9.474012e+03   3.326776e+02
  3.226350e+00   9.708170e+03   3.394382e+02
  3.228990e+00   9.529552e+03   3.465865e+02
  3.231630e+00   9.774557e+03   3.562047e+02
  3.234280e+00   9.124227e+03   3.488735e+02
  3.236920e+00   9.498582e+03   3.562246e+02
  3.239560e+00   8.862000e+03   3.492117e+02
  3.242210e+00   9.600614e+03   3.660200e+02
  3.244850e+00   9.257888e+03   3.628452e+02
  3.247490e+00   9.433341e+03   3.680297e+02
  3.250140e+00   9.228256e+03   3.659241e+02
  3.252780e+00   9.598389e+03   3.773516e+02
  3.255420e+00   9.635079e+03   3.799704e+02
  3.258070e+00   9.238763e+03   3.725429e+02
  3.260710e+00   9.156329e+03   3.710332e+02
  3.263350e+00   9.985135e+03   3.934694e+02
  3.266000e+00   8.907323e+03   3.734144e+02
  3.268640e+00   9.246939e+03   3.823139e+02
  3.271280e+00   9.278552e+03   3.829668e+02
  3.273930e+00   9.402530e+03   3.877538e+02
  3.276570e+00   9.412888e+03   3.922037e+02
  3.279210e+00   8.375220e+03   3.726924e+02
  3.281860e+00   8.922809e+03   3.777326e+02
  3.284500e+00   9.522096e+03   3.824166e+02
  3.287140e+00   9.557004e+03   3.774790e+02
  3.289790e+00   8.709379e+03   3.585595e+02
  3.292430e+00   9.959898e+03   3.786185e+02
  3.295070e+00   8.930804e+03   3.578051e+02
  3.297720e+00   9.087485e+03   3.597770e+02
  3.300360e+00   9.015859e+03   3.575021e+02
  3.303000e+00   9.760442e+03   3.689100e+02
  3.305650e+00   9.352134e+03   3.594317e+02
  3.308290e+00   9.214432e+03   3.570520e+02
  3.310930e+00   8.847468e+03   3.505495e+02
  3.313580e+00   9.411105e+03   3.619656e+02
  3.316220e+00   9.626264e+03   3.640987e+02
  3.318860e+00   9.814222e+03   3.680621e+02
  3.321510e+00   8.991928e+03   3.494812e+02
  3.324150e+00   9.040217e+03   3.516237e+02
  3.326800e+00   9.429205e+03   3.563904e+02
  3.329440e+00   9.019363e+03   3.505475e+02
  3.332080e+00   9.522563e+03   3.599191e+02
  3.334730e+00   8.917252e+03   3.476307e+02
  3.337370e+00   9.534237e+03   3.575618e+02
  3.340010e+00   9.043517e+03   3.462941e+02
  3.342660e+00   9.011021e+03   3.470916e+02
  3.345300e+00   8.970913e+03   3.463182e+02
  3.347940e+00   8.082775e+03   3.272620e+02
  3.350590e+00   8.706875e+03   3.386582e+02
  3.353230e+00   9.425860e+03   3.527539e+02
  3.355870e+00   9.339748e+03   3.510092e+02
  3.358520e+00   9.613748e+03   3.553343e+02
  3.361160e+00   9.570584e+03   3.534976e+02
  3.363800e+00   9.670634e+03   3.574369e+02
  3.366450e+00   9.279099e+03   3.492235e+02
  3.369090e+00   9.863285e+03   3.599164e+02
  3.371730e+00   9.614811e+03   3.522594e+02
  3.374380e+00   9.281796e+03   3.473625e+02
  3.377020e+00   9.212968e+03   3.477211e+02
  3.379660e+00   9.036182e+03   3.450030e+02
  3.382310e+00   9.275547e+03   3.473720e+02
  3.384950e+00   9.608848e+03   3.522775e+02
  3.387590e+00   8.768897e+03   3.370161e+02
  3.390240e+00   8.969974e+03   3.422259e+02
  3.392880e+00   8.729748e+03   3.365070e+02
  3.395520e+00   8.833377e+03   3.387446e+02
  3.398170e+00   9.407723e+03   3.506052e+02
  3.400810e+00   9.081066e+03   3.444645e+02
  3.403450e+00   9.322506e+03   3.488860e+02
  3.406100e+00   9.008016e+03   3.404710e+02
  3.408740e+00   9.041705e+03   3.434660e+02
  3.411380e+00   9.145456e+03   3.449274e+02
  3.414030e+00   9.229798e+03   3.463881e+02
  3.416670e+00   9.145456e+03   3.449274e+02
  3.419310e+00   8.568395e+03   3.330201e+02
  3.421960e+00   9.237862e+03   3.474255e+02
  3.424600e+00   9.733207e+03   3.563580e+02
  3.427240e+00   9.718057e+03   3.541457e+02
  3.429890e+00   9.188920e+03   3.443693e+02
  3.432530e+00   8.898563e+03   3.387625e+02
  3.435170e+00   8.839806e+03   3.389911e+02
  3.437820e+00   9.430519e+03   3.476135e+02
  3.440460e+00   9.404893e+03   3.471409e+02
  3.443100e+00   9.316306e+03   3.459989e+02
  3.445750e+00   9.781052e+03   3.536347e+02
  3.448390e+00   8.507361e+03   3.303985e+02
  3.451030e+00   9.267217e+03   3.429951e+02
  3.453680e+00   9.667627e+03   3.504512e+02
  3.456320e+00   9.104155e+03   3.419137e+02
  3.458960e+00   9.145548e+03   3.398916e+02
  3.461610e+00   9.018854e+03   3.368153e+02
  3.464250e+00   9.134066e+03   3.406432e+02
  3.466890e+00   9.384913e+03   3.440676e+02
  3.469540e+00   9.000527e+03   3.377837e+02
  3.472180e+00   8.850010e+03   3.316682e+02
  3.474820e+00   8.805371e+03   3.323373e+02
  3.477470e+00   9.251784e+03   3.412572e+02
  3.480110e+00   9.120284e+03   3.394218e+02
  3.482760e+00   9.169461e+03   3.393770e+02
  3.485400e+00   9.291017e+03   3.397132e+02
  3.488040e+00   9.349533e+03   3.418528e+02
  3.490690e+00   1.005111e+04   3.567006e+02
  3.493330e+00   9.329390e+03   3.408885e+02
  3.495970e+00   8.539266e+03   3.257933e+02
  3.498620e+00   9.288036e+03   3.412045e+02
  3.501260e+00   9.412705e+03   3.432460e+02
  3.503900e+00   9.523695e+03   3.447809e+02
  3.506550e+00   9.005539e+03   3.349196e+02
  3.509190e+00   9.068974e+03   3.375123e+02
  3.511830e+00   9.125088e+03   3.381983e+02
  3.514480e+00   9.099310e+03   3.370115e+02
  3.517120e+00   9.291519e+03   3.399589e+02
  3.519760e+00   9.054843e+03   3.351348e+02
  3.522410e+00   9.080692e+03   3.367842e+02
  3.525050e+00   9.056945e+03   3.380022e+02
  3.527690e+00   9.756236e+03   3.479934e+02
  3.530340e+00   8.506123e+03   3.259553e+02
  3.532980e+00   9.887006e+03   3.515415e+02
  3.535620e+00   8.293782e+03   3.218612e+02
  3.538270e+00   8.987130e+03   3.353967e+02
  3.540910e+00   9.053988e+03   3.339614e+02
  3.543550e+00   9.689139e+03   3.484941e+02
  3.546200e+00   9.423839e+03   3.429686e+02
  3.548840e+00   8.812557e+03   3.311962e+02
  3.551480e+00   9.067247e+03   3.353642e+02
  3.554130e+00   9.595798e+03   3.453603e+02
  3.556770e+00   9.733573e+03   3.494149e+02
  3.559410e+00   8.968276e+03   3.346931e+02
  3.562060e+00   9.493228e+03   3.425574e+02
  3.564700e+00   9.441492e+03   3.429304e+02
  3.567340e+00   9.041976e+03   3.342010e+02
  3.569990e+00   9.025077e+03   3.368129e+02
  3.572630e+00   9.604477e+03   3.445587e+02
  3.575270e+00   8.327119e+03   3.219450e+02
  3.577920e+00   9.149543e+03   3.381768e+02
  3.580560e+00   9.224539e+03   3.395600e+02
  3.583200e+00   9.461958e+03   3.418745e+02
  3.585850e+00   9.171510e+03   3.364701e+02
  3.588490e+00   9.445078e+03   3.441978e+02
  3.591130e+00   8.563102e+03   3.267027e+02
  3.593780e+00   8.725998e+03   3.291072e+02
  3.596420e+00   8.745004e+03   3.291226e+02
  3.599060e+00   9.509595e+03   3.440451e+02
  3.601710e+00   9.678643e+03   3.458865e+02
  3.604350e+00   8.862440e+03   3.319010e+02
  3.606990e+00   8.887300e+03   3.323662e+02
  3.609640e+00   9.018116e+03   3.353874e+02
  3.612280e+00   9.042750e+03   3.353770e+02
  3.614920e+00   9.364940e+03   3.408251e+02
  3.617570e+00   8.757390e+03   3.293556e+02
  3.620210e+00   9.590042e+03   3.453769e+02
  3.622850e+00   9.060415e+03   3.344260e+02
  3.625500e+00   9.147722e+03   3.367323e+02
  3.628140e+00   9.742695e+03   3.475104e+02
  3.630780e+00   9.514598e+03   3.437764e+02
  3.633430e+00   8.974068e+03   3.330589e+02
  3.636070e+00   9.017511e+03   3.342112e+02
  3.638720e+00   8.831019e+03   3.318900e+02
  3.641360e+00   8.924581e+03   3.332946e+02
  3.644000e+00   8.662818e+03   3.285994e+02
  3.646650e+00   9.324991e+03   3.389226e+02
  3.649290e+00   8.856484e+03   3.312137e+02
  3.651930e+00   9.290018e+03   3.392235e+02
  3.654580e+00   9.023511e+03   3.339751e+02
  3.657220e+00   9.199165e+03   3.388556e+02
  3.659860e+00   9.117381e+03   3.367581e+02
  3.662510e+00   8.992481e+03   3.330549e+02
  3.665150e+00   9.267931e+03   3.370714e+02
  3.667790e+00   9.035727e+03   3.339701e+02
  3.670440e+00   8.974068e+03   3.330589e+02
  3.673080e+00   8.801193e+03   3.296073e+02
  3.675720e+00   9.486309e+03   3.403194e+02
  3.678370e+00   9.207015e+03   3.361926e+02
  3.681010e+00   9.119526e+03   3.332202e+02
  3.683650e+00   8.624535e+03   3.250494e+02
  3.686300e+00   9.148924e+03   3.329634e+02
  3.688940e+00   9.151016e+03   3.345943e+02
  3.691580e+00   9.817160e+03   3.464401e+02
  3.694230e+00   8.930804e+03   3.283029e+02
  3.696870e+00   8.906764e+03   3.271982e+02
  3.699510e+00   9.087697e+03   3.311741e+02
  3.702160e+00   8.985371e+03   3.300859e+02
  3.704800e+00   8.609028e+03   3.233188e+02
  3.707440e+00   8.650786e+03   3.210608e+02
  3.710090e+00   8.888706e+03   3.269763e+02
  3.712730e+00   9.447661e+03   3.369869e+02
  3.715370e+00   9.696646e+03   3.419743e+02
  3.718020e+00   9.111590e+03   3.313853e+02
  3.720660e+00   8.572137e+03   3.201323e+02
  3.723300e+00   9.584278e+03   3.405625e+02
  3.725950e+00   8.967010e+03   3.289677e+02
  3.728590e+00   9.216971e+03   3.315114e+02
  3.731230e+00   8.828977e+03   3.252196e+02
  3.733880e+00   8.930804e+03   3.269800e+02
  3.736520e+00   8.526231e+03   3.208889e+02
  3.739160e+00   8.803998e+03   3.260740e+02
  3.741810e+00   8.787337e+03   3.241258e+02
  3.744450e+00   9.225888e+03   3.333449e+02
  3.747090e+00   9.766751e+03   3.427458e+02
  3.749740e+00   9.286109e+03   3.344311e+02
  3.752380e+00   9.170236e+03   3.313341e+02
  3.755020e+00   9.603015e+03   3.395179e+02
  3.757670e+00   9.003511e+03   3.303068e+02
  3.760310e+00   9.177379e+03   3.322434e+02
  3.762950e+00   8.984353e+03   3.269741e+02
  3.765600e+00   8.822625e+03   3.256490e+02
  3.768240e+00   8.470328e+03   3.203772e+02
  3.770880e+00   8.997588e+03   3.305346e+02
  3.773530e+00   9.062492e+03   3.293819e+02
  3.776170e+00   8.871345e+03   3.248030e+02
  3.778810e+00   8.635720e+03   3.225069e+02
  3.781460e+00   8.726465e+03   3.238695e+02
  3.784100e+00   8.870624e+03   3.267536e+02
  3.786740e+00   8.673891e+03   3.257548e+02
  3.789390e+00   9.291181e+03   3.489376e+02
  3.792030e+00   8.633561e+03   3.415384e+02
  3.794680e+00   9.726483e+03   3.652857e+02
  3.797320e+00   9.565233e+03   3.652023e+02
  3.799960e+00   9.651030e+03   3.728518e+02
  3.802610e+00   8.923442e+03   3.624900e+02
  3.805250e+00   9.543332e+03   3.799140e+02
  3.807890e+00   8.758626e+03   3.621246e+02
  3.810540e+00   8.976603e+03   3.701889e+02
  3.813180e+00   8.790774e+03   3.698306e+02
  3.815820e+00   8.507766e+03   3.651032e+02
  3.818470e+00   8.531394e+03   3.691895e+02
  3.821110e+00   8.787017e+03   3.746796e+02
  3.823750e+00   8.906156e+03   3.825522e+02
  3.826400e+00   8.681340e+03   3.799719e+02
  3.829040e+00   9.536282e+03   4.004862e+02
  3.831680e+00   8.413445e+03   3.777748e+02
  3.834330e+00   8.896256e+03   3.920159e+02
  3.836970e+00   8.852080e+03   3.935230e+02
  3.839610e+00   9.302184e+03   4.055945e+02
  3.842260e+00   8.922258e+03   3.905166e+02
  3.844900e+00   8.647928e+03   3.738825e+02
  3.847540e+00   8.787784e+03   3.736946e+02
  3.850190e+00   8.211700e+03   3.563574e+02
  3.852830e+00   9.237178e+03   3.761670e+02
  3.855470e+00   8.862861e+03   3.658094e+02
  3.858120e+00   9.005476e+03   3.667313e+02
  3.860760e+00   8.746436e+03   3.591731e+02
  3.863400e+00   8.611328e+03   3.536249e+02
  3.866050e+00   8.188995e+03   3.451250e+02
  3.868690e+00   9.283336e+03   3.692713e+02
  3.871330e+00   8.704060e+03   3.568317e+02
  3.873980e+00   8.571271e+03   3.510929e+02
  3.876620e+00   8.543755e+03   3.499658e+02
  3.879260e+00   8.823720e+03   3.549421e+02
  3.881910e+00   8.315380e+03   3.449801e+02
  3.884550e+00   8.746518e+03   3.521215e+02
  3.887190e+00   8.902895e+03   3.524690e+02
  3.889840e+00   8.763352e+03   3.496958e+02
  3.892480e+00   8.805995e+03   3.494552e+02
  3.895120e+00   8.937722e+03   3.516500e+02
  3.897770e+00   9.020181e+03   3.521789e+02
  3.900410e+00   9.585275e+03   3.615155e+02
  3.903050e+00   8.772432e+03   3.475764e+02
  3.905700e+00   8.523625e+03   3.401297e+02
  3.908340e+00   8.396714e+03   3.369485e+02
  3.910980e+00   9.319683e+03   3.535157e+02
  3.913630e+00   9.389486e+03   3.559075e+02
  3.916270e+00   9.104868e+03   3.491557e+02
  3.918910e+00   8.391360e+03   3.343198e+02
  3.921560e+00   8.844484e+03   3.427168e+02
  3.924200e+00   8.222430e+03   3.299548e+02
  3.926840e+00   8.798692e+03   3.409424e+02
  3.929490e+00   8.732928e+03   3.394149e+02
  3.932130e+00   8.720358e+03   3.386706e+02
  3.934770e+00   8.720358e+03   3.386706e+02
  3.937420e+00   8.739383e+03   3.396658e+02
  3.940060e+00   8.653778e+03   3.378733e+02
  3.942700e+00   8.323222e+03   3.297781e+02
  3.945350e+00   8.917554e+03   3.437464e+02
  3.947990e+00   9.418178e+03   3.522199e+02
  3.950640e+00   8.233604e+03   3.306695e+02
  3.953280e+00   8.727980e+03   3.379487e+02
  3.955920e+00   8.680899e+03   3.379036e+02
  3.958570e+00   8.740787e+03   3.384446e+02
  3.961210e+00   8.207396e+03   3.285588e+02
  3.963850e+00   9.453073e+03   3.513207e+02
  3.966500e+00   8.343251e+03   3.300539e+02
  3.969140e+00   8.904498e+03   3.422277e+02
  3.971780e+00   8.904729e+03   3.407300e+02
  3.974430e+00   8.503679e+03   3.317601e+02
  3.977070e+00   8.702144e+03   3.372012e+02
  3.979710e+00   8.701809e+03   3.374417e+02
  3.982360e+00   8.891404e+03   3.417244e+02
  3.985000e+00   8.696468e+03   3.364765e+02
  3.987640e+00   8.567869e+03   3.332515e+02
  3.990290e+00   8.457348e+03   3.312153e+02
  3.992930e+00   8.247822e+03   3.275629e+02
  3.995570e+00   8.625533e+03   3.347356e+02
  3.998220e+00   8.853593e+03   3.375401e+02
  4.000860e+00   8.345817e+03   3.293831e+02
  4.003500e+00   8.318034e+03   3.293141e+02
  4.006150e+00   9.041221e+03   3.427066e+02
  4.008790e+00   9.201435e+03   3.443550e+02
  4.011430e+00   8.519602e+03   3.308739e+02
  4.014080e+00   9.190421e+03   3.453972e+02
  4.016720e+00   8.807397e+03   3.382460e+02
  4.019360e+00   8.937243e+03   3.392531e+02
  4.022010e+00   9.233871e+03   3.450860e+02
  4.024650e+00   8.736937e+03   3.360360e+02
  4.027290e+00   8.755944e+03   3.367671e+02
  4.029940e+00   8.789859e+03   3.355984e+02
  4.032580e+00   9.155519e+03   3.428769e+02
  4.035220e+00   9.491800e+03   3.498724e+02
  4.037870e+00   8.917898e+03   3.392528e+02
  4.040510e+00   9.303993e+03   3.460192e+02
  4.043150e+00   9.358512e+03   3.456645e+02
  4.045800e+00   8.872770e+03   3.382712e+02
  4.048440e+00   9.015118e+03   3.419629e+02
  4.051080e+00   8.309809e+03   3.261885e+02
  4.053730e+00   9.154234e+03   3.418711e+02
  4.056370e+00   8.731771e+03   3.348481e+02
  4.059010e+00   8.558152e+03   3.316216e+02
  4.061660e+00   8.775935e+03   3.365417e+02
  4.064300e+00   8.578188e+03   3.316519e+02
  4.066940e+00   9.098096e+03   3.421691e+02
  4.069590e+00   8.365401e+03   3.278659e+02
  4.072230e+00   8.491584e+03   3.287955e+02
  4.074870e+00   8.618003e+03   3.317071e+02
  4.077520e+00   9.000925e+03   3.387543e+02
  4.080160e+00   9.052792e+03   3.409479e+02
  4.082800e+00   8.641052e+03   3.335841e+02
  4.085450e+00   8.482984e+03   3.294518e+02
  4.088090e+00   8.956212e+03   3.373105e+02
  4.090730e+00   8.707055e+03   3.336551e+02
  4.093380e+00   9.078686e+03   3.416809e+02
  4.096020e+00   8.099139e+03   3.219119e+02
  4.098660e+00   8.109654e+03   3.213162e+02
  4.101310e+00   8.630770e+03   3.319527e+02
  4.103950e+00   8.237952e+03   3.236173e+02
  4.106600e+00   8.456034e+03   3.294003e+02
  4.109240e+00   8.437459e+03   3.266997e+02
  4.111880e+00   8.278267e+03   3.254523e+02
  4.114530e+00   8.700166e+03   3.338817e+02
  4.117170e+00   8.379836e+03   3.276775e+02
  4.119810e+00   9.227866e+03   3.415386e+02
  4.122460e+00   8.251631e+03   3.236556e+02
  4.125100e+00   8.790463e+03   3.348900e+02
  4.127740e+00   9.098096e+03   3.421691e+02
  4.130390e+00   8.848170e+03   3.353890e+02
  4.133030e+00   8.551308e+03   3.288965e+02
  4.135670e+00   8.554165e+03   3.304762e+02
  4.138320e+00   8.455424e+03   3.273953e+02
  4.140960e+00   8.943544e+03   3.375523e+02
  4.143600e+00   8.436760e+03   3.269178e+02
  4.146250e+00   9.172521e+03   3.416025e+02
  4.148890e+00   8.815650e+03   3.358495e+02
  4.151530e+00   8.274221e+03   3.247916e+02
  4.154180e+00   8.571555e+03   3.287041e+02
  4.156820e+00   8.765889e+03   3.334701e+02
  4.159460e+00   8.517635e+03   3.290650e+02
  4.162110e+00   9.161111e+03   3.423668e+02
  4.164750e+00   8.094729e+03   3.202225e+02
  4.167390e+00   8.514538e+03   3.277247e+02
  4.170040e+00   8.899335e+03   3.346940e+02
  4.172680e+00   8.512173e+03   3.286088e+02
  4.175320e+00   8.547966e+03   3.275588e+02
  4.177970e+00   8.880631e+03   3.337546e+02
  4.180610e+00   8.083539e+03   3.185361e+02
  4.183250e+00   8.157466e+03   3.189822e+02
  4.185900e+00   8.526836e+03   3.255561e+02
  4.188540e+00   8.447052e+03   3.236917e+02
  4.191180e+00   8.295559e+03   3.214464e+02
  4.193830e+00   8.483643e+03   3.246176e+02
  4.196470e+00   8.531104e+03   3.264336e+02
  4.199110e+00   9.208542e+03   3.371487e+02
  4.201760e+00   8.654594e+03   3.259509e+02
  4.204400e+00   8.562776e+03   3.241059e+02
  4.207040e+00   9.072368e+03   3.341850e+02
  4.209690e+00   8.656479e+03   3.248719e+02
  4.212330e+00   8.592749e+03   3.250076e+02
  4.214970e+00   8.729082e+03   3.266777e+02
  4.217620e+00   8.372245e+03   3.205898e+02
  4.220260e+00   8.420472e+03   3.198673e+02
  4.222900e+00   8.507281e+03   3.231649e+02
  4.225550e+00   8.624114e+03   3.252646e+02
  4.228190e+00   9.433085e+03   3.399448e+02
  4.230830e+00   8.698359e+03   3.262139e+02
  4.233480e+00   8.961368e+03   3.309957e+02
  4.236120e+00   8.595060e+03   3.239385e+02
  4.238760e+00   8.382528e+03   3.195809e+02
  4.241410e+00   9.054158e+03   3.341951e+02
  4.244050e+00   8.120030e+03   3.158325e+02
  4.246690e+00   8.319105e+03   3.190231e+02
  4.249340e+00   8.949092e+03   3.303170e+02
  4.251980e+00   8.662758e+03   3.248788e+02
  4.254620e+00   8.546224e+03   3.230169e+02
  4.257270e+00   9.207015e+03   3.361926e+02
  4.259910e+00   8.930804e+03   3.312252e+02
  4.262560e+00   8.863563e+03   3.291845e+02
  4.265200e+00   9.052643e+03   3.321093e+02
  4.267840e+00   9.240859e+03   3.352012e+02
  4.270490e+00   8.127762e+03   3.144725e+02
  4.273130e+00   9.004410e+03   3.323588e+02
  4.275770e+00   8.678799e+03   3.266309e+02
  4.278420e+00   8.236254e+03   3.181943e+02
  4.281060e+00   8.625790e+03   3.244062e+02
  4.283700e+00   8.363091e+03   3.195373e+02
  4.286350e+00   8.513132e+03   3.233872e+02
  4.288990e+00   8.681204e+03   3.251137e+02
  4.291630e+00   8.235373e+03   3.169796e+02
  4.294280e+00   8.575044e+03   3.243380e+02
  4.296920e+00   8.711194e+03   3.260082e+02
  4.299560e+00   8.894252e+03   3.291911e+02
  4.302210e+00   9.461891e+03   3.398812e+02
  4.304850e+00   8.654594e+03   3.259509e+02
  4.307490e+00   8.973711e+03   3.316779e+02
  4.310140e+00   8.161118e+03   3.157631e+02
  4.312780e+00   8.637189e+03   3.250649e+02
  4.315420e+00   8.644677e+03   3.244290e+02
  4.318070e+00   7.916773e+03   3.110002e+02
  4.320710e+00   8.157946e+03   3.163516e+02
  4.323350e+00   8.711194e+03   3.260082e+02
  4.326000e+00   9.016914e+03   3.330473e+02
  4.328640e+00   8.391030e+03   3.208391e+02
  4.331280e+00   9.120561e+03   3.341515e+02
  4.333930e+00   7.968094e+03   3.106286e+02
  4.336570e+00   9.217321e+03   3.352307e+02
  4.339210e+00   8.347693e+03   3.201194e+02
  4.341860e+00   8.998415e+03   3.325910e+02
  4.344500e+00   9.009946e+03   3.312122e+02
  4.347140e+00   8.566538e+03   3.280297e+02
  4.349790e+00   8.378040e+03   3.340543e+02
  4.352430e+00   7.950762e+03   3.312818e+02
  4.355070e+00   8.402146e+03   3.441653e+02
  4.357720e+00   8.248287e+03   3.460905e+02
  4.360360e+00   9.260465e+03   3.725105e+02
  4.363000e+00   9.089608e+03   3.707728e+02
  4.365650e+00   8.746664e+03   3.663574e+02
  4.368290e+00   9.187750e+03   3.782537e+02
  4.370930e+00   8.038513e+03   3.563008e+02
  4.373580e+00   8.034523e+03   3.585983e+02
  4.376220e+00   8.528220e+03   3.743473e+02
  4.378860e+00   9.117709e+03   3.849500e+02
  4.381510e+00   9.138497e+03   3.896668e+02
  4.384150e+00   8.439356e+03   3.781766e+02
  4.386790e+00   8.128326e+03   3.745335e+02
  4.389440e+00   8.819490e+03   3.886332e+02
  4.392080e+00   8.456135e+03   3.855666e+02
  4.394720e+00   9.089652e+03   4.005379e+02
  4.397370e+00   8.367600e+03   3.867925e+02
  4.400010e+00   9.135598e+03   4.033465e+02
  4.402650e+00   9.104840e+03   4.084079e+02
  4.405300e+00   8.810493e+03   4.038283e+02
  4.407940e+00   8.526993e+03   4.001916e+02
  4.410590e+00   9.327309e+03   4.196555e+02
  4.413230e+00   8.720892e+03   4.079461e+02
  4.415870e+00   8.756450e+03   4.118688e+02
  4.418520e+00   7.940693e+03   3.965393e+02
  4.421160e+00   9.109420e+03   4.251913e+02
  4.423800e+00   8.571174e+03   4.138202e+02
  4.426450e+00   8.371994e+03   4.124585e+02
  4.429090e+00   8.598495e+03   4.225930e+02
  4.431730e+00   9.389864e+03   4.426424e+02
  4.434380e+00   8.557824e+03   4.211030e+02
  4.437020e+00   8.665322e+03   4.289974e+02
  4.439660e+00   8.941577e+03   4.389248e+02
  4.442310e+00   8.466446e+03   4.276201e+02
  4.444950e+00   8.030128e+03   4.174665e+02
  4.447590e+00   8.854098e+03   4.405078e+02
  4.450240e+00   8.750838e+03   4.436851e+02
  4.452880e+00   8.976721e+03   4.539723e+02
  4.455520e+00   9.056590e+03   4.551108e+02
  4.458170e+00   8.477876e+03   4.437523e+02
  4.460810e+00   8.485436e+03   4.459846e+02
  4.463450e+00   8.444532e+03   4.475593e+02
  4.466100e+00   8.460762e+03   4.516021e+02
  4.468740e+00   8.798585e+03   4.599094e+02
  4.471380e+00   8.171001e+03   4.511680e+02
  4.474030e+00   9.512698e+03   4.905799e+02
  4.476670e+00   8.615005e+03   4.665287e+02
  4.479310e+00   8.313584e+03   4.576477e+02
  4.481960e+00   9.265388e+03   4.883288e+02
  4.484600e+00   9.940836e+03   5.140284e+02
  4.487240e+00   8.930804e+03   4.894051e+02
  4.489890e+00   8.703863e+03   4.820624e+02
  4.492530e+00   8.714300e+03   4.856289e+02
  4.495170e+00   8.243819e+03   4.759571e+02
  4.497820e+00   8.846018e+03   5.000065e+02
  4.500460e+00   9.294755e+03   5.101160e+02
  4.503100e+00   9.045670e+03   5.096658e+02
  4.505750e+00   8.523536e+03   4.979503e+02
  4.508390e+00   8.442054e+03   5.000641e+02
  4.511030e+00   8.561763e+03   5.027640e+02
  4.513680e+00   7.387941e+03   4.681917e+02
  4.516320e+00   9.253604e+03   5.333689e+02
  4.518960e+00   8.820547e+03   5.271285e+02
  4.521610e+00   9.042240e+03   5.365582e+02
  4.524250e+00   8.868569e+03   5.253287e+02
  4.526890e+00   8.481051e+03   5.219726e+02
  4.529540e+00   8.914477e+03   5.395287e+02
  4.532180e+00   8.695783e+03   5.403297e+02
  4.534820e+00   8.100804e+03   5.186008e+02
  4.537470e+00   8.106422e+03   5.276831e+02
  4.540110e+00   9.207728e+03   5.645620e+02
  4.542750e+00   8.361510e+03   5.454448e+02
  4.545400e+00   9.086273e+03   5.602836e+02
  4.548040e+00   9.325338e+03   5.783329e+02
  4.550680e+00   8.470453e+03   5.585252e+02
  4.553330e+00   8.249641e+03   5.587362e+02
  4.555970e+00   9.897834e+03   6.126605e+02
  4.558610e+00   9.212830e+03   5.885861e+02
  4.561260e+00   9.007463e+03   5.875821e+02
  4.563900e+00   8.473324e+03   5.805826e+02
  4.566550e+00   9.400846e+03   6.198735e+02
  4.569190e+00   9.030701e+03   6.007133e+02
  4.571830e+00   7.393875e+03   5.541944e+02
  4.574480e+00   8.447490e+03   5.958400e+02
  4.577120e+00   8.802611e+03   6.133070e+02
  4.579760e+00   8.312682e+03   5.952835e+02
  4.582410e+00   8.335417e+03   6.063124e+02
  4.585050e+00   8.953414e+03   6.362914e+02
  4.587690e+00   1.029942e+04   6.912519e+02
  4.590340e+00   9.367013e+03   6.558221e+02
  4.592980e+00   9.445144e+03   6.645580e+02
  4.595620e+00   8.736656e+03   6.511919e+02
  4.598270e+00   8.529420e+03   6.541766e+02
  4.600910e+00   8.779435e+03   6.655672e+02
  4.603550e+00   9.339069e+03   6.903639e+02
  4.606200e+00   8.277331e+03   6.713802e+02
  4.608840e+00   9.622043e+03   7.294452e+02
  4.611480e+00   9.242673e+03   7.239421e+02
  4.614130e+00   8.425287e+03   6.879218e+02
  4.616770e+00   8.211545e+03   7.015596e+02
  4.619410e+00   8.652682e+03   7.312851e+02
  4.622060e+00   8.609552e+03   7.437520e+02
  4.624700e+00   9.088592e+03   7.573827e+02
  4.627340e+00   8.730861e+03   7.628188e+02
  4.629990e+00   9.516996e+03   8.101405e+02
  4.632630e+00   1.023775e+04   8.621742e+02
  4.635270e+00   8.216340e+03   7.661776e+02
  4.637920e+00   8.780707e+03   8.117766e+02
  4.640560e+00   8.608973e+03   8.322609e+02
  4.643200e+00   7.111566e+03   7.668599e+02
  4.645850e+00   7.829746e+03   7.991201e+02
  4.648490e+00   7.525029e+03   7.888374e+02
  4.651130e+00   8.888478e+03   8.674266e+02
  4.653780e+00   8.270892e+03   8.530774e+02
  4.656420e+00   8.708645e+03   8.797060e+02
  4.659060e+00   1.009569e+04   9.333470e+02
  4.661710e+00   8.078114e+03   8.515080e+02
  4.664350e+00   9.575295e+03   9.389349e+02
  4.666990e+00   8.496333e+03   9.057121e+02
  4.669640e+00   9.334710e+03   9.153436e+02
  4.672280e+00   9.870889e+03   9.633001e+02
  4.674920e+00   7.871217e+03   8.912398e+02
  4.677570e+00   8.524858e+03   9.301383e+02
  4.680210e+00   8.296375e+03   8.998683e+02
  4.682850e+00   9.889478e+03   9.989881e+02
  4.685500e+00   8.300394e+03   9.338673e+02
  4.688140e+00   9.423916e+03   1.016207e+03
  4.690780e+00   7.985190e+03   9.159641e+02
  4.693430e+00   8.823204e+03   9.743599e+02
  4.696070e+00   7.591184e+03   9.205662e+02
  4.698710e+00   8.002928e+03   9.634394e+02
  4.701360e+00   7.121295e+03   9.117884e+02
  4.704000e+00   7.479548e+03   9.137723e+02
  4.706640e+00   7.533467e+03   9.567513e+02
  4.709290e+00   6.460582e+03   9.046624e+02
  4.711930e+00   9.707396e+03   1.120914e+03
  4.714570e+00   8.870866e+03   1.031217e+03
  4.717220e+00   7.507053e+03   9.857243e+02
  4.719860e+00   9.680719e+03   1.148890e+03
  4.722510e+00   9.497839e+03   1.160346e+03
  4.725150e+00   7.765917e+03   1.002576e+03
  4.727790e+00   8.930804e+03   1.125176e+03
  4.730440e+00   7.676063e+03   1.064478e+03
  4.733080e+00   7.852948e+03   1.099633e+03
  4.735720e+00   9.859608e+03   1.186957e+03
  4.738370e+00   8.628065e+03   1.142815e+03
  4.741010e+00   8.685002e+03   1.192977e+03
  4.743650e+00   7.751264e+03   1.142862e+03
  4.746300e+00   8.521134e+03   1.181669e+03
  4.748940e+00   1.054685e+04   1.339452e+03
  4.751580e+00   9.659849e+03   1.326882e+03
  4.754230e+00   6.768609e+03   1.128102e+03
  4.756870e+00   1.028984e+04   1.413418e+03
  4.759510e+00   7.733892e+03   1.193365e+03
  4.762160e+00   9.666282e+03   1.425216e+03
  4.764800e+00   8.600034e+03   1.377108e+03
  4.767440e+00   7.327839e+03   1.295391e+03
  4.770090e+00   1.100774e+04   1.512029e+03
  4.772730e+00   8.573572e+03   1.428929e+03
  4.775370e+00   6.946181e+03   1.312705e+03
  4.778020e+00   6.989325e+03   1.345096e+03
  4.780660e+00   8.460762e+03   1.410127e+03
  4.783300e+00   8.283644e+03   1.464355e+03
  4.785950e+00   1.116351e+04   1.765105e+03
  4.788590e+00   8.173956e+03   1.573079e+03
  4.791230e+00   9.087485e+03   1.687504e+03
  4.793880e+00   8.243819e+03   1.682763e+03
  4.796520e+00   1.111389e+04   2.100328e+03
  4.799160e+00   6.110550e+03   1.694762e+03
  4.801810e+00   9.981487e+03   2.289910e+03
  4.804450e+00   1.382834e+04   2.822698e+03
  4.807090e+00   7.765917e+03   2.455798e+03
  4.809740e+00   1.309851e+04   3.949350e+03
  4.812380e+00   8.243819e+03   3.365525e+03
creator: radaver
creator-version: 6572
working-directory: /dataInt/p12/vives/2015-10-17/NEW
header-file: images/header/img_0008_00008.txt
image-file: images/pilatus2m/img_0008_00008.tiff
angular-axis-file: etc/radial-averaging/saxs-2/saxis-saxs2-20150921.dat
beamstop-mask-file: etc/radial-averaging/saxs-2/mask-saxs2-20151008.msk
detector-response-file: none
beam-center-x: 656.1000
beam-center-y: 1645.9000
unit-time: 100.0000
channel-first: 8
channel-last: 1819
angular-unit: nanometer
Run Number: 8
Frame Number: 8
Buffer: NAPI
Code: NAPI
Concentration [mg/ml]: 0
Plate Row: 2
Plate Column: 1
Well Row: 1
Well Column: 9
Load Volume: 20
Load Viscosity: low
Exposure time [s]: 0.035
Exposure period [s]: 0.04
Detector Position: saxs-2
Detector Distance [m]: 3
Timestamp (begin): 2015-10-17 03:31:53.753
Timestamp (end): 2015-10-17 03:31:53.788
PETRA Current: 94.2678
Transmitted Beam: 0.15996
Wavelength [nm]: 0.123987
Flytube Vacuum [mbar]: 0.000275647
Crystal Temperature 1 [C]: -181.4
Crystal Temperature 2 [C]: -156.3
Cell Target Temperature [C]: 20
Cell Temperature [C]: 20.2
Storage Temperature [C]: 20.2
