
Sample:   c= 3.0000 mg/ml  Code: ADR_NAPI
  2.520060e-02   4.875005e+07   2.826387e+05
  2.784400e-02   7.553071e+06   6.149657e+04
  3.048740e-02   3.191784e+06   3.745978e+04
  3.313080e-02   1.448538e+06   2.356983e+04
  3.577420e-02   7.043191e+05   1.533304e+04
  3.841750e-02   4.734173e+05   1.268892e+04
  4.106090e-02   3.736658e+05   1.033979e+04
  4.370430e-02   2.762929e+05   8.821355e+03
  4.634770e-02   2.462636e+05   7.745057e+03
  4.899110e-02   2.101478e+05   6.796665e+03
  5.163450e-02   1.815099e+05   6.167956e+03
  5.427790e-02   1.691458e+05   5.549495e+03
  5.692130e-02   1.500225e+05   5.307414e+03
  5.956470e-02   1.317358e+05   4.710862e+03
  6.220810e-02   1.275285e+05   4.376766e+03
  6.485140e-02   1.182708e+05   4.324409e+03
  6.749480e-02   1.170952e+05   4.013971e+03
  7.013820e-02   1.102473e+05   3.924909e+03
  7.278160e-02   1.048038e+05   3.673372e+03
  7.542500e-02   1.023487e+05   3.554718e+03
  7.806840e-02   9.907827e+04   3.462075e+03
  8.071180e-02   9.562164e+04   3.241877e+03
  8.335520e-02   8.900656e+04   3.156737e+03
  8.599860e-02   9.148851e+04   3.096417e+03
  8.864200e-02   8.823460e+04   3.133303e+03
  9.128530e-02   8.408041e+04   3.068138e+03
  9.392870e-02   7.763012e+04   2.929960e+03
  9.657210e-02   7.345280e+04   2.876634e+03
  9.921550e-02   8.198221e+04   2.983638e+03
  1.018590e-01   8.033466e+04   2.989746e+03
  1.045020e-01   8.017035e+04   2.898565e+03
  1.071460e-01   7.432756e+04   2.807313e+03
  1.097890e-01   7.486552e+04   2.877316e+03
  1.124320e-01   7.389348e+04   2.712715e+03
  1.150760e-01   7.525787e+04   2.768406e+03
  1.177190e-01   7.552962e+04   2.720133e+03
  1.203630e-01   7.098070e+04   2.688586e+03
  1.230060e-01   6.825283e+04   2.629001e+03
  1.256490e-01   6.742771e+04   2.535880e+03
  1.282930e-01   6.832600e+04   2.539316e+03
  1.309360e-01   7.034461e+04   2.549990e+03
  1.335800e-01   6.794850e+04   2.532291e+03
  1.362230e-01   6.918507e+04   2.472473e+03
  1.388660e-01   6.791323e+04   2.486480e+03
  1.415100e-01   7.014744e+04   2.495734e+03
  1.441530e-01   6.744651e+04   2.389078e+03
  1.467970e-01   6.588833e+04   2.401104e+03
  1.494400e-01   6.164793e+04   2.252566e+03
  1.520830e-01   6.384637e+04   2.319005e+03
  1.547270e-01   6.482467e+04   2.315167e+03
  1.573700e-01   6.652360e+04   2.318867e+03
  1.600130e-01   6.293018e+04   2.230501e+03
  1.626570e-01   5.913809e+04   2.129806e+03
  1.653000e-01   6.190243e+04   2.212212e+03
  1.679440e-01   6.365394e+04   2.191059e+03
  1.705870e-01   6.221366e+04   2.175249e+03
  1.732300e-01   6.000992e+04   2.109836e+03
  1.758740e-01   6.055005e+04   2.110642e+03
  1.785170e-01   6.018219e+04   2.104221e+03
  1.811610e-01   5.751240e+04   2.008420e+03
  1.838040e-01   6.261395e+04   2.137605e+03
  1.864470e-01   6.329953e+04   2.111158e+03
  1.890910e-01   5.791376e+04   1.992294e+03
  1.917340e-01   5.787410e+04   1.999228e+03
  1.943780e-01   6.275695e+04   2.039327e+03
  1.970210e-01   6.042940e+04   2.042887e+03
  1.996640e-01   6.302154e+04   2.051176e+03
  2.023080e-01   5.997364e+04   1.993591e+03
  2.049510e-01   6.114565e+04   1.973467e+03
  2.075950e-01   6.093650e+04   1.949531e+03
  2.102380e-01   5.867925e+04   1.950564e+03
  2.128810e-01   5.735300e+04   1.865693e+03
  2.155250e-01   6.004222e+04   1.941904e+03
  2.181680e-01   5.581007e+04   1.859303e+03
  2.208110e-01   6.339278e+04   1.964782e+03
  2.234550e-01   5.723474e+04   1.882885e+03
  2.260980e-01   5.564562e+04   1.798768e+03
  2.287420e-01   5.619630e+04   1.819422e+03
  2.313850e-01   6.071960e+04   1.872956e+03
  2.340280e-01   5.660151e+04   1.802559e+03
  2.366720e-01   5.762258e+04   1.830442e+03
  2.393150e-01   5.932142e+04   1.819470e+03
  2.419590e-01   5.532665e+04   1.773691e+03
  2.446020e-01   5.826886e+04   1.781331e+03
  2.472450e-01   5.451802e+04   1.736207e+03
  2.498890e-01   5.683184e+04   1.769956e+03
  2.525320e-01   5.269728e+04   1.671456e+03
  2.551760e-01   5.037111e+04   1.668869e+03
  2.578190e-01   5.597038e+04   1.692966e+03
  2.604620e-01   5.501613e+04   1.695414e+03
  2.631060e-01   5.603150e+04   1.720994e+03
  2.657490e-01   5.433319e+04   1.672780e+03
  2.683920e-01   5.220563e+04   1.646775e+03
  2.710360e-01   5.283769e+04   1.617564e+03
  2.736790e-01   5.179721e+04   1.619454e+03
  2.763230e-01   5.224345e+04   1.608443e+03
  2.789660e-01   5.289692e+04   1.611842e+03
  2.816090e-01   5.422343e+04   1.634155e+03
  2.842530e-01   5.094296e+04   1.566919e+03
  2.868960e-01   5.201285e+04   1.598316e+03
  2.895400e-01   5.346546e+04   1.584205e+03
  2.921830e-01   5.402850e+04   1.596688e+03
  2.948260e-01   5.095320e+04   1.552615e+03
  2.974700e-01   5.254261e+04   1.562357e+03
  3.001130e-01   5.412287e+04   1.598082e+03
  3.027570e-01   4.859170e+04   1.477914e+03
  3.054000e-01   4.880113e+04   1.496095e+03
  3.080430e-01   4.591079e+04   1.431222e+03
  3.106870e-01   5.007008e+04   1.509670e+03
  3.133300e-01   5.039072e+04   1.495728e+03
  3.159740e-01   4.795310e+04   1.432873e+03
  3.186170e-01   4.683895e+04   1.442052e+03
  3.212600e-01   4.991271e+04   1.463596e+03
  3.239040e-01   4.895044e+04   1.458125e+03
  3.265470e-01   4.644963e+04   1.418681e+03
  3.291900e-01   4.712369e+04   1.400606e+03
  3.318340e-01   4.881473e+04   1.450867e+03
  3.344770e-01   4.791569e+04   1.407460e+03
  3.371210e-01   4.788605e+04   1.415162e+03
  3.397640e-01   4.801265e+04   1.402465e+03
  3.424070e-01   4.625265e+04   1.365699e+03
  3.450510e-01   4.608297e+04   1.385054e+03
  3.476940e-01   4.728186e+04   1.362641e+03
  3.503380e-01   4.684935e+04   1.379116e+03
  3.529810e-01   4.714599e+04   1.374221e+03
  3.556240e-01   4.613506e+04   1.353406e+03
  3.582680e-01   4.669993e+04   1.357189e+03
  3.609110e-01   4.544822e+04   1.323049e+03
  3.635550e-01   4.551272e+04   1.334002e+03
  3.661980e-01   4.337439e+04   1.282952e+03
  3.688410e-01   4.298324e+04   1.286670e+03
  3.714850e-01   4.644236e+04   1.324763e+03
  3.741280e-01   4.433232e+04   1.288926e+03
  3.767710e-01   4.268130e+04   1.275348e+03
  3.794150e-01   4.150594e+04   1.236919e+03
  3.820580e-01   4.313313e+04   1.271374e+03
  3.847020e-01   4.421077e+04   1.266270e+03
  3.873450e-01   4.180084e+04   1.241305e+03
  3.899880e-01   4.316568e+04   1.255007e+03
  3.926320e-01   4.330321e+04   1.240785e+03
  3.952750e-01   4.128359e+04   1.224865e+03
  3.979190e-01   4.149668e+04   1.207503e+03
  4.005620e-01   4.068244e+04   1.208626e+03
  4.032050e-01   4.287924e+04   1.219164e+03
  4.058490e-01   4.008699e+04   1.181074e+03
  4.084920e-01   3.993336e+04   1.192705e+03
  4.111360e-01   4.122022e+04   1.191913e+03
  4.137790e-01   4.082697e+04   1.193078e+03
  4.164220e-01   4.024952e+04   1.172205e+03
  4.190660e-01   4.099723e+04   1.178587e+03
  4.217090e-01   3.956674e+04   1.162221e+03
  4.243530e-01   4.048124e+04   1.165682e+03
  4.269960e-01   3.955122e+04   1.213662e+03
  4.296390e-01   3.660909e+04   1.167649e+03
  4.322830e-01   3.657941e+04   1.219992e+03
  4.349260e-01   3.878414e+04   1.287097e+03
  4.375690e-01   3.868428e+04   1.261742e+03
  4.402130e-01   3.818904e+04   1.291025e+03
  4.428560e-01   3.777949e+04   1.277910e+03
  4.455000e-01   3.879541e+04   1.332240e+03
  4.481430e-01   3.600482e+04   1.281806e+03
  4.507860e-01   3.673496e+04   1.294737e+03
  4.534300e-01   3.614685e+04   1.319896e+03
  4.560730e-01   3.670085e+04   1.305758e+03
  4.587170e-01   3.563235e+04   1.286609e+03
  4.613600e-01   3.709212e+04   1.296103e+03
  4.640030e-01   3.676256e+04   1.279133e+03
  4.666470e-01   3.479935e+04   1.269846e+03
  4.692900e-01   3.330085e+04   1.205572e+03
  4.719340e-01   3.415550e+04   1.256430e+03
  4.745770e-01   3.507131e+04   1.249364e+03
  4.772200e-01   3.535180e+04   1.283189e+03
  4.798640e-01   3.551505e+04   1.258798e+03
  4.825070e-01   3.730897e+04   1.230710e+03
  4.851500e-01   3.427681e+04   1.189049e+03
  4.877940e-01   3.404765e+04   1.145146e+03
  4.904370e-01   3.368391e+04   1.152640e+03
  4.930810e-01   3.537871e+04   1.149047e+03
  4.957240e-01   3.473688e+04   1.125829e+03
  4.983670e-01   3.388594e+04   1.124544e+03
  5.010110e-01   3.453330e+04   1.116887e+03
  5.036540e-01   3.131838e+04   1.063628e+03
  5.062980e-01   3.254266e+04   1.063122e+03
  5.089410e-01   3.528343e+04   1.109125e+03
  5.115840e-01   3.303456e+04   1.076324e+03
  5.142280e-01   3.288156e+04   1.058495e+03
  5.168710e-01   3.327734e+04   1.074022e+03
  5.195150e-01   3.147836e+04   1.017551e+03
  5.221580e-01   3.437525e+04   1.073179e+03
  5.248010e-01   3.205963e+04   1.032571e+03
  5.274450e-01   3.193318e+04   1.017476e+03
  5.300880e-01   3.288298e+04   1.036231e+03
  5.327320e-01   3.217201e+04   1.011319e+03
  5.353750e-01   3.205939e+04   1.024100e+03
  5.380180e-01   3.201032e+04   9.974046e+02
  5.406620e-01   3.328701e+04   1.022402e+03
  5.433050e-01   3.180735e+04   1.007349e+03
  5.459480e-01   2.949868e+04   9.616294e+02
  5.485920e-01   3.075261e+04   9.818552e+02
  5.512350e-01   3.171718e+04   9.769543e+02
  5.538790e-01   3.036465e+04   9.582997e+02
  5.565220e-01   3.041949e+04   9.648475e+02
  5.591650e-01   2.820559e+04   9.189878e+02
  5.618090e-01   3.074537e+04   9.626750e+02
  5.644520e-01   3.149269e+04   9.623101e+02
  5.670960e-01   2.921639e+04   9.337598e+02
  5.697390e-01   2.947724e+04   9.279855e+02
  5.723820e-01   2.967140e+04   9.317921e+02
  5.750260e-01   2.941416e+04   9.232587e+02
  5.776690e-01   2.890402e+04   9.144826e+02
  5.803130e-01   2.789966e+04   9.028119e+02
  5.829560e-01   2.778889e+04   8.792017e+02
  5.855990e-01   3.080623e+04   9.395813e+02
  5.882430e-01   2.753149e+04   8.812615e+02
  5.908860e-01   2.880641e+04   9.028492e+02
  5.935290e-01   2.867398e+04   8.917183e+02
  5.961730e-01   2.864131e+04   8.898423e+02
  5.988160e-01   2.804230e+04   8.784692e+02
  6.014600e-01   2.933894e+04   8.964986e+02
  6.041030e-01   2.870484e+04   8.820782e+02
  6.067460e-01   2.695665e+04   8.541541e+02
  6.093900e-01   2.711784e+04   8.503438e+02
  6.120330e-01   2.618912e+04   8.400164e+02
  6.146770e-01   2.547671e+04   8.175864e+02
  6.173200e-01   2.657033e+04   8.307285e+02
  6.199630e-01   2.741069e+04   8.395399e+02
  6.226070e-01   2.886649e+04   8.683860e+02
  6.252500e-01   2.449052e+04   7.958349e+02
  6.278940e-01   2.672005e+04   8.242062e+02
  6.305370e-01   2.651666e+04   8.210634e+02
  6.331800e-01   2.731399e+04   8.280771e+02
  6.358240e-01   2.544888e+04   8.043621e+02
  6.384670e-01   2.540032e+04   7.968790e+02
  6.411110e-01   2.631183e+04   8.116142e+02
  6.437540e-01   2.676246e+04   8.185348e+02
  6.463970e-01   2.575033e+04   8.023505e+02
  6.490410e-01   2.505159e+04   7.886599e+02
  6.516840e-01   2.407496e+04   7.726023e+02
  6.543270e-01   2.460233e+04   7.799464e+02
  6.569710e-01   2.422611e+04   7.798660e+02
  6.596140e-01   2.506901e+04   7.830243e+02
  6.622580e-01   2.452816e+04   7.787698e+02
  6.649010e-01   2.498952e+04   7.760122e+02
  6.675440e-01   2.531825e+04   7.858416e+02
  6.701880e-01   2.506672e+04   7.883552e+02
  6.728310e-01   2.431254e+04   7.623772e+02
  6.754750e-01   2.478773e+04   7.765146e+02
  6.781180e-01   2.294337e+04   7.401087e+02
  6.807610e-01   2.271705e+04   7.374268e+02
  6.834050e-01   2.551993e+04   7.779887e+02
  6.860480e-01   2.390150e+04   7.465574e+02
  6.886920e-01   2.325758e+04   7.471413e+02
  6.913350e-01   2.404132e+04   7.444168e+02
  6.939780e-01   2.234180e+04   7.279350e+02
  6.966220e-01   2.312890e+04   7.324995e+02
  6.992650e-01   2.320805e+04   7.295389e+02
  7.019080e-01   2.348023e+04   7.462507e+02
  7.045520e-01   2.489735e+04   7.489829e+02
  7.071950e-01   2.198757e+04   7.096458e+02
  7.098390e-01   2.337971e+04   7.345721e+02
  7.124820e-01   2.301476e+04   7.192111e+02
  7.151250e-01   2.341897e+04   7.347183e+02
  7.177690e-01   2.326050e+04   7.168112e+02
  7.204120e-01   2.217103e+04   7.067866e+02
  7.230560e-01   2.220886e+04   7.030092e+02
  7.256990e-01   2.248670e+04   7.100275e+02
  7.283420e-01   2.390061e+04   7.279467e+02
  7.309860e-01   2.243237e+04   7.030745e+02
  7.336290e-01   2.167478e+04   6.945048e+02
  7.362730e-01   2.147733e+04   6.850205e+02
  7.389160e-01   2.051599e+04   6.695139e+02
  7.415590e-01   2.178874e+04   6.924915e+02
  7.442030e-01   2.130449e+04   6.757374e+02
  7.468460e-01   2.193326e+04   6.939375e+02
  7.494900e-01   2.194376e+04   6.817593e+02
  7.521330e-01   2.131231e+04   6.766665e+02
  7.547760e-01   2.263782e+04   6.936809e+02
  7.574200e-01   1.959357e+04   6.488080e+02
  7.600630e-01   2.168593e+04   6.813549e+02
  7.627060e-01   2.073937e+04   6.555088e+02
  7.653500e-01   2.107891e+04   6.685825e+02
  7.679930e-01   2.127019e+04   6.673051e+02
  7.706370e-01   1.971774e+04   6.458760e+02
  7.732800e-01   2.023704e+04   6.467786e+02
  7.759230e-01   2.033030e+04   6.497591e+02
  7.785670e-01   2.105030e+04   6.626933e+02
  7.812100e-01   1.995504e+04   6.400581e+02
  7.838540e-01   2.058845e+04   6.523700e+02
  7.864970e-01   1.913915e+04   6.225965e+02
  7.891400e-01   2.025056e+04   6.400591e+02
  7.917840e-01   2.024752e+04   6.454673e+02
  7.944270e-01   1.975533e+04   6.304179e+02
  7.970710e-01   1.995143e+04   6.360285e+02
  7.997140e-01   1.973812e+04   6.270021e+02
  8.023570e-01   1.957316e+04   6.313922e+02
  8.050010e-01   2.021856e+04   6.349380e+02
  8.076440e-01   2.049850e+04   6.368575e+02
  8.102870e-01   2.005680e+04   6.320434e+02
  8.129310e-01   1.899157e+04   6.119948e+02
  8.155740e-01   1.865562e+04   6.062261e+02
  8.182180e-01   1.896059e+04   6.078487e+02
  8.208610e-01   1.956302e+04   6.170961e+02
  8.235040e-01   1.886497e+04   6.069706e+02
  8.261480e-01   1.845533e+04   6.006699e+02
  8.287910e-01   1.978520e+04   6.185897e+02
  8.314350e-01   1.882550e+04   5.989190e+02
  8.340780e-01   1.788970e+04   5.885279e+02
  8.367210e-01   1.898811e+04   6.047047e+02
  8.393650e-01   1.933996e+04   6.070475e+02
  8.420080e-01   1.837039e+04   5.935204e+02
  8.446520e-01   1.865704e+04   5.888110e+02
  8.472950e-01   1.869853e+04   5.997556e+02
  8.499380e-01   1.860912e+04   5.920349e+02
  8.525820e-01   1.772790e+04   5.739621e+02
  8.552250e-01   1.783688e+04   5.796206e+02
  8.578690e-01   1.751615e+04   5.746862e+02
  8.605120e-01   1.896342e+04   6.152545e+02
  8.631550e-01   1.942391e+04   6.185832e+02
  8.657990e-01   1.689991e+04   5.827554e+02
  8.684420e-01   1.747716e+04   5.956201e+02
  8.710850e-01   1.864403e+04   6.100514e+02
  8.737290e-01   1.646318e+04   5.816978e+02
  8.763720e-01   1.856004e+04   6.063302e+02
  8.790160e-01   1.812718e+04   6.079661e+02
  8.816590e-01   1.833672e+04   6.170799e+02
  8.843020e-01   1.806546e+04   6.028523e+02
  8.869460e-01   1.708938e+04   5.896397e+02
  8.895890e-01   1.734360e+04   5.730487e+02
  8.922330e-01   1.742760e+04   5.796334e+02
  8.948760e-01   1.678599e+04   5.614076e+02
  8.975190e-01   1.686291e+04   5.577753e+02
  9.001630e-01   1.646354e+04   5.565694e+02
  9.028060e-01   1.714595e+04   5.604329e+02
  9.054500e-01   1.614644e+04   5.480458e+02
  9.080930e-01   1.706605e+04   5.557472e+02
  9.107360e-01   1.757369e+04   5.633868e+02
  9.133800e-01   1.780563e+04   5.708223e+02
  9.160230e-01   1.631283e+04   5.422569e+02
  9.186660e-01   1.725092e+04   5.573518e+02
  9.213100e-01   1.791930e+04   5.624553e+02
  9.239530e-01   1.633592e+04   5.418284e+02
  9.265970e-01   1.804322e+04   5.697227e+02
  9.292400e-01   1.645326e+04   5.360762e+02
  9.318830e-01   1.670457e+04   5.460059e+02
  9.345270e-01   1.642453e+04   5.345730e+02
  9.371700e-01   1.633814e+04   5.386525e+02
  9.398140e-01   1.618627e+04   5.299148e+02
  9.424570e-01   1.593485e+04   5.225243e+02
  9.451000e-01   1.800780e+04   5.602868e+02
  9.477440e-01   1.579353e+04   5.206974e+02
  9.503870e-01   1.627009e+04   5.343800e+02
  9.530310e-01   1.688609e+04   5.318618e+02
  9.556740e-01   1.616944e+04   5.271086e+02
  9.583170e-01   1.565349e+04   5.149619e+02
  9.609610e-01   1.659732e+04   5.280311e+02
  9.636040e-01   1.633856e+04   5.275995e+02
  9.662480e-01   1.685433e+04   5.272129e+02
  9.688910e-01   1.636368e+04   5.240573e+02
  9.715340e-01   1.595758e+04   5.158353e+02
  9.741780e-01   1.566207e+04   5.052279e+02
  9.768210e-01   1.571262e+04   5.076517e+02
  9.794640e-01   1.591027e+04   5.048971e+02
  9.821080e-01   1.505098e+04   4.959468e+02
  9.847510e-01   1.521910e+04   5.012145e+02
  9.873950e-01   1.561961e+04   5.144043e+02
  9.900380e-01   1.580944e+04   5.272745e+02
  9.926810e-01   1.508519e+04   5.138036e+02
  9.953250e-01   1.538032e+04   5.278512e+02
  9.979680e-01   1.538344e+04   5.257953e+02
  1.000610e+00   1.553962e+04   5.348959e+02
  1.003250e+00   1.493148e+04   5.259391e+02
  1.005900e+00   1.509566e+04   5.307352e+02
  1.008540e+00   1.546899e+04   5.392151e+02
  1.011190e+00   1.439763e+04   5.202074e+02
  1.013830e+00   1.570438e+04   5.511158e+02
  1.016470e+00   1.548026e+04   5.442571e+02
  1.019120e+00   1.433122e+04   5.264704e+02
  1.021760e+00   1.442792e+04   5.282436e+02
  1.024400e+00   1.465277e+04   5.329159e+02
  1.027050e+00   1.546427e+04   5.519433e+02
  1.029690e+00   1.487858e+04   5.375850e+02
  1.032330e+00   1.440427e+04   5.353303e+02
  1.034980e+00   1.518645e+04   5.490674e+02
  1.037620e+00   1.560866e+04   5.560355e+02
  1.040260e+00   1.566549e+04   5.573531e+02
  1.042910e+00   1.432493e+04   5.122584e+02
  1.045550e+00   1.480911e+04   5.262188e+02
  1.048190e+00   1.508159e+04   5.234897e+02
  1.050840e+00   1.514047e+04   5.208482e+02
  1.053480e+00   1.450898e+04   5.076048e+02
  1.056120e+00   1.405829e+04   4.945688e+02
  1.058770e+00   1.484534e+04   5.106952e+02
  1.061410e+00   1.508163e+04   5.110214e+02
  1.064050e+00   1.419701e+04   4.936785e+02
  1.066700e+00   1.420632e+04   4.910424e+02
  1.069340e+00   1.465603e+04   4.968858e+02
  1.071980e+00   1.468280e+04   5.003885e+02
  1.074630e+00   1.486175e+04   4.948422e+02
  1.077270e+00   1.436648e+04   4.910360e+02
  1.079910e+00   1.429473e+04   4.857548e+02
  1.082560e+00   1.401603e+04   4.760093e+02
  1.085200e+00   1.468540e+04   4.903314e+02
  1.087840e+00   1.480587e+04   4.857648e+02
  1.090490e+00   1.400521e+04   4.764670e+02
  1.093130e+00   1.478133e+04   4.860070e+02
  1.095770e+00   1.428926e+04   4.776374e+02
  1.098420e+00   1.469016e+04   4.830096e+02
  1.101060e+00   1.375527e+04   4.655452e+02
  1.103700e+00   1.383739e+04   4.694012e+02
  1.106350e+00   1.300077e+04   4.518081e+02
  1.108990e+00   1.464356e+04   4.766072e+02
  1.111630e+00   1.434598e+04   4.709298e+02
  1.114280e+00   1.367697e+04   4.592277e+02
  1.116920e+00   1.397939e+04   4.691176e+02
  1.119560e+00   1.392859e+04   4.597118e+02
  1.122210e+00   1.312606e+04   4.496915e+02
  1.124850e+00   1.335429e+04   4.522333e+02
  1.127490e+00   1.360337e+04   4.570140e+02
  1.130140e+00   1.351892e+04   4.559819e+02
  1.132780e+00   1.457811e+04   4.705065e+02
  1.135420e+00   1.414965e+04   4.637361e+02
  1.138070e+00   1.377513e+04   4.556409e+02
  1.140710e+00   1.399267e+04   4.605744e+02
  1.143350e+00   1.348868e+04   4.516343e+02
  1.146000e+00   1.351519e+04   4.492600e+02
  1.148640e+00   1.378043e+04   4.570680e+02
  1.151280e+00   1.327784e+04   4.438293e+02
  1.153930e+00   1.291137e+04   4.387462e+02
  1.156570e+00   1.372998e+04   4.509517e+02
  1.159220e+00   1.409325e+04   4.555702e+02
  1.161860e+00   1.365321e+04   4.513614e+02
  1.164500e+00   1.270322e+04   4.292020e+02
  1.167150e+00   1.306497e+04   4.391741e+02
  1.169790e+00   1.369917e+04   4.444599e+02
  1.172430e+00   1.312786e+04   4.380825e+02
  1.175080e+00   1.315710e+04   4.385700e+02
  1.177720e+00   1.351892e+04   4.397705e+02
  1.180360e+00   1.372309e+04   4.473600e+02
  1.183010e+00   1.327195e+04   4.359081e+02
  1.185650e+00   1.336328e+04   4.398578e+02
  1.188290e+00   1.269764e+04   4.258653e+02
  1.190940e+00   1.250846e+04   4.211817e+02
  1.193580e+00   1.281571e+04   4.288613e+02
  1.196220e+00   1.285302e+04   4.256059e+02
  1.198870e+00   1.295608e+04   4.283146e+02
  1.201510e+00   1.347326e+04   4.350743e+02
  1.204150e+00   1.364224e+04   4.384781e+02
  1.206800e+00   1.281857e+04   4.258684e+02
  1.209440e+00   1.321017e+04   4.281442e+02
  1.212080e+00   1.361375e+04   4.373368e+02
  1.214730e+00   1.286720e+04   4.235289e+02
  1.217370e+00   1.252906e+04   4.164799e+02
  1.220010e+00   1.320372e+04   4.277105e+02
  1.222660e+00   1.248736e+04   4.116960e+02
  1.225300e+00   1.258574e+04   4.179028e+02
  1.227940e+00   1.266861e+04   4.176717e+02
  1.230590e+00   1.308437e+04   4.231788e+02
  1.233230e+00   1.321121e+04   4.250636e+02
  1.235870e+00   1.279994e+04   4.157226e+02
  1.238520e+00   1.269710e+04   4.170276e+02
  1.241160e+00   1.267738e+04   4.148166e+02
  1.243800e+00   1.273551e+04   4.129771e+02
  1.246450e+00   1.251639e+04   4.110923e+02
  1.249090e+00   1.304529e+04   4.201603e+02
  1.251730e+00   1.281132e+04   4.165319e+02
  1.254380e+00   1.215317e+04   4.004607e+02
  1.257020e+00   1.289435e+04   4.161634e+02
  1.259660e+00   1.258989e+04   4.080406e+02
  1.262310e+00   1.314201e+04   4.187391e+02
  1.264950e+00   1.255090e+04   4.093652e+02
  1.267590e+00   1.240376e+04   4.022194e+02
  1.270240e+00   1.218384e+04   4.008189e+02
  1.272880e+00   1.290517e+04   4.116110e+02
  1.275520e+00   1.270739e+04   4.094899e+02
  1.278170e+00   1.215534e+04   3.973098e+02
  1.280810e+00   1.310210e+04   4.147396e+02
  1.283450e+00   1.318536e+04   4.152999e+02
  1.286100e+00   1.146824e+04   3.855008e+02
  1.288740e+00   1.188677e+04   3.931793e+02
  1.291380e+00   1.216544e+04   3.936643e+02
  1.294030e+00   1.118762e+04   3.817168e+02
  1.296670e+00   1.283811e+04   4.080220e+02
  1.299310e+00   1.309884e+04   4.083431e+02
  1.301960e+00   1.245449e+04   3.984544e+02
  1.304600e+00   1.279373e+04   4.025655e+02
  1.307240e+00   1.243431e+04   4.006900e+02
  1.309890e+00   1.237421e+04   3.950782e+02
  1.312530e+00   1.204638e+04   3.906305e+02
  1.315180e+00   1.189942e+04   3.868834e+02
  1.317820e+00   1.256759e+04   3.966296e+02
  1.320460e+00   1.185307e+04   3.863990e+02
  1.323110e+00   1.198813e+04   3.839274e+02
  1.325750e+00   1.223274e+04   3.903624e+02
  1.328390e+00   1.191394e+04   3.835231e+02
  1.331040e+00   1.187747e+04   3.821513e+02
  1.333680e+00   1.158587e+04   3.795078e+02
  1.336320e+00   1.222359e+04   3.855810e+02
  1.338970e+00   1.172322e+04   3.813564e+02
  1.341610e+00   1.195513e+04   3.840541e+02
  1.344250e+00   1.191148e+04   3.804982e+02
  1.346900e+00   1.193926e+04   3.823625e+02
  1.349540e+00   1.205294e+04   3.809570e+02
  1.352180e+00   1.127347e+04   3.726894e+02
  1.354830e+00   1.097030e+04   3.646650e+02
  1.357470e+00   1.194780e+04   3.814640e+02
  1.360110e+00   1.212251e+04   3.845028e+02
  1.362760e+00   1.201682e+04   3.830822e+02
  1.365400e+00   1.139469e+04   3.740492e+02
  1.368040e+00   1.286492e+04   3.920120e+02
  1.370690e+00   1.144961e+04   3.730483e+02
  1.373330e+00   1.199648e+04   3.826283e+02
  1.375970e+00   1.175926e+04   3.767909e+02
  1.378620e+00   1.227999e+04   3.862090e+02
  1.381260e+00   1.174263e+04   3.741512e+02
  1.383900e+00   1.146840e+04   3.724763e+02
  1.386550e+00   1.186881e+04   3.774062e+02
  1.389190e+00   1.183728e+04   3.764038e+02
  1.391830e+00   1.164725e+04   3.726287e+02
  1.394480e+00   1.093920e+04   3.612443e+02
  1.397120e+00   1.137421e+04   3.701989e+02
  1.399760e+00   1.137250e+04   3.672370e+02
  1.402410e+00   1.158177e+04   3.690258e+02
  1.405050e+00   1.129263e+04   3.671550e+02
  1.407690e+00   1.094558e+04   3.602782e+02
  1.410340e+00   1.162075e+04   3.715905e+02
  1.412980e+00   1.140778e+04   3.655288e+02
  1.415620e+00   1.119536e+04   3.624631e+02
  1.418270e+00   1.120199e+04   3.645936e+02
  1.420910e+00   1.149196e+04   3.674725e+02
  1.423550e+00   1.176223e+04   3.717684e+02
  1.426200e+00   1.163106e+04   3.687295e+02
  1.428840e+00   1.118686e+04   3.616199e+02
  1.431480e+00   1.127744e+04   3.628457e+02
  1.434130e+00   1.190932e+04   3.703622e+02
  1.436770e+00   1.101801e+04   3.584158e+02
  1.439410e+00   1.173927e+04   3.710427e+02
  1.442060e+00   1.176921e+04   3.695969e+02
  1.444700e+00   1.170651e+04   3.690867e+02
  1.447340e+00   1.125149e+04   3.585023e+02
  1.449990e+00   1.100707e+04   3.567411e+02
  1.452630e+00   1.124552e+04   3.607003e+02
  1.455270e+00   1.131469e+04   3.608825e+02
  1.457920e+00   1.146956e+04   3.616162e+02
  1.460560e+00   1.165601e+04   3.644283e+02
  1.463200e+00   1.191303e+04   3.706568e+02
  1.465850e+00   1.093614e+04   3.533307e+02
  1.468490e+00   1.182977e+04   3.680664e+02
  1.471140e+00   1.144495e+04   3.594139e+02
  1.473780e+00   1.117817e+04   3.583556e+02
  1.476420e+00   1.179316e+04   3.662190e+02
  1.479070e+00   1.079701e+04   3.497494e+02
  1.481710e+00   1.067579e+04   3.463684e+02
  1.484350e+00   1.132757e+04   3.567851e+02
  1.487000e+00   1.100464e+04   3.544355e+02
  1.489640e+00   1.124070e+04   3.538733e+02
  1.492280e+00   1.125588e+04   3.566562e+02
  1.494930e+00   1.083520e+04   3.475393e+02
  1.497570e+00   1.101104e+04   3.520942e+02
  1.500210e+00   1.136129e+04   3.573156e+02
  1.502860e+00   1.092169e+04   3.481708e+02
  1.505500e+00   1.152081e+04   3.603776e+02
  1.508140e+00   1.087979e+04   3.482536e+02
  1.510790e+00   1.098829e+04   3.492306e+02
  1.513430e+00   1.123521e+04   3.533503e+02
  1.516070e+00   1.084821e+04   3.458283e+02
  1.518720e+00   1.092235e+04   3.492582e+02
  1.521360e+00   1.087672e+04   3.458597e+02
  1.524000e+00   1.059658e+04   3.420032e+02
  1.526650e+00   1.083508e+04   3.464676e+02
  1.529290e+00   1.140685e+04   3.535414e+02
  1.531930e+00   1.111052e+04   3.525818e+02
  1.534580e+00   1.128754e+04   3.505176e+02
  1.537220e+00   1.081514e+04   3.437276e+02
  1.539860e+00   1.081953e+04   3.447389e+02
  1.542510e+00   1.084364e+04   3.448078e+02
  1.545150e+00   1.132951e+04   3.543934e+02
  1.547790e+00   1.091269e+04   3.518393e+02
  1.550440e+00   1.112220e+04   3.610418e+02
  1.553080e+00   1.108252e+04   3.605146e+02
  1.555720e+00   1.064857e+04   3.559423e+02
  1.558370e+00   1.059811e+04   3.574654e+02
  1.561010e+00   1.042177e+04   3.535344e+02
  1.563650e+00   1.094433e+04   3.687239e+02
  1.566300e+00   1.061378e+04   3.588112e+02
  1.568940e+00   1.102093e+04   3.696300e+02
  1.571580e+00   1.037068e+04   3.578224e+02
  1.574230e+00   1.085063e+04   3.708669e+02
  1.576870e+00   1.146017e+04   3.822181e+02
  1.579510e+00   1.136918e+04   3.775075e+02
  1.582160e+00   1.089690e+04   3.731026e+02
  1.584800e+00   1.156862e+04   3.830753e+02
  1.587440e+00   1.085432e+04   3.765323e+02
  1.590090e+00   1.045956e+04   3.684224e+02
  1.592730e+00   1.092516e+04   3.738511e+02
  1.595370e+00   1.103234e+04   3.822479e+02
  1.598020e+00   1.084136e+04   3.769909e+02
  1.600660e+00   1.073398e+04   3.748468e+02
  1.603300e+00   1.069356e+04   3.642242e+02
  1.605950e+00   1.081760e+04   3.650764e+02
  1.608590e+00   1.080776e+04   3.645367e+02
  1.611230e+00   1.068869e+04   3.570839e+02
  1.613880e+00   1.086815e+04   3.618699e+02
  1.616520e+00   1.099844e+04   3.594954e+02
  1.619160e+00   1.050083e+04   3.535812e+02
  1.621810e+00   1.009603e+04   3.466992e+02
  1.624450e+00   1.041867e+04   3.465199e+02
  1.627100e+00   1.143120e+04   3.659039e+02
  1.629740e+00   1.064237e+04   3.501083e+02
  1.632380e+00   1.105188e+04   3.598987e+02
  1.635030e+00   1.026229e+04   3.437995e+02
  1.637670e+00   1.122304e+04   3.575958e+02
  1.640310e+00   1.125851e+04   3.614891e+02
  1.642960e+00   1.099595e+04   3.525141e+02
  1.645600e+00   1.086530e+04   3.519617e+02
  1.648240e+00   1.058321e+04   3.451862e+02
  1.650890e+00   1.039048e+04   3.425641e+02
  1.653530e+00   1.075149e+04   3.495611e+02
  1.656170e+00   1.101292e+04   3.517948e+02
  1.658820e+00   1.145719e+04   3.605102e+02
  1.661460e+00   1.088885e+04   3.487222e+02
  1.664100e+00   1.104956e+04   3.545971e+02
  1.666750e+00   1.053261e+04   3.450071e+02
  1.669390e+00   1.023532e+04   3.365352e+02
  1.672030e+00   1.095075e+04   3.517888e+02
  1.674680e+00   1.061669e+04   3.421182e+02
  1.677320e+00   1.059180e+04   3.456502e+02
  1.679960e+00   1.008041e+04   3.339788e+02
  1.682610e+00   1.060825e+04   3.416689e+02
  1.685250e+00   1.114836e+04   3.530720e+02
  1.687890e+00   1.121054e+04   3.518792e+02
  1.690540e+00   1.071561e+04   3.442350e+02
  1.693180e+00   1.066113e+04   3.400373e+02
  1.695820e+00   1.059271e+04   3.415227e+02
  1.698470e+00   1.095345e+04   3.495386e+02
  1.701110e+00   1.041289e+04   3.355508e+02
  1.703750e+00   1.042396e+04   3.403544e+02
  1.706400e+00   1.003311e+04   3.282935e+02
  1.709040e+00   1.015013e+04   3.331943e+02
  1.711680e+00   1.062494e+04   3.407950e+02
  1.714330e+00   1.093351e+04   3.430148e+02
  1.716970e+00   1.035306e+04   3.358977e+02
  1.719610e+00   1.063249e+04   3.399896e+02
  1.722260e+00   1.017308e+04   3.321629e+02
  1.724900e+00   1.078515e+04   3.398689e+02
  1.727540e+00   1.013919e+04   3.298279e+02
  1.730190e+00   1.046242e+04   3.364488e+02
  1.732830e+00   1.074850e+04   3.398973e+02
  1.735470e+00   1.009542e+04   3.298030e+02
  1.738120e+00   1.031539e+04   3.318921e+02
  1.740760e+00   1.007229e+04   3.283473e+02
  1.743400e+00   1.011980e+04   3.290231e+02
  1.746050e+00   1.064642e+04   3.371754e+02
  1.748690e+00   1.021039e+04   3.297108e+02
  1.751330e+00   1.055959e+04   3.339237e+02
  1.753980e+00   1.052810e+04   3.357944e+02
  1.756620e+00   1.032124e+04   3.300368e+02
  1.759260e+00   1.052089e+04   3.337024e+02
  1.761910e+00   1.013721e+04   3.271771e+02
  1.764550e+00   1.110303e+04   3.428103e+02
  1.767190e+00   1.100891e+04   3.423608e+02
  1.769840e+00   9.908666e+03   3.213105e+02
  1.772480e+00   1.072254e+04   3.359004e+02
  1.775120e+00   1.061589e+04   3.319088e+02
  1.777770e+00   1.061474e+04   3.328503e+02
  1.780410e+00   1.046389e+04   3.317275e+02
  1.783060e+00   1.007929e+04   3.223001e+02
  1.785700e+00   1.030612e+04   3.285470e+02
  1.788340e+00   1.074021e+04   3.343280e+02
  1.790990e+00   1.074304e+04   3.326480e+02
  1.793630e+00   9.858526e+03   3.208677e+02
  1.796270e+00   1.011171e+04   3.215338e+02
  1.798920e+00   1.001984e+04   3.242346e+02
  1.801560e+00   1.007353e+04   3.221159e+02
  1.804200e+00   1.046925e+04   3.282881e+02
  1.806850e+00   1.043294e+04   3.282812e+02
  1.809490e+00   1.054558e+04   3.293886e+02
  1.812130e+00   1.056688e+04   3.348244e+02
  1.814780e+00   1.083562e+04   3.331278e+02
  1.817420e+00   1.067776e+04   3.333547e+02
  1.820060e+00   1.087981e+04   3.368831e+02
  1.822710e+00   1.065269e+04   3.330593e+02
  1.825350e+00   1.056108e+04   3.329733e+02
  1.827990e+00   1.003701e+04   3.222690e+02
  1.830640e+00   1.065849e+04   3.358775e+02
  1.833280e+00   9.929942e+03   3.208219e+02
  1.835920e+00   1.039756e+04   3.302892e+02
  1.838570e+00   1.054523e+04   3.321435e+02
  1.841210e+00   1.018503e+04   3.243574e+02
  1.843850e+00   1.046420e+04   3.335866e+02
  1.846500e+00   9.884803e+03   3.203683e+02
  1.849140e+00   1.061789e+04   3.337704e+02
  1.851780e+00   1.044176e+04   3.318611e+02
  1.854430e+00   1.074621e+04   3.350022e+02
  1.857070e+00   1.083211e+04   3.390004e+02
  1.859710e+00   1.063158e+04   3.311072e+02
  1.862360e+00   9.771571e+03   3.209405e+02
  1.865000e+00   1.025971e+04   3.279017e+02
  1.867640e+00   1.023707e+04   3.280168e+02
  1.870290e+00   1.066992e+04   3.350753e+02
  1.872930e+00   1.039441e+04   3.273932e+02
  1.875570e+00   1.069419e+04   3.368353e+02
  1.878220e+00   1.077948e+04   3.362029e+02
  1.880860e+00   1.045986e+04   3.306045e+02
  1.883500e+00   1.061368e+04   3.354663e+02
  1.886150e+00   1.057645e+04   3.298703e+02
  1.888790e+00   1.114886e+04   3.442252e+02
  1.891430e+00   1.056222e+04   3.308783e+02
  1.894080e+00   1.063784e+04   3.350605e+02
  1.896720e+00   1.080669e+04   3.377092e+02
  1.899360e+00   1.052866e+04   3.317861e+02
  1.902010e+00   1.068593e+04   3.364084e+02
  1.904650e+00   1.054306e+04   3.296316e+02
  1.907290e+00   1.019460e+04   3.280058e+02
  1.909940e+00   9.794055e+03   3.194468e+02
  1.912580e+00   1.059871e+04   3.353282e+02
  1.915220e+00   1.004203e+04   3.247824e+02
  1.917870e+00   1.079442e+04   3.343993e+02
  1.920510e+00   1.050595e+04   3.323936e+02
  1.923150e+00   1.002220e+04   3.246507e+02
  1.925800e+00   1.031357e+04   3.282844e+02
  1.928440e+00   1.014839e+04   3.266883e+02
  1.931080e+00   1.032392e+04   3.277847e+02
  1.933730e+00   1.025026e+04   3.292858e+02
  1.936370e+00   1.028222e+04   3.277851e+02
  1.939020e+00   1.037025e+04   3.290899e+02
  1.941660e+00   1.046154e+04   3.308228e+02
  1.944300e+00   1.028665e+04   3.284274e+02
  1.946950e+00   1.019460e+04   3.280058e+02
  1.949590e+00   1.037281e+04   3.281813e+02
  1.952230e+00   1.072254e+04   3.359004e+02
  1.954880e+00   1.057912e+04   3.323875e+02
  1.957520e+00   1.014248e+04   3.264978e+02
  1.960160e+00   1.061416e+04   3.333240e+02
  1.962810e+00   9.937784e+03   3.214109e+02
  1.965450e+00   9.926019e+03   3.237510e+02
  1.968090e+00   1.053031e+04   3.308540e+02
  1.970740e+00   1.038387e+04   3.296882e+02
  1.973380e+00   1.042799e+04   3.294327e+02
  1.976020e+00   9.913355e+03   3.212937e+02
  1.978670e+00   1.005640e+04   3.264447e+02
  1.981310e+00   9.960762e+03   3.221541e+02
  1.983950e+00   1.008280e+04   3.252515e+02
  1.986600e+00   1.060795e+04   3.314984e+02
  1.989240e+00   1.021465e+04   3.274665e+02
  1.991880e+00   1.086954e+04   3.372122e+02
  1.994530e+00   1.078643e+04   3.325598e+02
  1.997170e+00   1.026378e+04   3.298903e+02
  1.999810e+00   1.046162e+04   3.278877e+02
  2.002460e+00   1.024208e+04   3.266716e+02
  2.005100e+00   1.087729e+04   3.356805e+02
  2.007740e+00   1.044107e+04   3.275654e+02
  2.010390e+00   1.053572e+04   3.326702e+02
  2.013030e+00   1.091379e+04   3.348987e+02
  2.015670e+00   9.701935e+03   3.159385e+02
  2.018320e+00   9.974435e+03   3.186216e+02
  2.020960e+00   1.012630e+04   3.231432e+02
  2.023600e+00   1.051730e+04   3.297948e+02
  2.026250e+00   1.082327e+04   3.318088e+02
  2.028890e+00   1.011323e+04   3.240489e+02
  2.031530e+00   1.057249e+04   3.283129e+02
  2.034180e+00   1.014178e+04   3.241327e+02
  2.036820e+00   1.014624e+04   3.226318e+02
  2.039460e+00   1.056897e+04   3.278875e+02
  2.042110e+00   9.581723e+03   3.148750e+02
  2.044750e+00   1.044051e+04   3.269050e+02
  2.047390e+00   1.050952e+04   3.305272e+02
  2.050040e+00   1.063235e+04   3.285911e+02
  2.052680e+00   1.055559e+04   3.284221e+02
  2.055320e+00   1.006590e+04   3.231966e+02
  2.057970e+00   1.036272e+04   3.249477e+02
  2.060610e+00   1.006990e+04   3.215072e+02
  2.063250e+00   9.813395e+03   3.163966e+02
  2.065900e+00   1.056864e+04   3.294666e+02
  2.068540e+00   9.984157e+03   3.212350e+02
  2.071180e+00   1.022070e+04   3.214438e+02
  2.073830e+00   1.064751e+04   3.319253e+02
  2.076470e+00   1.023053e+04   3.222316e+02
  2.079110e+00   1.004634e+04   3.230684e+02
  2.081760e+00   1.031178e+04   3.241479e+02
  2.084400e+00   1.065769e+04   3.279679e+02
  2.087040e+00   1.051903e+04   3.300113e+02
  2.089690e+00   9.928717e+03   3.187919e+02
  2.092330e+00   9.993368e+03   3.211990e+02
  2.094980e+00   9.998210e+03   3.187313e+02
  2.097620e+00   1.068086e+04   3.296186e+02
  2.100260e+00   1.003794e+04   3.208140e+02
  2.102910e+00   1.015003e+04   3.217776e+02
  2.105550e+00   1.030902e+04   3.269823e+02
  2.108190e+00   9.804873e+03   3.229063e+02
  2.110840e+00   1.013089e+04   3.349168e+02
  2.113480e+00   1.007127e+04   3.358958e+02
  2.116120e+00   1.001772e+04   3.335535e+02
  2.118770e+00   1.045372e+04   3.457782e+02
  2.121410e+00   9.577314e+03   3.288863e+02
  2.124050e+00   1.036954e+04   3.505545e+02
  2.126700e+00   1.059286e+04   3.501892e+02
  2.129340e+00   1.016203e+04   3.461202e+02
  2.131980e+00   1.040978e+04   3.533309e+02
  2.134630e+00   1.022505e+04   3.494849e+02
  2.137270e+00   1.031601e+04   3.570004e+02
  2.139910e+00   1.022344e+04   3.492261e+02
  2.142560e+00   1.001126e+04   3.524130e+02
  2.145200e+00   1.008569e+04   3.537207e+02
  2.147840e+00   1.028235e+04   3.577686e+02
  2.150490e+00   1.018382e+04   3.571620e+02
  2.153130e+00   1.029662e+04   3.556908e+02
  2.155770e+00   1.021983e+04   3.613256e+02
  2.158420e+00   1.071493e+04   3.710275e+02
  2.161060e+00   1.030724e+04   3.582015e+02
  2.163700e+00   1.071836e+04   3.600902e+02
  2.166350e+00   1.050492e+04   3.513372e+02
  2.168990e+00   1.016747e+04   3.479236e+02
  2.171630e+00   1.030180e+04   3.466831e+02
  2.174280e+00   9.619621e+03   3.335004e+02
  2.176920e+00   1.018817e+04   3.452131e+02
  2.179560e+00   1.062647e+04   3.475229e+02
  2.182210e+00   1.006958e+04   3.382941e+02
  2.184850e+00   9.390726e+03   3.255649e+02
  2.187490e+00   1.004295e+04   3.372093e+02
  2.190140e+00   1.001910e+04   3.385140e+02
  2.192780e+00   1.026468e+04   3.402708e+02
  2.195420e+00   1.001155e+04   3.333481e+02
  2.198070e+00   1.020947e+04   3.371464e+02
  2.200710e+00   1.017842e+04   3.377829e+02
  2.203350e+00   1.039262e+04   3.435693e+02
  2.206000e+00   1.003867e+04   3.336965e+02
  2.208640e+00   1.012452e+04   3.363648e+02
  2.211280e+00   1.020719e+04   3.383651e+02
  2.213930e+00   1.061028e+04   3.437007e+02
  2.216570e+00   1.072770e+04   3.467773e+02
  2.219210e+00   1.031743e+04   3.370559e+02
  2.221860e+00   1.113027e+04   3.526761e+02
  2.224500e+00   1.031611e+04   3.397431e+02
  2.227140e+00   1.047563e+04   3.420414e+02
  2.229790e+00   1.048963e+04   3.419523e+02
  2.232430e+00   9.979442e+03   3.330183e+02
  2.235070e+00   1.006268e+04   3.361706e+02
  2.237720e+00   9.546737e+03   3.276431e+02
  2.240360e+00   1.028413e+04   3.394268e+02
  2.243010e+00   1.057346e+04   3.439546e+02
  2.245650e+00   1.020423e+04   3.378957e+02
  2.248290e+00   9.949208e+03   3.340617e+02
  2.250940e+00   1.016895e+04   3.395313e+02
  2.253580e+00   9.909447e+03   3.312363e+02
  2.256220e+00   1.009908e+04   3.371985e+02
  2.258870e+00   1.015123e+04   3.391287e+02
  2.261510e+00   1.079275e+04   3.476109e+02
  2.264150e+00   1.076318e+04   3.486537e+02
  2.266800e+00   9.737896e+03   3.309072e+02
  2.269440e+00   1.021956e+04   3.395221e+02
  2.272080e+00   9.723388e+03   3.325329e+02
  2.274730e+00   1.012942e+04   3.363418e+02
  2.277370e+00   9.848370e+03   3.335079e+02
  2.280010e+00   1.037068e+04   3.411703e+02
  2.282660e+00   9.903724e+03   3.342345e+02
  2.285300e+00   1.050253e+04   3.436534e+02
  2.287940e+00   9.582184e+03   3.271304e+02
  2.290590e+00   9.873401e+03   3.355118e+02
  2.293230e+00   1.042690e+04   3.400880e+02
  2.295870e+00   1.038435e+04   3.431084e+02
  2.298520e+00   9.868561e+03   3.322917e+02
  2.301160e+00   1.026625e+04   3.405100e+02
  2.303800e+00   1.000377e+04   3.395501e+02
  2.306450e+00   1.001525e+04   3.331021e+02
  2.309090e+00   1.085157e+04   3.515170e+02
  2.311730e+00   1.030976e+04   3.402727e+02
  2.314380e+00   9.776395e+03   3.325997e+02
  2.317020e+00   1.007862e+04   3.389807e+02
  2.319660e+00   1.040988e+04   3.404393e+02
  2.322310e+00   1.093446e+04   3.542020e+02
  2.324950e+00   1.024722e+04   3.391334e+02
  2.327590e+00   1.028391e+04   3.416602e+02
  2.330240e+00   9.762235e+03   3.342525e+02
  2.332880e+00   1.023932e+04   3.386865e+02
  2.335520e+00   1.012044e+04   3.417429e+02
  2.338170e+00   1.039181e+04   3.420505e+02
  2.340810e+00   1.002653e+04   3.360902e+02
  2.343450e+00   9.883701e+03   3.354747e+02
  2.346100e+00   9.986494e+03   3.353137e+02
  2.348740e+00   1.009276e+04   3.396483e+02
  2.351380e+00   9.934549e+03   3.331941e+02
  2.354030e+00   1.066615e+04   3.469699e+02
  2.356670e+00   1.015201e+04   3.401051e+02
  2.359310e+00   1.004279e+04   3.362574e+02
  2.361960e+00   1.035034e+04   3.425461e+02
  2.364600e+00   1.018963e+04   3.379688e+02
  2.367240e+00   9.972132e+03   3.375055e+02
  2.369890e+00   1.014060e+04   3.382080e+02
  2.372530e+00   1.066683e+04   3.488426e+02
  2.375170e+00   1.062851e+04   3.477755e+02
  2.377820e+00   1.023932e+04   3.386865e+02
  2.380460e+00   9.785124e+03   3.346442e+02
  2.383100e+00   9.961898e+03   3.335490e+02
  2.385750e+00   9.746133e+03   3.329216e+02
  2.388390e+00   9.861588e+03   3.330022e+02
  2.391030e+00   1.029690e+04   3.413388e+02
  2.393680e+00   1.025826e+04   3.400580e+02
  2.396320e+00   1.020317e+04   3.369383e+02
  2.398970e+00   9.794841e+03   3.332273e+02
  2.401610e+00   9.699923e+03   3.279172e+02
  2.404250e+00   1.086748e+04   3.516635e+02
  2.406900e+00   9.984067e+03   3.348549e+02
  2.409540e+00   9.886598e+03   3.317725e+02
  2.412180e+00   1.000766e+04   3.383207e+02
  2.414830e+00   8.962575e+03   3.156932e+02
  2.417470e+00   9.996325e+03   3.371677e+02
  2.420110e+00   1.001899e+04   3.347108e+02
  2.422760e+00   1.010760e+04   3.369202e+02
  2.425400e+00   1.011643e+04   3.392942e+02
  2.428040e+00   1.015459e+04   3.371775e+02
  2.430690e+00   1.057161e+04   3.468434e+02
  2.433330e+00   1.026824e+04   3.385339e+02
  2.435970e+00   1.021049e+04   3.412991e+02
  2.438620e+00   9.872314e+03   3.352814e+02
  2.441260e+00   9.954230e+03   3.340421e+02
  2.443900e+00   1.063579e+04   3.474562e+02
  2.446550e+00   1.034014e+04   3.403499e+02
  2.449190e+00   9.479176e+03   3.284340e+02
  2.451830e+00   9.874197e+03   3.345744e+02
  2.454480e+00   1.030818e+04   3.407778e+02
  2.457120e+00   1.015425e+04   3.413314e+02
  2.459760e+00   1.000400e+04   3.357123e+02
  2.462410e+00   1.036849e+04   3.437122e+02
  2.465050e+00   1.056183e+04   3.455938e+02
  2.467690e+00   9.987563e+03   3.364896e+02
  2.470340e+00   9.889238e+03   3.366336e+02
  2.472980e+00   1.039262e+04   3.435693e+02
  2.475620e+00   9.941049e+03   3.354942e+02
  2.478270e+00   1.012717e+04   3.385139e+02
  2.480910e+00   1.009778e+04   3.396252e+02
  2.483550e+00   1.001402e+04   3.385355e+02
  2.486200e+00   1.068541e+04   3.487052e+02
  2.488840e+00   1.044709e+04   3.455590e+02
  2.491480e+00   9.737246e+03   3.320373e+02
  2.494130e+00   1.037539e+04   3.446991e+02
  2.496770e+00   1.015345e+04   3.403445e+02
  2.499410e+00   1.016691e+04   3.400324e+02
  2.502060e+00   1.007937e+04   3.409396e+02
  2.504700e+00   9.947297e+03   3.357050e+02
  2.507340e+00   9.836102e+03   3.354083e+02
  2.509990e+00   9.590055e+03   3.295182e+02
  2.512630e+00   1.009826e+04   3.406060e+02
  2.515270e+00   1.047551e+04   3.466889e+02
  2.517920e+00   1.016218e+04   3.417912e+02
  2.520560e+00   1.000132e+04   3.381062e+02
  2.523200e+00   1.000264e+04   3.373805e+02
  2.525850e+00   9.803599e+03   3.364587e+02
  2.528490e+00   9.816287e+03   3.357099e+02
  2.531130e+00   1.030176e+04   3.428211e+02
  2.533780e+00   1.038198e+04   3.449182e+02
  2.536420e+00   9.901828e+03   3.370621e+02
  2.539060e+00   1.092896e+04   3.562738e+02
  2.541710e+00   9.512054e+03   3.285884e+02
  2.544350e+00   9.999983e+03   3.388365e+02
  2.546990e+00   1.069528e+04   3.510896e+02
  2.549640e+00   9.191826e+03   3.260005e+02
  2.552280e+00   1.046179e+04   3.475697e+02
  2.554930e+00   9.992615e+03   3.364689e+02
  2.557570e+00   1.013559e+04   3.416707e+02
  2.560210e+00   9.867407e+03   3.364758e+02
  2.562860e+00   9.600267e+03   3.342384e+02
  2.565500e+00   1.016808e+04   3.427658e+02
  2.568140e+00   1.010921e+04   3.398172e+02
  2.570790e+00   1.030512e+04   3.464028e+02
  2.573430e+00   9.998814e+03   3.376360e+02
  2.576070e+00   1.045994e+04   3.473165e+02
  2.578720e+00   1.037957e+04   3.467570e+02
  2.581360e+00   9.600393e+03   3.326339e+02
  2.584000e+00   1.030180e+04   3.466831e+02
  2.586650e+00   1.016719e+04   3.417665e+02
  2.589290e+00   9.799566e+03   3.355308e+02
  2.591930e+00   9.426987e+03   3.294056e+02
  2.594580e+00   9.833000e+03   3.382655e+02
  2.597220e+00   1.021663e+04   3.455828e+02
  2.599860e+00   9.759390e+03   3.335691e+02
  2.602510e+00   1.047978e+04   3.493261e+02
  2.605150e+00   9.786774e+03   3.362776e+02
  2.607790e+00   9.908673e+03   3.384738e+02
  2.610440e+00   1.070829e+04   3.526586e+02
  2.613080e+00   1.008171e+04   3.404352e+02
  2.615720e+00   1.040098e+04   3.498228e+02
  2.618370e+00   1.040406e+04   3.466093e+02
  2.621010e+00   1.006274e+04   3.407674e+02
  2.623650e+00   1.000755e+04   3.412546e+02
  2.626300e+00   9.805631e+03   3.369255e+02
  2.628940e+00   1.004280e+04   3.438588e+02
  2.631580e+00   9.900045e+03   3.377852e+02
  2.634230e+00   1.013629e+04   3.426693e+02
  2.636870e+00   1.005275e+04   3.418039e+02
  2.639510e+00   1.023398e+04   3.442059e+02
  2.642160e+00   1.057339e+04   3.522508e+02
  2.644800e+00   1.040845e+04   3.457976e+02
  2.647440e+00   1.004414e+04   3.441067e+02
  2.650090e+00   1.025694e+04   3.453690e+02
  2.652730e+00   1.009833e+04   3.433535e+02
  2.655370e+00   1.023741e+04   3.439324e+02
  2.658020e+00   9.645996e+03   3.348174e+02
  2.660660e+00   9.824509e+03   3.387762e+02
  2.663300e+00   9.738034e+03   3.361943e+02
  2.665950e+00   1.034584e+04   3.501537e+02
  2.668590e+00   1.086435e+04   3.656146e+02
  2.671230e+00   1.004643e+04   3.569844e+02
  2.673880e+00   9.973613e+03   3.598918e+02
  2.676520e+00   1.017470e+04   3.624586e+02
  2.679160e+00   9.902501e+03   3.640232e+02
  2.681810e+00   1.041874e+04   3.735300e+02
  2.684450e+00   1.005647e+04   3.704347e+02
  2.687090e+00   9.920755e+03   3.694682e+02
  2.689740e+00   1.001707e+04   3.712574e+02
  2.692380e+00   1.071809e+04   3.911086e+02
  2.695020e+00   9.658909e+03   3.704022e+02
  2.697670e+00   1.001402e+04   3.798533e+02
  2.700310e+00   9.909536e+03   3.786239e+02
  2.702950e+00   9.999503e+03   3.809507e+02
  2.705600e+00   1.011681e+04   3.885337e+02
  2.708240e+00   1.048526e+04   3.929519e+02
  2.710890e+00   9.589481e+03   3.790575e+02
  2.713530e+00   1.010803e+04   3.907989e+02
  2.716170e+00   1.015462e+04   3.958684e+02
  2.718820e+00   9.597849e+03   3.870226e+02
  2.721460e+00   9.546305e+03   3.788336e+02
  2.724100e+00   9.662562e+03   3.735762e+02
  2.726750e+00   1.013387e+04   3.792505e+02
  2.729390e+00   1.000930e+04   3.761726e+02
  2.732030e+00   9.794530e+03   3.665511e+02
  2.734680e+00   1.023385e+04   3.736875e+02
  2.737320e+00   9.847996e+03   3.657454e+02
  2.739960e+00   1.002444e+04   3.665298e+02
  2.742610e+00   1.006308e+04   3.669628e+02
  2.745250e+00   9.941345e+03   3.606105e+02
  2.747890e+00   1.054130e+04   3.743326e+02
  2.750540e+00   1.025276e+04   3.687662e+02
  2.753180e+00   1.039917e+04   3.653896e+02
  2.755820e+00   9.973082e+03   3.622387e+02
  2.758470e+00   9.622877e+03   3.516123e+02
  2.761110e+00   1.058458e+04   3.723643e+02
  2.763750e+00   9.512954e+03   3.516089e+02
  2.766400e+00   9.593044e+03   3.498223e+02
  2.769040e+00   9.912590e+03   3.569932e+02
  2.771680e+00   9.729310e+03   3.513050e+02
  2.774330e+00   9.561770e+03   3.514976e+02
  2.776970e+00   9.756775e+03   3.522967e+02
  2.779610e+00   9.829640e+03   3.528635e+02
  2.782260e+00   9.161209e+03   3.440564e+02
  2.784900e+00   1.031269e+04   3.599154e+02
  2.787540e+00   9.786586e+03   3.538348e+02
  2.790190e+00   9.738630e+03   3.491468e+02
  2.792830e+00   1.076418e+04   3.702991e+02
  2.795470e+00   9.535269e+03   3.486440e+02
  2.798120e+00   9.951428e+03   3.529408e+02
  2.800760e+00   1.004209e+04   3.561561e+02
  2.803400e+00   9.600121e+03   3.464145e+02
  2.806050e+00   9.504900e+03   3.463778e+02
  2.808690e+00   1.034989e+04   3.588179e+02
  2.811330e+00   9.428199e+03   3.419967e+02
  2.813980e+00   9.515410e+03   3.458435e+02
  2.816620e+00   1.030013e+04   3.562375e+02
  2.819260e+00   1.007292e+04   3.565776e+02
  2.821910e+00   9.913875e+03   3.498531e+02
  2.824550e+00   9.949630e+03   3.502436e+02
  2.827190e+00   9.440587e+03   3.447215e+02
  2.829840e+00   1.011770e+04   3.524669e+02
  2.832480e+00   1.001124e+04   3.535092e+02
  2.835120e+00   9.270117e+03   3.371509e+02
  2.837770e+00   9.603503e+03   3.456376e+02
  2.840410e+00   9.910136e+03   3.514763e+02
  2.843050e+00   1.022087e+04   3.549855e+02
  2.845700e+00   1.021305e+04   3.564380e+02
  2.848340e+00   9.969328e+03   3.485694e+02
  2.850980e+00   1.016104e+04   3.561441e+02
  2.853630e+00   9.543494e+03   3.432556e+02
  2.856270e+00   9.619999e+03   3.435714e+02
  2.858910e+00   9.861674e+03   3.522026e+02
  2.861560e+00   9.931765e+03   3.500487e+02
  2.864200e+00   9.879937e+03   3.524057e+02
  2.866850e+00   9.463554e+03   3.419321e+02
  2.869490e+00   9.148421e+03   3.360756e+02
  2.872130e+00   9.804726e+03   3.497230e+02
  2.874780e+00   9.230611e+03   3.390950e+02
  2.877420e+00   9.845504e+03   3.498447e+02
  2.880060e+00   1.024217e+04   3.548700e+02
  2.882710e+00   9.696415e+03   3.456399e+02
  2.885350e+00   1.012667e+04   3.560349e+02
  2.887990e+00   9.686859e+03   3.461801e+02
  2.890640e+00   1.069272e+04   3.654697e+02
  2.893280e+00   9.822945e+03   3.486033e+02
  2.895920e+00   1.015001e+04   3.542377e+02
  2.898570e+00   9.433533e+03   3.417408e+02
  2.901210e+00   9.788290e+03   3.471549e+02
  2.903850e+00   9.699171e+03   3.479558e+02
  2.906500e+00   9.067982e+03   3.340234e+02
  2.909140e+00   9.901892e+03   3.534137e+02
  2.911780e+00   9.652455e+03   3.429850e+02
  2.914430e+00   9.509177e+03   3.435805e+02
  2.917070e+00   9.197047e+03   3.362773e+02
  2.919710e+00   1.012291e+04   3.543727e+02
  2.922360e+00   9.459521e+03   3.426823e+02
  2.925000e+00   9.379478e+03   3.386733e+02
  2.927640e+00   9.764183e+03   3.482769e+02
  2.930290e+00   9.839799e+03   3.485436e+02
  2.932930e+00   9.357830e+03   3.396677e+02
  2.935570e+00   9.812770e+03   3.489020e+02
  2.938220e+00   1.009413e+04   3.512196e+02
  2.940860e+00   1.002379e+04   3.548382e+02
  2.943500e+00   9.956793e+03   3.494149e+02
  2.946150e+00   9.354236e+03   3.408873e+02
  2.948790e+00   9.932269e+03   3.489843e+02
  2.951430e+00   9.883607e+03   3.494383e+02
  2.954080e+00   1.016583e+04   3.569705e+02
  2.956720e+00   9.694650e+03   3.436177e+02
  2.959360e+00   1.005396e+04   3.530423e+02
  2.962010e+00   9.368698e+03   3.391696e+02
  2.964650e+00   1.039393e+04   3.588383e+02
  2.967290e+00   9.816208e+03   3.483642e+02
  2.969940e+00   1.014608e+04   3.526008e+02
  2.972580e+00   1.027004e+04   3.566934e+02
  2.975220e+00   9.864738e+03   3.503071e+02
  2.977870e+00   9.678389e+03   3.454365e+02
  2.980510e+00   9.553617e+03   3.427341e+02
  2.983150e+00   9.398082e+03   3.391241e+02
  2.985800e+00   9.576290e+03   3.444352e+02
  2.988440e+00   9.960662e+03   3.501982e+02
  2.991080e+00   1.005944e+04   3.530171e+02
  2.993730e+00   1.027722e+04   3.560845e+02
  2.996370e+00   9.398082e+03   3.391241e+02
  2.999010e+00   9.695388e+03   3.469283e+02
  3.001660e+00   1.000715e+04   3.516155e+02
  3.004300e+00   9.720089e+03   3.458252e+02
  3.006940e+00   9.260554e+03   3.388259e+02
  3.009590e+00   9.787565e+03   3.456109e+02
  3.012230e+00   9.179858e+03   3.372305e+02
  3.014870e+00   9.799527e+03   3.471171e+02
  3.017520e+00   9.780172e+03   3.479629e+02
  3.020160e+00   1.004685e+04   3.517100e+02
  3.022810e+00   1.013151e+04   3.529477e+02
  3.025450e+00   9.536962e+03   3.430207e+02
  3.028090e+00   9.273234e+03   3.352745e+02
  3.030740e+00   9.331862e+03   3.385022e+02
  3.033380e+00   8.982145e+03   3.308616e+02
  3.036020e+00   1.012846e+04   3.524142e+02
  3.038670e+00   9.811973e+03   3.460416e+02
  3.041310e+00   9.976073e+03   3.488052e+02
  3.043950e+00   9.202547e+03   3.358057e+02
  3.046600e+00   9.728848e+03   3.407867e+02
  3.049240e+00   9.993703e+03   3.489953e+02
  3.051880e+00   9.122079e+03   3.330912e+02
  3.054530e+00   9.738749e+03   3.447480e+02
  3.057170e+00   9.654642e+03   3.419850e+02
  3.059810e+00   1.055165e+04   3.554940e+02
  3.062460e+00   1.000461e+04   3.478943e+02
  3.065100e+00   9.218547e+03   3.341721e+02
  3.067740e+00   9.176040e+03   3.332888e+02
  3.070390e+00   1.010086e+04   3.485128e+02
  3.073030e+00   1.006651e+04   3.492033e+02
  3.075670e+00   9.570596e+03   3.407222e+02
  3.078320e+00   9.460220e+03   3.382968e+02
  3.080960e+00   9.506621e+03   3.384447e+02
  3.083600e+00   9.981907e+03   3.466859e+02
  3.086250e+00   9.559201e+03   3.407487e+02
  3.088890e+00   9.947885e+03   3.476072e+02
  3.091530e+00   9.852671e+03   3.438606e+02
  3.094180e+00   9.768199e+03   3.436440e+02
  3.096820e+00   9.901182e+03   3.459753e+02
  3.099460e+00   9.492073e+03   3.394358e+02
  3.102110e+00   9.559201e+03   3.407487e+02
  3.104750e+00   1.040706e+04   3.544660e+02
  3.107390e+00   9.721744e+03   3.432867e+02
  3.110040e+00   9.423928e+03   3.376473e+02
  3.112680e+00   9.619059e+03   3.398727e+02
  3.115320e+00   1.056901e+04   3.570937e+02
  3.117970e+00   1.054397e+04   3.572688e+02
  3.120610e+00   9.675038e+03   3.429226e+02
  3.123250e+00   9.352255e+03   3.368132e+02
  3.125900e+00   9.709590e+03   3.415822e+02
  3.128540e+00   9.557732e+03   3.402643e+02
  3.131180e+00   9.824234e+03   3.449755e+02
  3.133830e+00   1.001402e+04   3.486433e+02
  3.136470e+00   1.001133e+04   3.481279e+02
  3.139110e+00   9.362970e+03   3.363278e+02
  3.141760e+00   9.049053e+03   3.315317e+02
  3.144400e+00   9.682674e+03   3.419071e+02
  3.147040e+00   9.707752e+03   3.425791e+02
  3.149690e+00   9.506621e+03   3.384447e+02
  3.152330e+00   9.909030e+03   3.464611e+02
  3.154970e+00   9.349134e+03   3.382398e+02
  3.157620e+00   9.542060e+03   3.388485e+02
  3.160260e+00   9.789252e+03   3.433241e+02
  3.162900e+00   1.012177e+04   3.502781e+02
  3.165550e+00   9.474799e+03   3.394699e+02
  3.168190e+00   9.766706e+03   3.446596e+02
  3.170830e+00   1.024870e+04   3.507032e+02
  3.173480e+00   1.051168e+04   3.572015e+02
  3.176120e+00   9.369729e+03   3.367880e+02
  3.178770e+00   9.598948e+03   3.406539e+02
  3.181410e+00   9.956217e+03   3.470519e+02
  3.184050e+00   9.993947e+03   3.468950e+02
  3.186700e+00   9.993826e+03   3.479404e+02
  3.189340e+00   9.387636e+03   3.369965e+02
  3.191980e+00   9.784445e+03   3.408573e+02
  3.194630e+00   9.417065e+03   3.371850e+02
  3.197270e+00   9.000693e+03   3.275687e+02
  3.199910e+00   9.409169e+03   3.362563e+02
  3.202560e+00   9.880939e+03   3.440101e+02
  3.205200e+00   9.435546e+03   3.352775e+02
  3.207840e+00   9.591187e+03   3.382551e+02
  3.210490e+00   9.782056e+03   3.416042e+02
  3.213130e+00   9.902017e+03   3.426734e+02
  3.215770e+00   9.928650e+03   3.425710e+02
  3.218420e+00   9.326663e+03   3.324596e+02
  3.221060e+00   1.026271e+04   3.495494e+02
  3.223700e+00   9.537220e+03   3.353108e+02
  3.226350e+00   9.449771e+03   3.364207e+02
  3.228990e+00   9.133461e+03   3.408577e+02
  3.231630e+00   9.602102e+03   3.546617e+02
  3.234280e+00   9.894356e+03   3.649588e+02
  3.236920e+00   9.086764e+03   3.500091e+02
  3.239560e+00   1.024855e+04   3.772544e+02
  3.242210e+00   9.984287e+03   3.749678e+02
  3.244850e+00   9.385748e+03   3.670118e+02
  3.247490e+00   9.316898e+03   3.674226e+02
  3.250140e+00   9.883858e+03   3.804299e+02
  3.252780e+00   9.731228e+03   3.816902e+02
  3.255420e+00   9.330173e+03   3.756186e+02
  3.258070e+00   9.065674e+03   3.707230e+02
  3.260710e+00   8.876059e+03   3.669799e+02
  3.263350e+00   1.021743e+04   3.998387e+02
  3.266000e+00   1.037912e+04   4.049280e+02
  3.268640e+00   9.331645e+03   3.858160e+02
  3.271280e+00   9.427354e+03   3.877895e+02
  3.273930e+00   9.440249e+03   3.903063e+02
  3.276570e+00   9.779470e+03   4.015947e+02
  3.279210e+00   8.870354e+03   3.853035e+02
  3.281860e+00   9.456386e+03   3.906397e+02
  3.284500e+00   8.663889e+03   3.664434e+02
  3.287140e+00   9.915380e+03   3.862484e+02
  3.289790e+00   9.727664e+03   3.806729e+02
  3.292430e+00   9.470144e+03   3.708795e+02
  3.295070e+00   1.005420e+04   3.813776e+02
  3.297720e+00   9.170730e+03   3.630727e+02
  3.300360e+00   9.456092e+03   3.677993e+02
  3.303000e+00   1.051120e+04   3.845846e+02
  3.305650e+00   9.019584e+03   3.545965e+02
  3.308290e+00   9.396575e+03   3.622114e+02
  3.310930e+00   9.601307e+03   3.668471e+02
  3.313580e+00   9.974990e+03   3.743547e+02
  3.316220e+00   1.013137e+04   3.752361e+02
  3.318860e+00   9.764826e+03   3.688124e+02
  3.321510e+00   1.022572e+04   3.743902e+02
  3.324150e+00   9.330057e+03   3.588483e+02
  3.326800e+00   9.515580e+03   3.596551e+02
  3.329440e+00   9.500711e+03   3.614241e+02
  3.332080e+00   9.362685e+03   3.585157e+02
  3.334730e+00   9.067319e+03   3.521455e+02
  3.337370e+00   9.729834e+03   3.628616e+02
  3.340010e+00   9.300322e+03   3.527813e+02
  3.342660e+00   9.241977e+03   3.531178e+02
  3.345300e+00   9.903082e+03   3.655294e+02
  3.347940e+00   9.667834e+03   3.595506e+02
  3.350590e+00   9.504453e+03   3.554464e+02
  3.353230e+00   9.565494e+03   3.569811e+02
  3.355870e+00   9.478554e+03   3.552238e+02
  3.358520e+00   9.277691e+03   3.506638e+02
  3.361160e+00   9.500138e+03   3.538036e+02
  3.363800e+00   9.585902e+03   3.574938e+02
  3.366450e+00   9.430417e+03   3.536683e+02
  3.369090e+00   9.516260e+03   3.551437e+02
  3.371730e+00   1.001546e+04   3.611668e+02
  3.374380e+00   9.707910e+03   3.568699e+02
  3.377020e+00   9.058968e+03   3.463783e+02
  3.379660e+00   8.959442e+03   3.451048e+02
  3.382310e+00   8.782868e+03   3.395653e+02
  3.384950e+00   9.253732e+03   3.472864e+02
  3.387590e+00   9.306717e+03   3.487840e+02
  3.390240e+00   9.091672e+03   3.461140e+02
  3.392880e+00   9.398775e+03   3.507592e+02
  3.395520e+00   9.320682e+03   3.495529e+02
  3.398170e+00   9.744436e+03   3.584549e+02
  3.400810e+00   9.559832e+03   3.550432e+02
  3.403450e+00   9.895429e+03   3.610893e+02
  3.406100e+00   9.597005e+03   3.530316e+02
  3.408740e+00   9.743367e+03   3.581733e+02
  3.411380e+00   1.000380e+04   3.623996e+02
  3.414030e+00   9.222515e+03   3.478337e+02
  3.416670e+00   9.347387e+03   3.503081e+02
  3.419310e+00   9.992246e+03   3.612704e+02
  3.421960e+00   9.335670e+03   3.508560e+02
  3.424600e+00   9.177198e+03   3.476112e+02
  3.427240e+00   9.520550e+03   3.521303e+02
  3.429890e+00   9.807079e+03   3.573898e+02
  3.432530e+00   1.008632e+04   3.623113e+02
  3.435170e+00   9.458653e+03   3.522587e+02
  3.437820e+00   9.581560e+03   3.519874e+02
  3.440460e+00   9.529837e+03   3.510361e+02
  3.443100e+00   9.972231e+03   3.596078e+02
  3.445750e+00   9.483567e+03   3.498066e+02
  3.448390e+00   9.569428e+03   3.520171e+02
  3.451030e+00   9.352108e+03   3.461371e+02
  3.453680e+00   1.005105e+04   3.589661e+02
  3.456320e+00   9.343055e+03   3.479536e+02
  3.458960e+00   8.948876e+03   3.377535e+02
  3.461610e+00   9.418816e+03   3.457756e+02
  3.464250e+00   9.102356e+03   3.416053e+02
  3.466890e+00   9.980070e+03   3.564311e+02
  3.469540e+00   9.223697e+03   3.435084e+02
  3.472180e+00   9.345021e+03   3.423751e+02
  3.474820e+00   9.658181e+03   3.496496e+02
  3.477470e+00   9.539779e+03   3.481115e+02
  3.480110e+00   9.917700e+03   3.555668e+02
  3.482760e+00   9.266133e+03   3.427203e+02
  3.485400e+00   9.050219e+03   3.368143e+02
  3.488040e+00   9.018921e+03   3.372885e+02
  3.490690e+00   9.440570e+03   3.472770e+02
  3.493330e+00   1.014390e+04   3.570824e+02
  3.495970e+00   9.909485e+03   3.525637e+02
  3.498620e+00   1.010678e+04   3.575521e+02
  3.501260e+00   9.549455e+03   3.473103e+02
  3.503900e+00   8.993720e+03   3.365815e+02
  3.506550e+00   8.824066e+03   3.330429e+02
  3.509190e+00   9.316837e+03   3.436567e+02
  3.511830e+00   8.715356e+03   3.320286e+02
  3.514480e+00   9.598339e+03   3.477112e+02
  3.517120e+00   9.677891e+03   3.485407e+02
  3.519760e+00   9.388140e+03   3.428064e+02
  3.522410e+00   8.936984e+03   3.356355e+02
  3.525050e+00   9.458153e+03   3.469860e+02
  3.527690e+00   9.068982e+03   3.370461e+02
  3.530340e+00   9.352951e+03   3.433576e+02
  3.532980e+00   9.031535e+03   3.375243e+02
  3.535620e+00   9.453791e+03   3.452036e+02
  3.538270e+00   9.145245e+03   3.398804e+02
  3.540910e+00   9.087201e+03   3.361023e+02
  3.543550e+00   9.676701e+03   3.498619e+02
  3.546200e+00   9.623532e+03   3.481672e+02
  3.548840e+00   9.571585e+03   3.467419e+02
  3.551480e+00   8.649606e+03   3.290465e+02
  3.554130e+00   9.520632e+03   3.455770e+02
  3.556770e+00   9.506283e+03   3.468892e+02
  3.559410e+00   9.277320e+03   3.419666e+02
  3.562060e+00   9.555242e+03   3.452449e+02
  3.564700e+00   9.477700e+03   3.451575e+02
  3.567340e+00   8.887958e+03   3.328567e+02
  3.569990e+00   9.095066e+03   3.396615e+02
  3.572630e+00   9.418026e+03   3.427571e+02
  3.575270e+00   9.445973e+03   3.444592e+02
  3.577920e+00   9.170287e+03   3.401071e+02
  3.580560e+00   9.409951e+03   3.445228e+02
  3.583200e+00   9.723152e+03   3.481447e+02
  3.585850e+00   9.155869e+03   3.377193e+02
  3.588490e+00   8.961981e+03   3.368119e+02
  3.591130e+00   8.968589e+03   3.358763e+02
  3.593780e+00   8.906141e+03   3.340064e+02
  3.596420e+00   9.225117e+03   3.395812e+02
  3.599060e+00   8.981211e+03   3.358783e+02
  3.601710e+00   9.255861e+03   3.397933e+02
  3.604350e+00   9.144322e+03   3.386786e+02
  3.606990e+00   8.931080e+03   3.347064e+02
  3.609640e+00   9.453175e+03   3.449512e+02
  3.612280e+00   9.740653e+03   3.496690e+02
  3.614920e+00   9.713595e+03   3.486977e+02
  3.617570e+00   9.300118e+03   3.409589e+02
  3.620210e+00   9.087928e+03   3.377502e+02
  3.622850e+00   9.118498e+03   3.370294e+02
  3.625500e+00   9.606784e+03   3.466549e+02
  3.628140e+00   9.331589e+03   3.416538e+02
  3.630780e+00   8.786985e+03   3.318799e+02
  3.633430e+00   9.667510e+03   3.472672e+02
  3.636070e+00   9.587621e+03   3.461889e+02
  3.638720e+00   1.012031e+04   3.569158e+02
  3.641360e+00   8.868161e+03   3.337576e+02
  3.644000e+00   9.773623e+03   3.506268e+02
  3.646650e+00   9.149357e+03   3.372498e+02
  3.649290e+00   8.925113e+03   3.340140e+02
  3.651930e+00   9.812624e+03   3.502276e+02
  3.654580e+00   9.941942e+03   3.521617e+02
  3.657220e+00   8.918142e+03   3.351643e+02
  3.659860e+00   9.552367e+03   3.462730e+02
  3.662510e+00   8.950372e+03   3.337926e+02
  3.665150e+00   9.414687e+03   3.412821e+02
  3.667790e+00   8.894273e+03   3.328598e+02
  3.670440e+00   9.305758e+03   3.407080e+02
  3.673080e+00   9.479750e+03   3.436407e+02
  3.675720e+00   9.141982e+03   3.356127e+02
  3.678370e+00   8.461327e+03   3.237637e+02
  3.681010e+00   9.964867e+03   3.499138e+02
  3.683650e+00   9.766756e+03   3.474856e+02
  3.686300e+00   8.804725e+03   3.281327e+02
  3.688940e+00   9.679301e+03   3.456893e+02
  3.691580e+00   9.327223e+03   3.392278e+02
  3.694230e+00   8.525446e+03   3.222316e+02
  3.696870e+00   9.400775e+03   3.376858e+02
  3.699510e+00   9.597216e+03   3.418867e+02
  3.702160e+00   9.459268e+03   3.402262e+02
  3.704800e+00   9.484382e+03   3.409091e+02
  3.707440e+00   9.367347e+03   3.356200e+02
  3.710090e+00   9.042960e+03   3.313084e+02
  3.712730e+00   9.485685e+03   3.392074e+02
  3.715370e+00   9.140409e+03   3.335383e+02
  3.718020e+00   9.122079e+03   3.330912e+02
  3.720660e+00   9.169460e+03   3.326113e+02
  3.723300e+00   8.267669e+03   3.177523e+02
  3.725950e+00   8.939539e+03   3.299644e+02
  3.728590e+00   9.217173e+03   3.330300e+02
  3.731230e+00   9.260446e+03   3.345935e+02
  3.733880e+00   9.000533e+03   3.297540e+02
  3.736520e+00   9.615892e+03   3.423348e+02
  3.739160e+00   9.567143e+03   3.414660e+02
  3.741810e+00   9.109135e+03   3.315154e+02
  3.744450e+00   9.334710e+03   3.368373e+02
  3.747090e+00   9.783390e+03   3.446052e+02
  3.749740e+00   9.055155e+03   3.317552e+02
  3.752380e+00   8.976370e+03   3.293111e+02
  3.755020e+00   9.157979e+03   3.330725e+02
  3.757670e+00   8.829182e+03   3.285881e+02
  3.760310e+00   9.091512e+03   3.321966e+02
  3.762950e+00   9.330848e+03   3.347423e+02
  3.765600e+00   9.073264e+03   3.317514e+02
  3.768240e+00   9.599596e+03   3.426243e+02
  3.770880e+00   9.717203e+03   3.450680e+02
  3.773530e+00   9.157589e+03   3.326186e+02
  3.776170e+00   9.336636e+03   3.347346e+02
  3.778810e+00   9.760120e+03   3.444272e+02
  3.781460e+00   8.818534e+03   3.270613e+02
  3.784100e+00   9.595640e+03   3.413976e+02
  3.786740e+00   9.568186e+03   3.436994e+02
  3.789390e+00   9.151473e+03   3.478868e+02
  3.792030e+00   9.162597e+03   3.534549e+02
  3.794680e+00   9.621762e+03   3.649742e+02
  3.797320e+00   9.413644e+03   3.639525e+02
  3.799960e+00   9.550464e+03   3.725991e+02
  3.802610e+00   8.559383e+03   3.566410e+02
  3.805250e+00   9.050771e+03   3.716706e+02
  3.807890e+00   9.156151e+03   3.719432e+02
  3.810540e+00   9.336144e+03   3.792549e+02
  3.813180e+00   9.483657e+03   3.858845e+02
  3.815820e+00   9.313035e+03   3.837369e+02
  3.818470e+00   9.028737e+03   3.815338e+02
  3.821110e+00   8.819141e+03   3.770792e+02
  3.823750e+00   8.722419e+03   3.803156e+02
  3.826400e+00   8.844781e+03   3.852847e+02
  3.829040e+00   9.250235e+03   3.962365e+02
  3.831680e+00   9.021173e+03   3.929685e+02
  3.834330e+00   9.535590e+03   4.077124e+02
  3.836970e+00   9.127368e+03   4.014212e+02
  3.839610e+00   9.405243e+03   4.096988e+02
  3.842260e+00   9.383468e+03   4.023129e+02
  3.844900e+00   8.906583e+03   3.811666e+02
  3.847540e+00   8.531514e+03   3.698880e+02
  3.850190e+00   9.067236e+03   3.761723e+02
  3.852830e+00   9.430008e+03   3.818099e+02
  3.855470e+00   9.568760e+03   3.818351e+02
  3.858120e+00   9.042757e+03   3.691690e+02
  3.860760e+00   9.749401e+03   3.809406e+02
  3.863400e+00   9.364326e+03   3.704470e+02
  3.866050e+00   9.276827e+03   3.690124e+02
  3.868690e+00   9.190495e+03   3.690991e+02
  3.871330e+00   9.315249e+03   3.708342e+02
  3.873980e+00   9.114206e+03   3.636964e+02
  3.876620e+00   8.925815e+03   3.593398e+02
  3.879260e+00   8.472289e+03   3.493913e+02
  3.881910e+00   9.214820e+03   3.648182e+02
  3.884550e+00   8.268716e+03   3.439332e+02
  3.887190e+00   8.773216e+03   3.514915e+02
  3.889840e+00   9.435080e+03   3.645090e+02
  3.892480e+00   9.488435e+03   3.644012e+02
  3.895120e+00   9.312802e+03   3.605931e+02
  3.897770e+00   8.603265e+03   3.455154e+02
  3.900410e+00   8.847497e+03   3.489112e+02
  3.903050e+00   8.950075e+03   3.526824e+02
  3.905700e+00   8.368856e+03   3.385677e+02
  3.908340e+00   8.978501e+03   3.500184e+02
  3.910980e+00   8.511913e+03   3.393922e+02
  3.913630e+00   9.284898e+03   3.555371e+02
  3.916270e+00   9.242321e+03   3.533890e+02
  3.918910e+00   8.965568e+03   3.471482e+02
  3.921560e+00   8.778085e+03   3.429882e+02
  3.924200e+00   9.126190e+03   3.492040e+02
  3.926840e+00   8.585981e+03   3.383351e+02
  3.929490e+00   9.491867e+03   3.554732e+02
  3.932130e+00   9.291355e+03   3.511802e+02
  3.934770e+00   8.322399e+03   3.323646e+02
  3.937420e+00   9.565494e+03   3.569811e+02
  3.940060e+00   9.664930e+03   3.586992e+02
  3.942700e+00   9.098323e+03   3.463672e+02
  3.945350e+00   8.785293e+03   3.427469e+02
  3.947990e+00   9.198715e+03   3.496827e+02
  3.950640e+00   8.845093e+03   3.442948e+02
  3.953280e+00   8.781521e+03   3.405328e+02
  3.955920e+00   9.291355e+03   3.511802e+02
  3.958570e+00   8.939878e+03   3.438415e+02
  3.961210e+00   8.959521e+03   3.448521e+02
  3.963850e+00   9.038967e+03   3.451094e+02
  3.966500e+00   9.104848e+03   3.463648e+02
  3.969140e+00   8.879880e+03   3.433160e+02
  3.971780e+00   9.420484e+03   3.520600e+02
  3.974430e+00   8.764441e+03   3.383475e+02
  3.977070e+00   8.860975e+03   3.418195e+02
  3.979710e+00   8.609853e+03   3.371878e+02
  3.982360e+00   9.449991e+03   3.539049e+02
  3.985000e+00   9.052028e+03   3.448548e+02
  3.987640e+00   9.405036e+03   3.507486e+02
  3.990290e+00   9.110791e+03   3.453436e+02
  3.992930e+00   8.651584e+03   3.370179e+02
  3.995570e+00   8.888076e+03   3.413445e+02
  3.998220e+00   9.298317e+03   3.474944e+02
  4.000860e+00   8.894545e+03   3.415929e+02
  4.003500e+00   9.499427e+03   3.535321e+02
  4.006150e+00   9.071606e+03   3.448507e+02
  4.008790e+00   9.012614e+03   3.423609e+02
  4.011430e+00   9.155260e+03   3.445627e+02
  4.014080e+00   9.313908e+03   3.492988e+02
  4.016720e+00   8.717656e+03   3.380562e+02
  4.019360e+00   8.993120e+03   3.418671e+02
  4.022010e+00   9.474633e+03   3.511532e+02
  4.024650e+00   8.438728e+03   3.317606e+02
  4.027290e+00   8.692369e+03   3.370756e+02
  4.029940e+00   9.116059e+03   3.433306e+02
  4.032580e+00   8.915426e+03   3.398974e+02
  4.035220e+00   9.331472e+03   3.484902e+02
  4.037870e+00   8.726086e+03   3.371181e+02
  4.040510e+00   8.882749e+03   3.396404e+02
  4.043150e+00   8.877328e+03   3.381993e+02
  4.045800e+00   8.928019e+03   3.408734e+02
  4.048440e+00   9.267873e+03   3.483080e+02
  4.051080e+00   8.489301e+03   3.311992e+02
  4.053730e+00   9.457125e+03   3.490688e+02
  4.056370e+00   8.202710e+03   3.260284e+02
  4.059010e+00   8.584677e+03   3.336529e+02
  4.061660e+00   9.637766e+03   3.542913e+02
  4.064300e+00   9.096723e+03   3.430894e+02
  4.066940e+00   8.558087e+03   3.333758e+02
  4.069590e+00   9.401648e+03   3.491684e+02
  4.072230e+00   9.147514e+03   3.428176e+02
  4.074870e+00   9.031941e+03   3.411317e+02
  4.077520e+00   9.134841e+03   3.428245e+02
  4.080160e+00   9.174595e+03   3.448024e+02
  4.082800e+00   9.110083e+03   3.440831e+02
  4.085450e+00   8.844757e+03   3.379408e+02
  4.088090e+00   8.833131e+03   3.365155e+02
  4.090730e+00   8.619078e+03   3.334822e+02
  4.093380e+00   9.083988e+03   3.433425e+02
  4.096020e+00   9.270855e+03   3.459852e+02
  4.098660e+00   8.916257e+03   3.384565e+02
  4.101310e+00   8.696947e+03   3.347456e+02
  4.103950e+00   8.557172e+03   3.313350e+02
  4.106600e+00   9.103258e+03   3.433359e+02
  4.109240e+00   9.153037e+03   3.418264e+02
  4.111880e+00   9.283767e+03   3.462261e+02
  4.114530e+00   9.128989e+03   3.435740e+02
  4.117170e+00   9.141920e+03   3.438173e+02
  4.119810e+00   8.827642e+03   3.355766e+02
  4.122460e+00   9.390542e+03   3.468476e+02
  4.125100e+00   8.819487e+03   3.369753e+02
  4.127740e+00   8.882749e+03   3.396404e+02
  4.130390e+00   8.942053e+03   3.387044e+02
  4.133030e+00   9.536009e+03   3.489043e+02
  4.135670e+00   8.233110e+03   3.256968e+02
  4.138320e+00   8.302607e+03   3.259058e+02
  4.140960e+00   8.948330e+03   3.391856e+02
  4.143600e+00   8.373422e+03   3.271767e+02
  4.146250e+00   8.948422e+03   3.389456e+02
  4.148890e+00   8.922230e+03   3.394176e+02
  4.151530e+00   9.533686e+03   3.502287e+02
  4.154180e+00   8.777281e+03   3.341454e+02
  4.156820e+00   8.436524e+03   3.286403e+02
  4.159460e+00   9.019029e+03   3.401591e+02
  4.162110e+00   8.328275e+03   3.279255e+02
  4.164750e+00   8.705802e+03   3.336070e+02
  4.167390e+00   8.834399e+03   3.353492e+02
  4.170040e+00   8.714099e+03   3.327058e+02
  4.172680e+00   8.602950e+03   3.318660e+02
  4.175320e+00   8.828942e+03   3.344200e+02
  4.177970e+00   8.442997e+03   3.269141e+02
  4.180610e+00   8.651603e+03   3.310444e+02
  4.183250e+00   9.025202e+03   3.370523e+02
  4.185900e+00   8.604945e+03   3.285383e+02
  4.188540e+00   9.175342e+03   3.388990e+02
  4.191180e+00   9.000044e+03   3.363474e+02
  4.193830e+00   8.786985e+03   3.318799e+02
  4.196470e+00   8.810933e+03   3.332601e+02
  4.199110e+00   8.757246e+03   3.302858e+02
  4.201760e+00   9.192247e+03   3.374580e+02
  4.204400e+00   9.111654e+03   3.358600e+02
  4.207040e+00   8.969135e+03   3.337966e+02
  4.209690e+00   9.080286e+03   3.342499e+02
  4.212330e+00   9.006411e+03   3.342593e+02
  4.214970e+00   8.722681e+03   3.280502e+02
  4.217620e+00   9.167470e+03   3.370029e+02
  4.220260e+00   9.221069e+03   3.362578e+02
  4.222900e+00   9.402851e+03   3.413019e+02
  4.225550e+00   9.012614e+03   3.340297e+02
  4.228190e+00   9.136244e+03   3.360822e+02
  4.230830e+00   9.617570e+03   3.445852e+02
  4.233480e+00   8.821381e+03   3.299010e+02
  4.236120e+00   9.351434e+03   3.394356e+02
  4.238760e+00   8.631453e+03   3.257732e+02
  4.241410e+00   9.012614e+03   3.349512e+02
  4.244050e+00   9.136584e+03   3.365504e+02
  4.246690e+00   9.197805e+03   3.369815e+02
  4.249340e+00   8.772688e+03   3.285397e+02
  4.251980e+00   8.828181e+03   3.294648e+02
  4.254620e+00   8.981812e+03   3.326597e+02
  4.257270e+00   8.671931e+03   3.277682e+02
  4.259910e+00   9.099393e+03   3.358647e+02
  4.262560e+00   9.031120e+03   3.337998e+02
  4.265200e+00   8.520793e+03   3.236782e+02
  4.267840e+00   8.810152e+03   3.287920e+02
  4.270490e+00   9.098565e+03   3.342442e+02
  4.273130e+00   8.789775e+03   3.298744e+02
  4.275770e+00   9.229711e+03   3.383776e+02
  4.278420e+00   9.105655e+03   3.360959e+02
  4.281060e+00   9.640542e+03   3.445249e+02
  4.283700e+00   8.698435e+03   3.273699e+02
  4.286350e+00   8.801865e+03   3.303281e+02
  4.288990e+00   9.325936e+03   3.385100e+02
  4.291630e+00   9.148050e+03   3.356094e+02
  4.294280e+00   9.173554e+03   3.369989e+02
  4.296920e+00   8.680182e+03   3.269146e+02
  4.299560e+00   8.717522e+03   3.273934e+02
  4.302210e+00   8.649153e+03   3.264412e+02
  4.304850e+00   8.585212e+03   3.261252e+02
  4.307490e+00   9.563144e+03   3.439624e+02
  4.310140e+00   8.704385e+03   3.275939e+02
  4.312780e+00   9.086690e+03   3.349398e+02
  4.315420e+00   9.067906e+03   3.337942e+02
  4.318070e+00   8.950968e+03   3.322016e+02
  4.320710e+00   8.505036e+03   3.244873e+02
  4.323350e+00   8.360061e+03   3.208297e+02
  4.326000e+00   8.876059e+03   3.319458e+02
  4.328640e+00   8.925954e+03   3.324199e+02
  4.331280e+00   8.512256e+03   3.242911e+02
  4.333930e+00   9.226473e+03   3.357857e+02
  4.336570e+00   8.797296e+03   3.290002e+02
  4.339210e+00   9.675397e+03   3.462129e+02
  4.341860e+00   8.758301e+03   3.296230e+02
  4.344500e+00   9.190778e+03   3.360481e+02
  4.347140e+00   8.847826e+03   3.348952e+02
  4.349790e+00   8.683294e+03   3.416396e+02
  4.352430e+00   9.012614e+03   3.543224e+02
  4.355070e+00   9.275808e+03   3.632687e+02
  4.357720e+00   8.953995e+03   3.622399e+02
  4.360360e+00   8.876518e+03   3.663731e+02
  4.363000e+00   8.989720e+03   3.704150e+02
  4.365650e+00   8.966157e+03   3.726208e+02
  4.368290e+00   9.004757e+03   3.761791e+02
  4.370930e+00   8.622147e+03   3.706951e+02
  4.373580e+00   9.012614e+03   3.815344e+02
  4.376220e+00   9.302809e+03   3.927649e+02
  4.378860e+00   8.118733e+03   3.649099e+02
  4.381510e+00   8.685645e+03   3.816253e+02
  4.384150e+00   8.756088e+03   3.869681e+02
  4.386790e+00   9.195479e+03   4.001818e+02
  4.389440e+00   9.021255e+03   3.948496e+02
  4.392080e+00   9.243252e+03   4.049542e+02
  4.394720e+00   9.315409e+03   4.073344e+02
  4.397370e+00   8.462294e+03   3.907524e+02
  4.400010e+00   9.183342e+03   4.062471e+02
  4.402650e+00   9.484043e+03   4.187307e+02
  4.405300e+00   9.059312e+03   4.113621e+02
  4.407940e+00   9.192677e+03   4.174180e+02
  4.410590e+00   8.974506e+03   4.135234e+02
  4.413230e+00   8.357851e+03   4.011897e+02
  4.415870e+00   9.012614e+03   4.197593e+02
  4.418520e+00   8.832761e+03   4.201316e+02
  4.421160e+00   8.191465e+03   4.050419e+02
  4.423800e+00   9.516675e+03   4.380405e+02
  4.426450e+00   9.412491e+03   4.393375e+02
  4.429090e+00   8.698221e+03   4.269789e+02
  4.431730e+00   9.033672e+03   4.361498e+02
  4.434380e+00   9.117169e+03   4.366332e+02
  4.437020e+00   9.752056e+03   4.571834e+02
  4.439660e+00   8.784309e+03   4.370357e+02
  4.442310e+00   8.217063e+03   4.232003e+02
  4.444950e+00   8.059883e+03   4.201505e+02
  4.447590e+00   9.222724e+03   4.516387e+02
  4.450240e+00   9.103421e+03   4.546032e+02
  4.452880e+00   9.406482e+03   4.668358e+02
  4.455520e+00   9.162632e+03   4.598593e+02
  4.458170e+00   8.766496e+03   4.533047e+02
  4.460810e+00   7.829856e+03   4.303678e+02
  4.463450e+00   8.689453e+03   4.560780e+02
  4.466100e+00   8.830172e+03   4.634639e+02
  4.468740e+00   9.340125e+03   4.760168e+02
  4.471380e+00   9.301722e+03   4.835735e+02
  4.474030e+00   9.038146e+03   4.803720e+02
  4.476670e+00   8.056538e+03   4.532156e+02
  4.479310e+00   9.304984e+03   4.863793e+02
  4.481960e+00   8.233426e+03   4.624352e+02
  4.484600e+00   8.663912e+03   4.820729e+02
  4.487240e+00   8.363056e+03   4.757576e+02
  4.489890e+00   9.295521e+03   5.004540e+02
  4.492530e+00   8.657572e+03   4.862577e+02
  4.495170e+00   9.179001e+03   5.045235e+02
  4.497820e+00   8.356633e+03   4.881997e+02
  4.500460e+00   9.012614e+03   5.046095e+02
  4.503100e+00   9.041594e+03   5.118794e+02
  4.505750e+00   8.953900e+03   5.126988e+02
  4.508390e+00   9.386271e+03   5.296979e+02
  4.511030e+00   9.265861e+03   5.254188e+02
  4.513680e+00   8.473654e+03   5.037064e+02
  4.516320e+00   9.431445e+03   5.409304e+02
  4.518960e+00   8.615232e+03   5.233381e+02
  4.521610e+00   8.386069e+03   5.190846e+02
  4.524250e+00   7.882112e+03   4.975145e+02
  4.526890e+00   8.202127e+03   5.156633e+02
  4.529540e+00   9.259761e+03   5.523910e+02
  4.532180e+00   8.538266e+03   5.378602e+02
  4.534820e+00   8.577060e+03   5.360663e+02
  4.537470e+00   8.492656e+03   5.425759e+02
  4.540110e+00   7.440646e+03   5.098247e+02
  4.542750e+00   8.868987e+03   5.643201e+02
  4.545400e+00   8.507071e+03   5.446094e+02
  4.548040e+00   9.664128e+03   5.914350e+02
  4.550680e+00   7.804738e+03   5.385781e+02
  4.553330e+00   8.248833e+03   5.612620e+02
  4.555970e+00   8.725588e+03   5.778662e+02
  4.558610e+00   8.234683e+03   5.590067e+02
  4.561260e+00   8.393722e+03   5.698030e+02
  4.563900e+00   9.755302e+03   6.258029e+02
  4.566550e+00   9.528210e+03   6.269102e+02
  4.569190e+00   8.871477e+03   5.981149e+02
  4.571830e+00   8.677261e+03   6.031113e+02
  4.574480e+00   8.270399e+03   5.922556e+02
  4.577120e+00   7.934550e+03   5.849428e+02
  4.579760e+00   9.550360e+03   6.409782e+02
  4.582410e+00   8.367266e+03   6.102456e+02
  4.585050e+00   8.898530e+03   6.372370e+02
  4.587690e+00   9.597849e+03   6.703428e+02
  4.590340e+00   8.943108e+03   6.437390e+02
  4.592980e+00   9.626038e+03   6.739575e+02
  4.595620e+00   7.886037e+03   6.215068e+02
  4.598270e+00   8.911349e+03   6.717182e+02
  4.600910e+00   8.350671e+03   6.520778e+02
  4.603550e+00   8.961113e+03   6.793403e+02
  4.606200e+00   9.067569e+03   7.059093e+02
  4.608840e+00   9.933407e+03   7.445404e+02
  4.611480e+00   9.556232e+03   7.394834e+02
  4.614130e+00   1.048637e+04   7.709736e+02
  4.616770e+00   8.891639e+03   7.333701e+02
  4.619410e+00   9.230913e+03   7.587763e+02
  4.622060e+00   9.920359e+03   8.020135e+02
  4.624700e+00   8.343834e+03   7.290041e+02
  4.627340e+00   9.012614e+03   7.785713e+02
  4.629990e+00   7.585907e+03   7.265981e+02
  4.632630e+00   9.598800e+03   8.386511e+02
  4.635270e+00   9.589421e+03   8.315083e+02
  4.637920e+00   8.861142e+03   8.192128e+02
  4.640560e+00   9.905756e+03   8.968250e+02
  4.643200e+00   8.929164e+03   8.632149e+02
  4.645850e+00   7.983777e+03   8.106297e+02
  4.648490e+00   9.429865e+03   8.870871e+02
  4.651130e+00   8.201052e+03   8.370163e+02
  4.653780e+00   1.047772e+04   9.645522e+02
  4.656420e+00   9.416164e+03   9.189235e+02
  4.659060e+00   9.143232e+03   8.922880e+02
  4.661710e+00   8.605008e+03   8.828552e+02
  4.664350e+00   8.083479e+03   8.666399e+02
  4.666990e+00   9.938234e+03   9.840318e+02
  4.669640e+00   9.963694e+03   9.500009e+02
  4.672280e+00   8.917744e+03   9.197951e+02
  4.674920e+00   8.758020e+03   9.444016e+02
  4.677570e+00   1.177785e+04   1.098290e+03
  4.680210e+00   9.652854e+03   9.750855e+02
  4.682850e+00   8.656183e+03   9.388949e+02
  4.685500e+00   9.330706e+03   9.946566e+02
  4.688140e+00   8.072648e+03   9.448320e+02
  4.690780e+00   8.800553e+03   9.659861e+02
  4.693430e+00   9.446957e+03   1.012820e+03
  4.696070e+00   9.237929e+03   1.020159e+03
  4.698710e+00   9.246708e+03   1.040336e+03
  4.701360e+00   9.189332e+03   1.040487e+03
  4.704000e+00   9.801218e+03   1.050801e+03
  4.706640e+00   9.073924e+03   1.054822e+03
  4.709290e+00   1.061060e+04   1.164664e+03
  4.711930e+00   9.404467e+03   1.108327e+03
  4.714570e+00   1.052480e+04   1.128377e+03
  4.717220e+00   1.044941e+04   1.168279e+03
  4.719860e+00   8.668621e+03   1.092144e+03
  4.722510e+00   1.030013e+04   1.213882e+03
  4.725150e+00   9.535084e+03   1.115997e+03
  4.727790e+00   8.154270e+03   1.080059e+03
  4.730440e+00   7.746379e+03   1.074229e+03
  4.733080e+00   9.634174e+03   1.223541e+03
  4.735720e+00   6.344880e+03   9.565267e+02
  4.738370e+00   9.929151e+03   1.231560e+03
  4.741010e+00   9.095299e+03   1.226410e+03
  4.743650e+00   1.207350e+04   1.432861e+03
  4.746300e+00   7.276239e+03   1.096934e+03
  4.748940e+00   9.441786e+03   1.273130e+03
  4.751580e+00   9.196545e+03   1.300588e+03
  4.754230e+00   9.486962e+03   1.341659e+03
  4.756870e+00   9.208540e+03   1.343204e+03
  4.759510e+00   8.919701e+03   1.287448e+03
  4.762160e+00   1.081514e+04   1.514422e+03
  4.764800e+00   8.456280e+03   1.371790e+03
  4.767440e+00   1.039917e+04   1.550217e+03
  4.770090e+00   9.012614e+03   1.374411e+03
  4.772730e+00   6.969755e+03   1.294251e+03
  4.775370e+00   1.051472e+04   1.622456e+03
  4.778020e+00   1.097188e+04   1.692998e+03
  4.780660e+00   7.589570e+03   1.341659e+03
  4.783300e+00   1.071064e+04   1.672721e+03
  4.785950e+00   9.012614e+03   1.593220e+03
  4.788590e+00   9.776395e+03   1.728239e+03
  4.791230e+00   9.803194e+03   1.760706e+03
  4.793880e+00   7.972697e+03   1.662422e+03
  4.796520e+00   1.201682e+04   2.193961e+03
  4.799160e+00   1.280740e+04   2.464785e+03
  4.801810e+00   5.301538e+03   1.676493e+03
  4.804450e+00   6.396049e+03   1.928481e+03
  4.807090e+00   1.018817e+04   2.825691e+03
  4.809740e+00   4.806727e+03   2.403364e+03
  4.812380e+00   8.319336e+03   3.396355e+03
creator: radaver
creator-version: 6572
working-directory: /dataInt/p12/vives/2015-10-17/NEW
header-file: images/header/img_0009_00003.txt
image-file: images/pilatus2m/img_0009_00003.tiff
angular-axis-file: etc/radial-averaging/saxs-2/saxis-saxs2-20150921.dat
beamstop-mask-file: etc/radial-averaging/saxs-2/mask-saxs2-20151008.msk
detector-response-file: none
beam-center-x: 656.1000
beam-center-y: 1645.9000
unit-time: 100.0000
channel-first: 8
channel-last: 1819
angular-unit: nanometer
Run Number: 9
Frame Number: 3
Sample: ADR
Buffer: NAPI
Code: ADR_NAPI
Concentration [mg/ml]: 3
Plate Row: 2
Plate Column: 1
Well Row: 1
Well Column: 2
Load Volume: 20
Load Viscosity: low
Exposure time [s]: 0.035
Exposure period [s]: 0.04
Detector Position: saxs-2
Detector Distance [m]: 3
Timestamp (begin): 2015-10-17 03:33:01.802
Timestamp (end): 2015-10-17 03:33:01.838
PETRA Current: 94.1409
Transmitted Beam: 0.158508
Wavelength [nm]: 0.123987
Flytube Vacuum [mbar]: 0.000285457
Crystal Temperature 1 [C]: -181.4
Crystal Temperature 2 [C]: -156.3
Cell Target Temperature [C]: 20
Cell Temperature [C]: 20
Storage Temperature [C]: 20.1
