
Sample:   c= 3.0000 mg/ml  Code: ADR_NAPI
  2.520060e-02   4.764564e+07   2.797800e+05
  2.784400e-02   7.401932e+06   6.095688e+04
  3.048740e-02   3.223843e+06   3.769610e+04
  3.313080e-02   1.533801e+06   2.428494e+04
  3.577420e-02   6.910813e+05   1.520789e+04
  3.841750e-02   5.032842e+05   1.309997e+04
  4.106090e-02   3.491024e+05   1.000708e+04
  4.370430e-02   2.747487e+05   8.808040e+03
  4.634770e-02   2.366437e+05   7.602090e+03
  4.899110e-02   2.208293e+05   6.976263e+03
  5.163450e-02   1.765158e+05   6.090375e+03
  5.427790e-02   1.631944e+05   5.458036e+03
  5.692130e-02   1.556815e+05   5.413577e+03
  5.956470e-02   1.395080e+05   4.854104e+03
  6.220810e-02   1.251476e+05   4.341323e+03
  6.485140e-02   1.192109e+05   4.347173e+03
  6.749480e-02   1.127077e+05   3.943143e+03
  7.013820e-02   1.182376e+05   4.069906e+03
  7.278160e-02   1.022351e+05   3.632766e+03
  7.542500e-02   1.031086e+05   3.572502e+03
  7.806840e-02   1.000623e+05   3.483722e+03
  8.071180e-02   9.597920e+04   3.252131e+03
  8.335520e-02   9.338998e+04   3.237715e+03
  8.599860e-02   9.361643e+04   3.136269e+03
  8.864200e-02   8.411223e+04   3.063187e+03
  9.128530e-02   8.418568e+04   3.074026e+03
  9.392870e-02   7.849617e+04   2.950067e+03
  9.657210e-02   7.849964e+04   2.977661e+03
  9.921550e-02   7.881943e+04   2.929301e+03
  1.018590e-01   7.730740e+04   2.936665e+03
  1.045020e-01   7.817130e+04   2.865899e+03
  1.071460e-01   7.069286e+04   2.741352e+03
  1.097890e-01   7.117873e+04   2.809201e+03
  1.124320e-01   7.628122e+04   2.759758e+03
  1.150760e-01   6.932651e+04   2.660507e+03
  1.177190e-01   7.081419e+04   2.637258e+03
  1.203630e-01   7.290004e+04   2.728216e+03
  1.230060e-01   7.035842e+04   2.672695e+03
  1.256490e-01   7.247867e+04   2.632544e+03
  1.282930e-01   6.888122e+04   2.552908e+03
  1.309360e-01   6.264911e+04   2.409581e+03
  1.335800e-01   6.793505e+04   2.535314e+03
  1.362230e-01   6.697218e+04   2.435755e+03
  1.388660e-01   6.863656e+04   2.502918e+03
  1.415100e-01   6.819234e+04   2.463889e+03
  1.441530e-01   6.592411e+04   2.365014e+03
  1.467970e-01   6.456742e+04   2.379987e+03
  1.494400e-01   6.354033e+04   2.289834e+03
  1.520830e-01   6.418043e+04   2.328069e+03
  1.547270e-01   6.300281e+04   2.285352e+03
  1.573700e-01   6.321099e+04   2.263316e+03
  1.600130e-01   6.404413e+04   2.253065e+03
  1.626570e-01   6.598151e+04   2.252572e+03
  1.653000e-01   6.261741e+04   2.227827e+03
  1.679440e-01   6.389423e+04   2.198028e+03
  1.705870e-01   6.176458e+04   2.170186e+03
  1.732300e-01   6.336306e+04   2.170783e+03
  1.758740e-01   6.129680e+04   2.126362e+03
  1.785170e-01   5.849381e+04   2.077176e+03
  1.811610e-01   6.370858e+04   2.116576e+03
  1.838040e-01   6.094680e+04   2.111681e+03
  1.864470e-01   6.169846e+04   2.086981e+03
  1.890910e-01   5.909429e+04   2.015099e+03
  1.917340e-01   6.017029e+04   2.041137e+03
  1.943780e-01   5.793625e+04   1.961969e+03
  1.970210e-01   6.148587e+04   2.063331e+03
  1.996640e-01   5.957020e+04   1.996798e+03
  2.023080e-01   5.979659e+04   1.993220e+03
  2.049510e-01   5.728077e+04   1.912549e+03
  2.075950e-01   5.878044e+04   1.917207e+03
  2.102380e-01   6.273145e+04   2.019397e+03
  2.128810e-01   6.194327e+04   1.941423e+03
  2.155250e-01   5.780476e+04   1.907841e+03
  2.181680e-01   5.508501e+04   1.849574e+03
  2.208110e-01   5.818406e+04   1.884767e+03
  2.234550e-01   5.769332e+04   1.892857e+03
  2.260980e-01   5.800484e+04   1.838877e+03
  2.287420e-01   5.575109e+04   1.814544e+03
  2.313850e-01   5.757509e+04   1.826171e+03
  2.340280e-01   5.749614e+04   1.819097e+03
  2.366720e-01   5.631424e+04   1.811881e+03
  2.393150e-01   5.253708e+04   1.714483e+03
  2.419590e-01   5.535576e+04   1.776451e+03
  2.446020e-01   5.678167e+04   1.760725e+03
  2.472450e-01   5.482536e+04   1.743345e+03
  2.498890e-01   5.598408e+04   1.758976e+03
  2.525320e-01   5.086697e+04   1.644296e+03
  2.551760e-01   5.515797e+04   1.748625e+03
  2.578190e-01   5.421558e+04   1.668369e+03
  2.604620e-01   5.243458e+04   1.657299e+03
  2.631060e-01   5.501053e+04   1.707447e+03
  2.657490e-01   5.679727e+04   1.712502e+03
  2.683920e-01   5.260109e+04   1.655137e+03
  2.710360e-01   5.203107e+04   1.607245e+03
  2.736790e-01   5.457092e+04   1.664398e+03
  2.763230e-01   5.337156e+04   1.627817e+03
  2.789660e-01   5.022697e+04   1.572667e+03
  2.816090e-01   5.436371e+04   1.638383e+03
  2.842530e-01   5.242772e+04   1.591645e+03
  2.868960e-01   5.308301e+04   1.616762e+03
  2.895400e-01   5.181541e+04   1.561584e+03
  2.921830e-01   5.161361e+04   1.562614e+03
  2.948260e-01   4.790703e+04   1.507435e+03
  2.974700e-01   5.305115e+04   1.571929e+03
  3.001130e-01   5.128245e+04   1.557593e+03
  3.027570e-01   4.862727e+04   1.480366e+03
  3.054000e-01   4.708800e+04   1.471500e+03
  3.080430e-01   4.898190e+04   1.480228e+03
  3.106870e-01   5.111233e+04   1.527273e+03
  3.133300e-01   4.776134e+04   1.458064e+03
  3.159740e-01   4.610256e+04   1.406769e+03
  3.186170e-01   4.963084e+04   1.486327e+03
  3.212600e-01   4.853585e+04   1.445134e+03
  3.239040e-01   4.807550e+04   1.446903e+03
  3.265470e-01   4.656979e+04   1.422351e+03
  3.291900e-01   4.824727e+04   1.419037e+03
  3.318340e-01   4.833574e+04   1.445598e+03
  3.344770e-01   4.517965e+04   1.368452e+03
  3.371210e-01   4.666817e+04   1.398856e+03
  3.397640e-01   4.674040e+04   1.385547e+03
  3.424070e-01   4.742347e+04   1.384664e+03
  3.450510e-01   4.958284e+04   1.438544e+03
  3.476940e-01   4.602615e+04   1.346162e+03
  3.503380e-01   4.688915e+04   1.381485e+03
  3.529810e-01   4.582220e+04   1.356542e+03
  3.556240e-01   4.291071e+04   1.306942e+03
  3.582680e-01   4.733483e+04   1.368150e+03
  3.609110e-01   4.417566e+04   1.306081e+03
  3.635550e-01   4.547366e+04   1.335153e+03
  3.661980e-01   4.481821e+04   1.305816e+03
  3.688410e-01   4.629949e+04   1.337108e+03
  3.714850e-01   4.368313e+04   1.286468e+03
  3.741280e-01   4.365800e+04   1.280740e+03
  3.767710e-01   4.420537e+04   1.299596e+03
  3.794150e-01   4.323942e+04   1.264116e+03
  3.820580e-01   4.666372e+04   1.324093e+03
  3.847020e-01   4.294339e+04   1.249601e+03
  3.873450e-01   4.471769e+04   1.285543e+03
  3.899880e-01   4.174087e+04   1.235716e+03
  3.926320e-01   3.981512e+04   1.191301e+03
  3.952750e-01   4.040664e+04   1.213352e+03
  3.979190e-01   4.251995e+04   1.223881e+03
  4.005620e-01   4.237167e+04   1.235058e+03
  4.032050e-01   4.326820e+04   1.226265e+03
  4.058490e-01   4.144666e+04   1.202490e+03
  4.084920e-01   4.042953e+04   1.201643e+03
  4.111360e-01   4.098131e+04   1.189990e+03
  4.137790e-01   4.047817e+04   1.189506e+03
  4.164220e-01   4.076436e+04   1.181204e+03
  4.190660e-01   4.055977e+04   1.173798e+03
  4.217090e-01   3.990869e+04   1.168741e+03
  4.243530e-01   3.998020e+04   1.159943e+03
  4.269960e-01   4.133378e+04   1.242314e+03
  4.296390e-01   3.808532e+04   1.192498e+03
  4.322830e-01   3.802025e+04   1.245395e+03
  4.349260e-01   3.777104e+04   1.271817e+03
  4.375690e-01   3.973333e+04   1.280389e+03
  4.402130e-01   3.894420e+04   1.305413e+03
  4.428560e-01   3.636041e+04   1.255301e+03
  4.455000e-01   3.788669e+04   1.318247e+03
  4.481430e-01   4.044436e+04   1.360291e+03
  4.507860e-01   3.687574e+04   1.298893e+03
  4.534300e-01   3.662692e+04   1.330350e+03
  4.560730e-01   3.567795e+04   1.289097e+03
  4.587170e-01   3.535191e+04   1.283193e+03
  4.613600e-01   3.382798e+04   1.239361e+03
  4.640030e-01   3.409111e+04   1.233373e+03
  4.666470e-01   3.540040e+04   1.282421e+03
  4.692900e-01   3.596869e+04   1.254552e+03
  4.719340e-01   3.475358e+04   1.269021e+03
  4.745770e-01   3.717002e+04   1.287865e+03
  4.772200e-01   3.446262e+04   1.268586e+03
  4.798640e-01   3.417550e+04   1.236426e+03
  4.825070e-01   3.520756e+04   1.197093e+03
  4.851500e-01   3.544069e+04   1.210631e+03
  4.877940e-01   3.332482e+04   1.134390e+03
  4.904370e-01   3.468057e+04   1.171080e+03
  4.930810e-01   3.509607e+04   1.145927e+03
  4.957240e-01   3.409509e+04   1.116822e+03
  4.983670e-01   3.401101e+04   1.128074e+03
  5.010110e-01   3.458642e+04   1.119190e+03
  5.036540e-01   3.310156e+04   1.094902e+03
  5.062980e-01   3.468126e+04   1.098918e+03
  5.089410e-01   3.394154e+04   1.089236e+03
  5.115840e-01   3.319034e+04   1.080254e+03
  5.142280e-01   3.460641e+04   1.087306e+03
  5.168710e-01   3.280738e+04   1.067789e+03
  5.195150e-01   3.188958e+04   1.025500e+03
  5.221580e-01   3.127305e+04   1.024933e+03
  5.248010e-01   3.234263e+04   1.038459e+03
  5.274450e-01   3.266586e+04   1.030412e+03
  5.300880e-01   3.224779e+04   1.027500e+03
  5.327320e-01   3.155404e+04   1.002853e+03
  5.353750e-01   3.086319e+04   1.006111e+03
  5.380180e-01   3.215545e+04   1.000955e+03
  5.406620e-01   3.151556e+04   9.961116e+02
  5.433050e-01   3.214552e+04   1.013999e+03
  5.459480e-01   3.045501e+04   9.783559e+02
  5.485920e-01   3.130360e+04   9.918926e+02
  5.512350e-01   2.908393e+04   9.367302e+02
  5.538790e-01   3.004901e+04   9.545384e+02
  5.565220e-01   2.856520e+04   9.361865e+02
  5.591650e-01   3.266143e+04   9.901951e+02
  5.618090e-01   3.221505e+04   9.866889e+02
  5.644520e-01   3.092558e+04   9.548389e+02
  5.670960e-01   2.884317e+04   9.289758e+02
  5.697390e-01   2.885054e+04   9.192545e+02
  5.723820e-01   2.954280e+04   9.309725e+02
  5.750260e-01   2.824091e+04   9.058277e+02
  5.776690e-01   2.897879e+04   9.168484e+02
  5.803130e-01   2.931918e+04   9.266905e+02
  5.829560e-01   2.931099e+04   9.041265e+02
  5.855990e-01   2.746693e+04   8.883439e+02
  5.882430e-01   2.780068e+04   8.867041e+02
  5.908860e-01   2.936322e+04   9.127116e+02
  5.935290e-01   2.808089e+04   8.835887e+02
  5.961730e-01   2.735725e+04   8.707908e+02
  5.988160e-01   2.797689e+04   8.785784e+02
  6.014600e-01   2.749230e+04   8.689484e+02
  6.041030e-01   2.785512e+04   8.700478e+02
  6.067460e-01   2.816605e+04   8.742332e+02
  6.093900e-01   2.772266e+04   8.608857e+02
  6.120330e-01   2.585167e+04   8.356659e+02
  6.146770e-01   2.633178e+04   8.322679e+02
  6.173200e-01   2.723799e+04   8.421883e+02
  6.199630e-01   2.490359e+04   8.012598e+02
  6.226070e-01   2.551013e+04   8.173973e+02
  6.252500e-01   2.696518e+04   8.361549e+02
  6.278940e-01   2.671271e+04   8.251582e+02
  6.305370e-01   2.732445e+04   8.345531e+02
  6.331800e-01   2.647855e+04   8.163685e+02
  6.358240e-01   2.528531e+04   8.028094e+02
  6.384670e-01   2.639344e+04   8.133580e+02
  6.411110e-01   2.575240e+04   8.039777e+02
  6.437540e-01   2.605360e+04   8.086657e+02
  6.463970e-01   2.536577e+04   7.973662e+02
  6.490410e-01   2.484258e+04   7.863782e+02
  6.516840e-01   2.480841e+04   7.852966e+02
  6.543270e-01   2.518657e+04   7.901729e+02
  6.569710e-01   2.605066e+04   8.097455e+02
  6.596140e-01   2.515838e+04   7.854328e+02
  6.622580e-01   2.431892e+04   7.764434e+02
  6.649010e-01   2.387032e+04   7.594159e+02
  6.675440e-01   2.557938e+04   7.909048e+02
  6.701880e-01   2.324235e+04   7.601061e+02
  6.728310e-01   2.415973e+04   7.609599e+02
  6.754750e-01   2.480308e+04   7.777591e+02
  6.781180e-01   2.350538e+04   7.500870e+02
  6.807610e-01   2.476781e+04   7.709882e+02
  6.834050e-01   2.515793e+04   7.734497e+02
  6.860480e-01   2.309831e+04   7.348553e+02
  6.886920e-01   2.252365e+04   7.362085e+02
  6.913350e-01   2.419595e+04   7.477724e+02
  6.939780e-01   2.294651e+04   7.386741e+02
  6.966220e-01   2.318873e+04   7.343945e+02
  6.992650e-01   2.381991e+04   7.400485e+02
  7.019080e-01   2.258982e+04   7.329107e+02
  7.045520e-01   2.349342e+04   7.284999e+02
  7.071950e-01   2.227408e+04   7.151777e+02
  7.098390e-01   2.274601e+04   7.254852e+02
  7.124820e-01   2.291656e+04   7.186029e+02
  7.151250e-01   2.290181e+04   7.274998e+02
  7.177690e-01   2.143819e+04   6.890494e+02
  7.204120e-01   2.107631e+04   6.900073e+02
  7.230560e-01   2.300258e+04   7.163861e+02
  7.256990e-01   2.124118e+04   6.909756e+02
  7.283420e-01   2.149506e+04   6.912347e+02
  7.309860e-01   2.251250e+04   7.052395e+02
  7.336290e-01   2.219938e+04   7.037677e+02
  7.362730e-01   2.192719e+04   6.930522e+02
  7.389160e-01   2.192719e+04   6.930522e+02
  7.415590e-01   2.038876e+04   6.707411e+02
  7.442030e-01   2.241254e+04   6.939833e+02
  7.468460e-01   2.150573e+04   6.880293e+02
  7.494900e-01   2.185187e+04   6.812099e+02
  7.521330e-01   2.046277e+04   6.639000e+02
  7.547760e-01   2.060789e+04   6.627050e+02
  7.574200e-01   2.205671e+04   6.892723e+02
  7.600630e-01   2.142009e+04   6.780411e+02
  7.627060e-01   1.996213e+04   6.439398e+02
  7.653500e-01   2.083579e+04   6.655749e+02
  7.679930e-01   2.094740e+04   6.630785e+02
  7.706370e-01   1.989601e+04   6.496279e+02
  7.732800e-01   2.122200e+04   6.631875e+02
  7.759230e-01   1.923779e+04   6.328767e+02
  7.785670e-01   1.974518e+04   6.426509e+02
  7.812100e-01   2.010957e+04   6.433623e+02
  7.838540e-01   1.997852e+04   6.434649e+02
  7.864970e-01   1.918866e+04   6.242071e+02
  7.891400e-01   2.016097e+04   6.394673e+02
  7.917840e-01   1.933029e+04   6.314930e+02
  7.944270e-01   1.916101e+04   6.216653e+02
  7.970710e-01   1.943386e+04   6.285358e+02
  7.997140e-01   1.980915e+04   6.289413e+02
  8.023570e-01   1.982799e+04   6.363106e+02
  8.050010e-01   2.007096e+04   6.334338e+02
  8.076440e-01   2.009527e+04   6.313776e+02
  8.102870e-01   2.022850e+04   6.355635e+02
  8.129310e-01   1.929774e+04   6.177056e+02
  8.155740e-01   1.890139e+04   6.109951e+02
  8.182180e-01   1.824769e+04   5.970828e+02
  8.208610e-01   1.855976e+04   6.018415e+02
  8.235040e-01   1.963822e+04   6.200855e+02
  8.261480e-01   1.862068e+04   6.041346e+02
  8.287910e-01   1.880869e+04   6.039108e+02
  8.314350e-01   1.914165e+04   6.047078e+02
  8.340780e-01   1.892595e+04   6.061156e+02
  8.367210e-01   1.896001e+04   6.050381e+02
  8.393650e-01   1.784262e+04   5.838283e+02
  8.420080e-01   1.957144e+04   6.134072e+02
  8.446520e-01   1.902203e+04   5.953111e+02
  8.472950e-01   1.911335e+04   6.071557e+02
  8.499380e-01   1.929931e+04   6.036933e+02
  8.525820e-01   1.857489e+04   5.882727e+02
  8.552250e-01   1.848730e+04   5.908568e+02
  8.578690e-01   1.773159e+04   5.789571e+02
  8.605120e-01   1.701116e+04   5.834781e+02
  8.631550e-01   1.672881e+04   5.748088e+02
  8.657990e-01   1.839421e+04   6.087595e+02
  8.684420e-01   1.776659e+04   6.013080e+02
  8.710850e-01   1.833203e+04   6.057073e+02
  8.737290e-01   1.774216e+04   6.046511e+02
  8.763720e-01   1.781369e+04   5.947818e+02
  8.790160e-01   1.782654e+04   6.036828e+02
  8.816590e-01   1.811350e+04   6.141051e+02
  8.843020e-01   1.740627e+04   5.925162e+02
  8.869460e-01   1.727637e+04   5.936231e+02
  8.895890e-01   1.702779e+04   5.685414e+02
  8.922330e-01   1.683485e+04   5.704273e+02
  8.948760e-01   1.707414e+04   5.669376e+02
  8.975190e-01   1.788689e+04   5.752035e+02
  9.001630e-01   1.746821e+04   5.740409e+02
  9.028060e-01   1.669443e+04   5.537193e+02
  9.054500e-01   1.708341e+04   5.644517e+02
  9.080930e-01   1.765454e+04   5.659785e+02
  9.107360e-01   1.693105e+04   5.537046e+02
  9.133800e-01   1.759484e+04   5.681669e+02
  9.160230e-01   1.705984e+04   5.552503e+02
  9.186660e-01   1.651923e+04   5.461090e+02
  9.213100e-01   1.704525e+04   5.492755e+02
  9.239530e-01   1.690070e+04   5.518275e+02
  9.265970e-01   1.635846e+04   5.431737e+02
  9.292400e-01   1.705619e+04   5.465157e+02
  9.318830e-01   1.740982e+04   5.581332e+02
  9.345270e-01   1.690312e+04   5.430064e+02
  9.371700e-01   1.641601e+04   5.406326e+02
  9.398140e-01   1.561937e+04   5.212253e+02
  9.424570e-01   1.587300e+04   5.221834e+02
  9.451000e-01   1.597454e+04   5.283910e+02
  9.477440e-01   1.583439e+04   5.220444e+02
  9.503870e-01   1.629459e+04   5.354734e+02
  9.530310e-01   1.572050e+04   5.138407e+02
  9.556740e-01   1.638354e+04   5.312728e+02
  9.583170e-01   1.673006e+04   5.330640e+02
  9.609610e-01   1.647183e+04   5.267112e+02
  9.636040e-01   1.619293e+04   5.259220e+02
  9.662480e-01   1.536025e+04   5.039536e+02
  9.688910e-01   1.611996e+04   5.208124e+02
  9.715340e-01   1.650039e+04   5.252133e+02
  9.741780e-01   1.584964e+04   5.089013e+02
  9.768210e-01   1.598348e+04   5.126704e+02
  9.794640e-01   1.599962e+04   5.069673e+02
  9.821080e-01   1.587637e+04   5.100224e+02
  9.847510e-01   1.694651e+04   5.295783e+02
  9.873950e-01   1.591479e+04   5.199134e+02
  9.900380e-01   1.588560e+04   5.292262e+02
  9.926810e-01   1.573831e+04   5.254868e+02
  9.953250e-01   1.571071e+04   5.341802e+02
  9.979680e-01   1.481064e+04   5.165803e+02
  1.000610e+00   1.554291e+04   5.356439e+02
  1.003250e+00   1.506298e+04   5.289327e+02
  1.005900e+00   1.545275e+04   5.376699e+02
  1.008540e+00   1.473639e+04   5.269721e+02
  1.011190e+00   1.535825e+04   5.379762e+02
  1.013830e+00   1.475610e+04   5.349082e+02
  1.016470e+00   1.471456e+04   5.313120e+02
  1.019120e+00   1.551233e+04   5.484435e+02
  1.021760e+00   1.560928e+04   5.501547e+02
  1.024400e+00   1.426317e+04   5.264631e+02
  1.027050e+00   1.451674e+04   5.354580e+02
  1.029690e+00   1.534550e+04   5.466608e+02
  1.032330e+00   1.426201e+04   5.333689e+02
  1.034980e+00   1.687768e+04   5.795820e+02
  1.037620e+00   1.592707e+04   5.624043e+02
  1.040260e+00   1.487101e+04   5.437381e+02
  1.042910e+00   1.432525e+04   5.129264e+02
  1.045550e+00   1.578476e+04   5.439786e+02
  1.048190e+00   1.464695e+04   5.165581e+02
  1.050840e+00   1.543114e+04   5.265037e+02
  1.053480e+00   1.524090e+04   5.209232e+02
  1.056120e+00   1.458308e+04   5.043665e+02
  1.058770e+00   1.463715e+04   5.077571e+02
  1.061410e+00   1.470400e+04   5.052354e+02
  1.064050e+00   1.518036e+04   5.111494e+02
  1.066700e+00   1.412396e+04   4.902497e+02
  1.069340e+00   1.388324e+04   4.842336e+02
  1.071980e+00   1.386592e+04   4.868983e+02
  1.074630e+00   1.460286e+04   4.911472e+02
  1.077270e+00   1.443730e+04   4.928811e+02
  1.079910e+00   1.433171e+04   4.870114e+02
  1.082560e+00   1.486269e+04   4.908091e+02
  1.085200e+00   1.385345e+04   4.768554e+02
  1.087840e+00   1.385349e+04   4.704893e+02
  1.090490e+00   1.303384e+04   4.602409e+02
  1.093130e+00   1.356992e+04   4.662678e+02
  1.095770e+00   1.347786e+04   4.644778e+02
  1.098420e+00   1.474409e+04   4.845208e+02
  1.101060e+00   1.413839e+04   4.725941e+02
  1.103700e+00   1.396897e+04   4.722375e+02
  1.106350e+00   1.372706e+04   4.648568e+02
  1.108990e+00   1.401269e+04   4.668304e+02
  1.111630e+00   1.399562e+04   4.657450e+02
  1.114280e+00   1.323311e+04   4.522986e+02
  1.116920e+00   1.351049e+04   4.617791e+02
  1.119560e+00   1.399504e+04   4.614029e+02
  1.122210e+00   1.445749e+04   4.725578e+02
  1.124850e+00   1.358844e+04   4.567705e+02
  1.127490e+00   1.336148e+04   4.535181e+02
  1.130140e+00   1.309130e+04   4.492924e+02
  1.132780e+00   1.394593e+04   4.607866e+02
  1.135420e+00   1.353104e+04   4.540719e+02
  1.138070e+00   1.382588e+04   4.570695e+02
  1.140710e+00   1.340570e+04   4.513935e+02
  1.143350e+00   1.302326e+04   4.443479e+02
  1.146000e+00   1.280152e+04   4.378029e+02
  1.148640e+00   1.375528e+04   4.572411e+02
  1.151280e+00   1.317833e+04   4.427346e+02
  1.153930e+00   1.402101e+04   4.578023e+02
  1.156570e+00   1.394369e+04   4.550353e+02
  1.159220e+00   1.287472e+04   4.359931e+02
  1.161860e+00   1.416726e+04   4.603741e+02
  1.164500e+00   1.376834e+04   4.474110e+02
  1.167150e+00   1.305437e+04   4.395633e+02
  1.169790e+00   1.411051e+04   4.516663e+02
  1.172430e+00   1.264884e+04   4.305714e+02
  1.175080e+00   1.269281e+04   4.313191e+02
  1.177720e+00   1.319533e+04   4.350370e+02
  1.180360e+00   1.282283e+04   4.329963e+02
  1.183010e+00   1.322016e+04   4.356191e+02
  1.185650e+00   1.386235e+04   4.485751e+02
  1.188290e+00   1.307417e+04   4.326920e+02
  1.190940e+00   1.322331e+04   4.336095e+02
  1.193580e+00   1.289203e+04   4.306924e+02
  1.196220e+00   1.345145e+04   4.359641e+02
  1.198870e+00   1.313156e+04   4.317629e+02
  1.201510e+00   1.267706e+04   4.225688e+02
  1.204150e+00   1.261780e+04   4.222387e+02
  1.206800e+00   1.275243e+04   4.253175e+02
  1.209440e+00   1.193661e+04   4.075091e+02
  1.212080e+00   1.287426e+04   4.258428e+02
  1.214730e+00   1.190814e+04   4.079661e+02
  1.217370e+00   1.415768e+04   4.432941e+02
  1.220010e+00   1.211273e+04   4.101888e+02
  1.222660e+00   1.292791e+04   4.194368e+02
  1.225300e+00   1.272960e+04   4.208276e+02
  1.227940e+00   1.303272e+04   4.241790e+02
  1.230590e+00   1.277517e+04   4.186893e+02
  1.233230e+00   1.220330e+04   4.090557e+02
  1.235870e+00   1.200730e+04   4.031655e+02
  1.238520e+00   1.262009e+04   4.162984e+02
  1.241160e+00   1.291430e+04   4.192160e+02
  1.243800e+00   1.292957e+04   4.166495e+02
  1.246450e+00   1.321209e+04   4.229086e+02
  1.249090e+00   1.284839e+04   4.175165e+02
  1.251730e+00   1.272226e+04   4.156182e+02
  1.254380e+00   1.210524e+04   4.001867e+02
  1.257020e+00   1.272571e+04   4.139675e+02
  1.259660e+00   1.233076e+04   4.043416e+02
  1.262310e+00   1.260081e+04   4.105565e+02
  1.264950e+00   1.243612e+04   4.080157e+02
  1.267590e+00   1.247507e+04   4.038955e+02
  1.270240e+00   1.216248e+04   4.009851e+02
  1.272880e+00   1.233309e+04   4.029045e+02
  1.275520e+00   1.252859e+04   4.071244e+02
  1.278170e+00   1.157484e+04   3.882078e+02
  1.280810e+00   1.208301e+04   3.987986e+02
  1.283450e+00   1.217031e+04   3.995100e+02
  1.286100e+00   1.219948e+04   3.981150e+02
  1.288740e+00   1.275200e+04   4.077641e+02
  1.291380e+00   1.235017e+04   3.971546e+02
  1.294030e+00   1.241787e+04   4.026772e+02
  1.296670e+00   1.229927e+04   3.998836e+02
  1.299310e+00   1.230316e+04   3.962580e+02
  1.301960e+00   1.200104e+04   3.916393e+02
  1.304600e+00   1.168384e+04   3.852049e+02
  1.307240e+00   1.307491e+04   4.114131e+02
  1.309890e+00   1.254534e+04   3.983148e+02
  1.312530e+00   1.135365e+04   3.797228e+02
  1.315180e+00   1.170320e+04   3.841764e+02
  1.317820e+00   1.244950e+04   3.952721e+02
  1.320460e+00   1.175744e+04   3.853346e+02
  1.323110e+00   1.247525e+04   3.921562e+02
  1.325750e+00   1.215198e+04   3.895747e+02
  1.328390e+00   1.162293e+04   3.792999e+02
  1.331040e+00   1.177260e+04   3.809523e+02
  1.333680e+00   1.190250e+04   3.851559e+02
  1.336320e+00   1.203571e+04   3.831009e+02
  1.338970e+00   1.232568e+04   3.915381e+02
  1.341610e+00   1.186236e+04   3.830557e+02
  1.344250e+00   1.186918e+04   3.803130e+02
  1.346900e+00   1.140541e+04   3.741992e+02
  1.349540e+00   1.221691e+04   3.840354e+02
  1.352180e+00   1.173497e+04   3.807328e+02
  1.354830e+00   1.208031e+04   3.831643e+02
  1.357470e+00   1.156355e+04   3.757648e+02
  1.360110e+00   1.179929e+04   3.798324e+02
  1.362760e+00   1.083577e+04   3.642404e+02
  1.365400e+00   1.162114e+04   3.782359e+02
  1.368040e+00   1.232336e+04   3.841681e+02
  1.370690e+00   1.124769e+04   3.702223e+02
  1.373330e+00   1.137903e+04   3.731331e+02
  1.375970e+00   1.193493e+04   3.800857e+02
  1.378620e+00   1.222651e+04   3.858654e+02
  1.381260e+00   1.205986e+04   3.796616e+02
  1.383900e+00   1.215302e+04   3.839286e+02
  1.386550e+00   1.174310e+04   3.758874e+02
  1.389190e+00   1.191591e+04   3.781399e+02
  1.391830e+00   1.164153e+04   3.730186e+02
  1.394480e+00   1.191236e+04   3.774575e+02
  1.397120e+00   1.154859e+04   3.735082e+02
  1.399760e+00   1.222228e+04   3.812026e+02
  1.402410e+00   1.104588e+04   3.608531e+02
  1.405050e+00   1.152530e+04   3.713975e+02
  1.407690e+00   1.109279e+04   3.631617e+02
  1.410340e+00   1.130534e+04   3.669867e+02
  1.412980e+00   1.175434e+04   3.715192e+02
  1.415620e+00   1.184789e+04   3.733588e+02
  1.418270e+00   1.108820e+04   3.632060e+02
  1.420910e+00   1.149813e+04   3.680462e+02
  1.423550e+00   1.147457e+04   3.676689e+02
  1.426200e+00   1.242294e+04   3.815675e+02
  1.428840e+00   1.153224e+04   3.676343e+02
  1.431480e+00   1.077991e+04   3.552101e+02
  1.434130e+00   1.169763e+04   3.675304e+02
  1.436770e+00   1.165436e+04   3.690973e+02
  1.439410e+00   1.102889e+04   3.601060e+02
  1.442060e+00   1.153201e+04   3.663264e+02
  1.444700e+00   1.122345e+04   3.618586e+02
  1.447340e+00   1.090267e+04   3.533575e+02
  1.449990e+00   1.112828e+04   3.591636e+02
  1.452630e+00   1.115862e+04   3.597683e+02
  1.455270e+00   1.107853e+04   3.575582e+02
  1.457920e+00   1.210506e+04   3.719794e+02
  1.460560e+00   1.122923e+04   3.581567e+02
  1.463200e+00   1.121542e+04   3.601055e+02
  1.465850e+00   1.098732e+04   3.546144e+02
  1.468490e+00   1.191778e+04   3.699106e+02
  1.471140e+00   1.110112e+04   3.544316e+02
  1.473780e+00   1.074636e+04   3.518202e+02
  1.476420e+00   1.119657e+04   3.572970e+02
  1.479070e+00   1.184723e+04   3.668384e+02
  1.481710e+00   1.161601e+04   3.617660e+02
  1.484350e+00   1.124421e+04   3.559293e+02
  1.487000e+00   1.097588e+04   3.544296e+02
  1.489640e+00   1.134797e+04   3.560174e+02
  1.492280e+00   1.101307e+04   3.532444e+02
  1.494930e+00   1.101970e+04   3.509387e+02
  1.497570e+00   1.082505e+04   3.495593e+02
  1.500210e+00   1.083861e+04   3.494508e+02
  1.502860e+00   1.102784e+04   3.503109e+02
  1.505500e+00   1.132458e+04   3.577571e+02
  1.508140e+00   1.080735e+04   3.475410e+02
  1.510790e+00   1.133942e+04   3.552253e+02
  1.513430e+00   1.103030e+04   3.505658e+02
  1.516070e+00   1.106418e+04   3.497052e+02
  1.518720e+00   1.106258e+04   3.519474e+02
  1.521360e+00   1.127975e+04   3.526645e+02
  1.524000e+00   1.119946e+04   3.520521e+02
  1.526650e+00   1.168506e+04   3.602659e+02
  1.529290e+00   1.165607e+04   3.578447e+02
  1.531930e+00   1.093734e+04   3.502754e+02
  1.534580e+00   1.044370e+04   3.375969e+02
  1.537220e+00   1.112788e+04   3.491128e+02
  1.539860e+00   1.036296e+04   3.378229e+02
  1.542510e+00   1.061887e+04   3.416564e+02
  1.545150e+00   1.103650e+04   3.502329e+02
  1.547790e+00   1.130486e+04   3.585685e+02
  1.550440e+00   1.064571e+04   3.536801e+02
  1.553080e+00   1.095834e+04   3.589524e+02
  1.555720e+00   1.089083e+04   3.604339e+02
  1.558370e+00   1.058926e+04   3.577781e+02
  1.561010e+00   1.078540e+04   3.601141e+02
  1.563650e+00   1.108474e+04   3.715613e+02
  1.566300e+00   1.071420e+04   3.609707e+02
  1.568940e+00   1.085057e+04   3.672363e+02
  1.571580e+00   1.083074e+04   3.661458e+02
  1.574230e+00   1.108204e+04   3.752852e+02
  1.576870e+00   1.086356e+04   3.726172e+02
  1.579510e+00   1.109698e+04   3.734430e+02
  1.582160e+00   1.023346e+04   3.620339e+02
  1.584800e+00   1.116615e+04   3.768391e+02
  1.587440e+00   1.055501e+04   3.717845e+02
  1.590090e+00   1.068178e+04   3.727968e+02
  1.592730e+00   1.083799e+04   3.728380e+02
  1.595370e+00   1.103432e+04   3.827765e+02
  1.598020e+00   1.027796e+04   3.675391e+02
  1.600660e+00   1.085361e+04   3.774172e+02
  1.603300e+00   1.027347e+04   3.574598e+02
  1.605950e+00   1.072206e+04   3.639304e+02
  1.608590e+00   1.150139e+04   3.765388e+02
  1.611230e+00   1.059674e+04   3.560043e+02
  1.613880e+00   1.057010e+04   3.573348e+02
  1.616520e+00   1.081484e+04   3.569430e+02
  1.619160e+00   1.048025e+04   3.536912e+02
  1.621810e+00   1.077866e+04   3.586913e+02
  1.624450e+00   1.125447e+04   3.606165e+02
  1.627100e+00   1.080319e+04   3.561706e+02
  1.629740e+00   1.092395e+04   3.551682e+02
  1.632380e+00   1.061046e+04   3.530940e+02
  1.635030e+00   1.062371e+04   3.502534e+02
  1.637670e+00   1.066948e+04   3.491160e+02
  1.640310e+00   1.118291e+04   3.607390e+02
  1.642960e+00   1.065050e+04   3.473810e+02
  1.645600e+00   1.087055e+04   3.525017e+02
  1.648240e+00   1.040740e+04   3.427496e+02
  1.650890e+00   1.065515e+04   3.473480e+02
  1.653530e+00   1.010702e+04   3.393606e+02
  1.656170e+00   1.059074e+04   3.454319e+02
  1.658820e+00   1.095230e+04   3.529328e+02
  1.661460e+00   1.100659e+04   3.510557e+02
  1.664100e+00   1.057614e+04   3.473662e+02
  1.666750e+00   1.084312e+04   3.505081e+02
  1.669390e+00   1.055024e+04   3.421149e+02
  1.672030e+00   1.094509e+04   3.521524e+02
  1.674680e+00   1.078785e+04   3.453107e+02
  1.677320e+00   1.040432e+04   3.430204e+02
  1.679960e+00   1.037274e+04   3.392248e+02
  1.682610e+00   1.034884e+04   3.379017e+02
  1.685250e+00   1.041486e+04   3.417005e+02
  1.687890e+00   1.091841e+04   3.477132e+02
  1.690540e+00   1.084312e+04   3.467246e+02
  1.693180e+00   1.085181e+04   3.435082e+02
  1.695820e+00   1.037724e+04   3.384684e+02
  1.698470e+00   1.119426e+04   3.538169e+02
  1.701110e+00   1.036395e+04   3.351940e+02
  1.703750e+00   1.038408e+04   3.401417e+02
  1.706400e+00   1.064064e+04   3.385239e+02
  1.709040e+00   1.079048e+04   3.439879e+02
  1.711680e+00   1.105792e+04   3.481190e+02
  1.714330e+00   1.045471e+04   3.358535e+02
  1.716970e+00   1.141783e+04   3.532039e+02
  1.719610e+00   1.101969e+04   3.465723e+02
  1.722260e+00   1.060172e+04   3.395268e+02
  1.724900e+00   1.081305e+04   3.407481e+02
  1.727540e+00   1.066025e+04   3.386339e+02
  1.730190e+00   1.059796e+04   3.390589e+02
  1.732830e+00   1.072242e+04   3.399236e+02
  1.735470e+00   1.053202e+04   3.372945e+02
  1.738120e+00   1.024572e+04   3.311970e+02
  1.740760e+00   1.083882e+04   3.410527e+02
  1.743400e+00   1.069296e+04   3.386496e+02
  1.746050e+00   1.108079e+04   3.444297e+02
  1.748690e+00   1.019411e+04   3.298736e+02
  1.751330e+00   1.102098e+04   3.415818e+02
  1.753980e+00   1.050165e+04   3.358058e+02
  1.756620e+00   9.935290e+03   3.242259e+02
  1.759260e+00   1.036771e+04   3.316924e+02
  1.761910e+00   9.581156e+03   3.184884e+02
  1.764550e+00   1.087707e+04   3.397427e+02
  1.767190e+00   1.032220e+04   3.319396e+02
  1.769840e+00   1.103115e+04   3.394601e+02
  1.772480e+00   1.046543e+04   3.322778e+02
  1.775120e+00   1.017517e+04   3.253662e+02
  1.777770e+00   1.078870e+04   3.360004e+02
  1.780410e+00   9.995404e+03   3.246356e+02
  1.783060e+00   1.027068e+04   3.257663e+02
  1.785700e+00   1.016476e+04   3.267079e+02
  1.788340e+00   1.026715e+04   3.273049e+02
  1.790990e+00   1.000665e+04   3.214598e+02
  1.793630e+00   1.092060e+04   3.381460e+02
  1.796270e+00   1.065040e+04   3.304139e+02
  1.798920e+00   1.031926e+04   3.294687e+02
  1.801560e+00   1.069854e+04   3.323875e+02
  1.804200e+00   1.028992e+04   3.258849e+02
  1.806850e+00   1.034601e+04   3.273333e+02
  1.809490e+00   1.019121e+04   3.242255e+02
  1.812130e+00   1.046657e+04   3.336622e+02
  1.814780e+00   1.044266e+04   3.274543e+02
  1.817420e+00   1.041323e+04   3.296251e+02
  1.820060e+00   1.111712e+04   3.409775e+02
  1.822710e+00   1.082641e+04   3.361980e+02
  1.825350e+00   1.055683e+04   3.333366e+02
  1.827990e+00   1.017709e+04   3.249295e+02
  1.830640e+00   1.053750e+04   3.343973e+02
  1.833280e+00   9.768573e+03   3.186157e+02
  1.835920e+00   1.067691e+04   3.351295e+02
  1.838570e+00   1.042567e+04   3.306821e+02
  1.841210e+00   1.070848e+04   3.330180e+02
  1.843850e+00   1.029936e+04   3.313765e+02
  1.846500e+00   1.031637e+04   3.277102e+02
  1.849140e+00   1.026667e+04   3.286280e+02
  1.851780e+00   1.053222e+04   3.337263e+02
  1.854430e+00   1.040755e+04   3.301074e+02
  1.857070e+00   1.009429e+04   3.276744e+02
  1.859710e+00   1.130008e+04   3.417995e+02
  1.862360e+00   1.005049e+04   3.259095e+02
  1.865000e+00   1.051740e+04   3.324233e+02
  1.867640e+00   1.066398e+04   3.352193e+02
  1.870290e+00   1.058148e+04   3.341150e+02
  1.872930e+00   1.088654e+04   3.354869e+02
  1.875570e+00   1.063676e+04   3.363640e+02
  1.878220e+00   1.028172e+04   3.287732e+02
  1.880860e+00   1.044501e+04   3.307968e+02
  1.883500e+00   1.041790e+04   3.327875e+02
  1.886150e+00   1.102672e+04   3.372544e+02
  1.888790e+00   1.082607e+04   3.396439e+02
  1.891430e+00   1.122347e+04   3.415192e+02
  1.894080e+00   1.024213e+04   3.291946e+02
  1.896720e+00   1.036910e+04   3.312287e+02
  1.899360e+00   1.025190e+04   3.278197e+02
  1.902010e+00   1.070296e+04   3.371115e+02
  1.904650e+00   1.026035e+04   3.256024e+02
  1.907290e+00   1.075001e+04   3.372577e+02
  1.909940e+00   1.049839e+04   3.311614e+02
  1.912580e+00   1.044530e+04   3.333229e+02
  1.915220e+00   1.042607e+04   3.313623e+02
  1.917870e+00   1.044844e+04   3.294220e+02
  1.920510e+00   1.062802e+04   3.347513e+02
  1.923150e+00   1.048041e+04   3.324185e+02
  1.925800e+00   1.043453e+04   3.306309e+02
  1.928440e+00   1.057531e+04   3.339200e+02
  1.931080e+00   9.421991e+03   3.135442e+02
  1.933730e+00   1.032981e+04   3.309884e+02
  1.936370e+00   1.062311e+04   3.336051e+02
  1.939020e+00   1.027143e+04   3.279416e+02
  1.941660e+00   1.007955e+04   3.251466e+02
  1.944300e+00   1.142764e+04   3.466105e+02
  1.946950e+00   1.075001e+04   3.372577e+02
  1.949590e+00   1.057662e+04   3.318180e+02
  1.952230e+00   9.790242e+03   3.213805e+02
  1.954880e+00   1.066931e+04   3.342329e+02
  1.957520e+00   1.014764e+04   3.270031e+02
  1.960160e+00   1.023232e+04   3.276966e+02
  1.962810e+00   1.094317e+04   3.377135e+02
  1.965450e+00   1.024813e+04   3.293874e+02
  1.968090e+00   1.080768e+04   3.356164e+02
  1.970740e+00   1.057865e+04   3.331961e+02
  1.973380e+00   1.059061e+04   3.324206e+02
  1.976020e+00   1.031485e+04   3.281589e+02
  1.978670e+00   1.000805e+04   3.260799e+02
  1.981310e+00   9.652253e+03   3.175358e+02
  1.983950e+00   1.047705e+04   3.319780e+02
  1.986600e+00   1.068732e+04   3.331665e+02
  1.989240e+00   1.010424e+04   3.261130e+02
  1.991880e+00   1.059349e+04   3.333329e+02
  1.994530e+00   1.039286e+04   3.268583e+02
  1.997170e+00   1.055609e+04   3.349874e+02
  1.999810e+00   1.023110e+04   3.246743e+02
  2.002460e+00   1.022679e+04   3.268497e+02
  2.005100e+00   1.029265e+04   3.269568e+02
  2.007740e+00   1.024141e+04   3.248377e+02
  2.010390e+00   1.021544e+04   3.279982e+02
  2.013030e+00   1.045777e+04   3.282512e+02
  2.015670e+00   1.035625e+04   3.268403e+02
  2.018320e+00   1.017371e+04   3.222047e+02
  2.020960e+00   1.041096e+04   3.280773e+02
  2.023600e+00   1.049267e+04   3.298342e+02
  2.026250e+00   1.054532e+04   3.279438e+02
  2.028890e+00   1.025391e+04   3.267166e+02
  2.031530e+00   9.659450e+03   3.142219e+02
  2.034180e+00   1.044844e+04   3.294220e+02
  2.036820e+00   1.017249e+04   3.234664e+02
  2.039460e+00   9.607049e+03   3.130146e+02
  2.042110e+00   1.035345e+04   3.277328e+02
  2.044750e+00   1.067276e+04   3.309483e+02
  2.047390e+00   1.063051e+04   3.328540e+02
  2.050040e+00   9.947159e+03   3.182378e+02
  2.052680e+00   1.084926e+04   3.333897e+02
  2.055320e+00   1.019598e+04   3.256987e+02
  2.057970e+00   1.028737e+04   3.241826e+02
  2.060610e+00   1.050761e+04   3.288450e+02
  2.063250e+00   1.011492e+04   3.216358e+02
  2.065900e+00   1.000903e+04   3.210398e+02
  2.068540e+00   1.021723e+04   3.253830e+02
  2.071180e+00   9.608594e+03   3.120726e+02
  2.073830e+00   1.038458e+04   3.282250e+02
  2.076470e+00   1.020612e+04   3.222629e+02
  2.079110e+00   1.066604e+04   3.333138e+02
  2.081760e+00   1.065514e+04   3.299265e+02
  2.084400e+00   1.057396e+04   3.270992e+02
  2.087040e+00   1.060852e+04   3.318406e+02
  2.089690e+00   1.058040e+04   3.295132e+02
  2.092330e+00   9.853614e+03   3.193575e+02
  2.094980e+00   1.071680e+04   3.304130e+02
  2.097620e+00   1.047393e+04   3.268318e+02
  2.100260e+00   1.133860e+04   3.414064e+02
  2.102910e+00   1.049334e+04   3.275970e+02
  2.105550e+00   9.888572e+03   3.206589e+02
  2.108190e+00   1.077914e+04   3.390070e+02
  2.110840e+00   9.713069e+03   3.283617e+02
  2.113480e+00   9.670523e+03   3.295705e+02
  2.116120e+00   9.754127e+03   3.295614e+02
  2.118770e+00   9.976217e+03   3.382254e+02
  2.121410e+00   1.041736e+04   3.434503e+02
  2.124050e+00   1.070529e+04   3.566449e+02
  2.126700e+00   1.002831e+04   3.411702e+02
  2.129340e+00   9.585532e+03   3.365935e+02
  2.131980e+00   1.005195e+04   3.476538e+02
  2.134630e+00   1.055090e+04   3.554688e+02
  2.137270e+00   1.005781e+04   3.529601e+02
  2.139910e+00   1.017813e+04   3.489018e+02
  2.142560e+00   1.054710e+04   3.621889e+02
  2.145200e+00   9.825718e+03   3.495834e+02
  2.147840e+00   9.984453e+03   3.530037e+02
  2.150490e+00   1.026040e+04   3.589658e+02
  2.153130e+00   1.079138e+04   3.646068e+02
  2.155770e+00   1.048962e+04   3.665370e+02
  2.158420e+00   1.020165e+04   3.624998e+02
  2.161060e+00   1.007182e+04   3.545447e+02
  2.163700e+00   9.848557e+03   3.456166e+02
  2.166350e+00   1.044963e+04   3.508644e+02
  2.168990e+00   1.011021e+04   3.473911e+02
  2.171630e+00   9.977538e+03   3.416244e+02
  2.174280e+00   1.010819e+04   3.423064e+02
  2.176920e+00   9.733707e+03   3.378619e+02
  2.179560e+00   1.016400e+04   3.403158e+02
  2.182210e+00   1.034631e+04   3.433544e+02
  2.184850e+00   1.067111e+04   3.474992e+02
  2.187490e+00   9.682975e+03   3.315387e+02
  2.190140e+00   9.540474e+03   3.307564e+02
  2.192780e+00   9.838872e+03   3.335690e+02
  2.195420e+00   1.061610e+04   3.437091e+02
  2.198070e+00   1.038099e+04   3.404062e+02
  2.200710e+00   9.946266e+03   3.343401e+02
  2.203350e+00   9.964006e+03   3.368449e+02
  2.206000e+00   9.997909e+03   3.334489e+02
  2.208640e+00   1.041961e+04   3.416724e+02
  2.211280e+00   1.035730e+04   3.412847e+02
  2.213930e+00   1.091679e+04   3.490804e+02
  2.216570e+00   9.968743e+03   3.347176e+02
  2.219210e+00   1.003502e+04   3.328404e+02
  2.221860e+00   9.859415e+03   3.323608e+02
  2.224500e+00   1.062325e+04   3.452091e+02
  2.227140e+00   1.025640e+04   3.388809e+02
  2.229790e+00   1.053912e+04   3.432011e+02
  2.232430e+00   9.927267e+03   3.325759e+02
  2.235070e+00   9.908558e+03   3.340174e+02
  2.237720e+00   1.003366e+04   3.363290e+02
  2.240360e+00   1.027704e+04   3.397483e+02
  2.243010e+00   1.057838e+04   3.444793e+02
  2.245650e+00   9.467814e+03   3.258956e+02
  2.248290e+00   9.547609e+03   3.276731e+02
  2.250940e+00   1.050214e+04   3.454949e+02
  2.253580e+00   1.007939e+04   3.344963e+02
  2.256220e+00   9.538239e+03   3.281254e+02
  2.258870e+00   1.020021e+04   3.403853e+02
  2.261510e+00   1.045025e+04   3.424931e+02
  2.264150e+00   1.002105e+04   3.368539e+02
  2.266800e+00   1.023659e+04   3.397131e+02
  2.269440e+00   1.011029e+04   3.381387e+02
  2.272080e+00   1.002219e+04   3.380399e+02
  2.274730e+00   1.025640e+04   3.388809e+02
  2.277370e+00   1.049662e+04   3.447544e+02
  2.280010e+00   9.542302e+03   3.276840e+02
  2.282660e+00   1.029123e+04   3.411511e+02
  2.285300e+00   1.018022e+04   3.387764e+02
  2.287940e+00   9.685352e+03   3.293118e+02
  2.290590e+00   9.590316e+03   3.310945e+02
  2.293230e+00   1.032042e+04   3.387844e+02
  2.295870e+00   1.043394e+04   3.443714e+02
  2.298520e+00   1.024184e+04   3.389555e+02
  2.301160e+00   1.016825e+04   3.393189e+02
  2.303800e+00   9.798553e+03   3.364837e+02
  2.306450e+00   1.039660e+04   3.398233e+02
  2.309090e+00   9.589616e+03   3.308732e+02
  2.311730e+00   1.031391e+04   3.407811e+02
  2.314380e+00   1.031219e+04   3.420338e+02
  2.317020e+00   9.693192e+03   3.328656e+02
  2.319660e+00   1.074935e+04   3.463930e+02
  2.322310e+00   1.046810e+04   3.470143e+02
  2.324950e+00   9.767356e+03   3.315257e+02
  2.327590e+00   1.029914e+04   3.423550e+02
  2.330240e+00   1.039562e+04   3.453714e+02
  2.332880e+00   1.062522e+04   3.454557e+02
  2.335520e+00   1.099121e+04   3.566019e+02
  2.338170e+00   1.030581e+04   3.410726e+02
  2.340810e+00   9.995997e+03   3.360118e+02
  2.343450e+00   9.932102e+03   3.367298e+02
  2.346100e+00   1.015907e+04   3.386357e+02
  2.348740e+00   9.820915e+03   3.354761e+02
  2.351380e+00   1.011710e+04   3.366761e+02
  2.354030e+00   1.032031e+04   3.417396e+02
  2.356670e+00   1.021254e+04   3.415585e+02
  2.359310e+00   1.013650e+04   3.382592e+02
  2.361960e+00   1.035438e+04   3.430559e+02
  2.364600e+00   9.991221e+03   3.350948e+02
  2.367240e+00   1.044457e+04   3.458544e+02
  2.369890e+00   1.041563e+04   3.432068e+02
  2.372530e+00   1.024835e+04   3.423732e+02
  2.375170e+00   1.039360e+04   3.443554e+02
  2.377820e+00   1.011979e+04   3.371391e+02
  2.380460e+00   9.477686e+03   3.297709e+02
  2.383100e+00   1.001006e+04   3.347866e+02
  2.385750e+00   1.023882e+04   3.416738e+02
  2.388390e+00   1.019149e+04   3.389640e+02
  2.391030e+00   1.002858e+04   3.372976e+02
  2.393680e+00   1.005876e+04   3.371703e+02
  2.396320e+00   9.961833e+03   3.333600e+02
  2.398970e+00   1.041121e+04   3.439960e+02
  2.401610e+00   1.054747e+04   3.423855e+02
  2.404250e+00   1.002851e+04   3.382533e+02
  2.406900e+00   9.841000e+03   3.328768e+02
  2.409540e+00   1.007961e+04   3.354284e+02
  2.412180e+00   9.769812e+03   3.347082e+02
  2.414830e+00   9.621230e+03   3.275105e+02
  2.417470e+00   1.005639e+04   3.386163e+02
  2.420110e+00   1.041486e+04   3.417005e+02
  2.422760e+00   1.012249e+04   3.376040e+02
  2.425400e+00   1.043924e+04   3.451105e+02
  2.428040e+00   9.922685e+03   3.337360e+02
  2.430690e+00   1.021106e+04   3.413180e+02
  2.433330e+00   9.802445e+03   3.311939e+02
  2.435970e+00   1.014540e+04   3.406493e+02
  2.438620e+00   1.005768e+04   3.388519e+02
  2.441260e+00   9.856356e+03   3.328255e+02
  2.443900e+00   9.866689e+03   3.350903e+02
  2.446550e+00   9.704218e+03   3.301442e+02
  2.449190e+00   1.026810e+04   3.422701e+02
  2.451830e+00   1.008160e+04   3.385069e+02
  2.454480e+00   1.043650e+04   3.433356e+02
  2.457120e+00   1.011150e+04   3.410524e+02
  2.459760e+00   9.984702e+03   3.358219e+02
  2.462410e+00   9.926957e+03   3.367489e+02
  2.465050e+00   1.019235e+04   3.399338e+02
  2.467690e+00   9.979303e+03   3.367852e+02
  2.470340e+00   9.328894e+03   3.273800e+02
  2.472980e+00   1.033979e+04   3.431380e+02
  2.475620e+00   9.898657e+03   3.352108e+02
  2.478270e+00   1.045967e+04   3.444709e+02
  2.480910e+00   9.803239e+03   3.350678e+02
  2.483550e+00   1.006287e+04   3.397990e+02
  2.486200e+00   9.811742e+03   3.345776e+02
  2.488840e+00   1.015324e+04   3.411049e+02
  2.491480e+00   9.421886e+03   3.270384e+02
  2.494130e+00   9.851115e+03   3.363115e+02
  2.496770e+00   9.973836e+03   3.377567e+02
  2.499410e+00   9.680131e+03   3.322213e+02
  2.502060e+00   1.066043e+04   3.510826e+02
  2.504700e+00   1.002983e+04   3.375305e+02
  2.507340e+00   1.007942e+04   3.399704e+02
  2.509990e+00   1.035272e+04   3.428129e+02
  2.512630e+00   9.548484e+03   3.316326e+02
  2.515270e+00   9.501818e+03   3.306105e+02
  2.517920e+00   1.048813e+04   3.476782e+02
  2.520560e+00   1.023346e+04   3.424498e+02
  2.523200e+00   9.823151e+03   3.347721e+02
  2.525850e+00   1.007208e+04   3.414755e+02
  2.528490e+00   1.096973e+04   3.553445e+02
  2.531130e+00   1.079736e+04   3.514243e+02
  2.533780e+00   1.025949e+04   3.433206e+02
  2.536420e+00   9.881430e+03   3.371501e+02
  2.539060e+00   1.010720e+04   3.430607e+02
  2.541710e+00   1.056088e+04   3.466780e+02
  2.544350e+00   9.726574e+03   3.346043e+02
  2.546990e+00   1.050340e+04   3.483758e+02
  2.549640e+00   9.911122e+03   3.389532e+02
  2.552280e+00   1.045412e+04   3.478915e+02
  2.554930e+00   1.006390e+04   3.381034e+02
  2.557570e+00   1.054288e+04   3.489184e+02
  2.560210e+00   1.021503e+04   3.427939e+02
  2.562860e+00   9.636769e+03   3.353061e+02
  2.565500e+00   1.053033e+04   3.492691e+02
  2.568140e+00   1.013536e+04   3.406963e+02
  2.570790e+00   9.689692e+03   3.363341e+02
  2.573430e+00   1.021900e+04   3.417746e+02
  2.576070e+00   1.003607e+04   3.406463e+02
  2.578720e+00   1.022059e+04   3.445360e+02
  2.581360e+00   1.058429e+04   3.497146e+02
  2.584000e+00   9.661719e+03   3.361742e+02
  2.586650e+00   9.709737e+03   3.344211e+02
  2.589290e+00   1.052752e+04   3.482194e+02
  2.591930e+00   1.002838e+04   3.401895e+02
  2.594580e+00   9.905105e+03   3.399423e+02
  2.597220e+00   9.739115e+03   3.378461e+02
  2.599860e+00   9.796068e+03   3.346273e+02
  2.602510e+00   1.002825e+04   3.421594e+02
  2.605150e+00   9.742586e+03   3.359512e+02
  2.607790e+00   1.044435e+04   3.479518e+02
  2.610440e+00   9.990757e+03   3.410788e+02
  2.613080e+00   9.577624e+03   3.322441e+02
  2.615720e+00   9.814482e+03   3.402560e+02
  2.618370e+00   9.875270e+03   3.381228e+02
  2.621010e+00   9.267323e+03   3.274448e+02
  2.623650e+00   1.005677e+04   3.425351e+02
  2.626300e+00   9.668503e+03   3.349938e+02
  2.628940e+00   1.023403e+04   3.475659e+02
  2.631580e+00   9.752333e+03   3.356892e+02
  2.634230e+00   1.032512e+04   3.462933e+02
  2.636870e+00   1.017197e+04   3.442692e+02
  2.639510e+00   1.035331e+04   3.466543e+02
  2.642160e+00   9.424192e+03   3.329875e+02
  2.644800e+00   9.870990e+03   3.371866e+02
  2.647440e+00   1.073201e+04   3.561544e+02
  2.650090e+00   1.023683e+04   3.454764e+02
  2.652730e+00   1.031173e+04   3.474109e+02
  2.655370e+00   1.039132e+04   3.469560e+02
  2.658020e+00   1.064970e+04   3.522607e+02
  2.660660e+00   9.521984e+03   3.339506e+02
  2.663300e+00   1.043816e+04   3.485199e+02
  2.665950e+00   9.635949e+03   3.383639e+02
  2.668590e+00   9.560199e+03   3.434125e+02
  2.671230e+00   1.060657e+04   3.672753e+02
  2.673880e+00   1.042908e+04   3.684933e+02
  2.676520e+00   9.993893e+03   3.596881e+02
  2.679160e+00   1.023670e+04   3.705933e+02
  2.681810e+00   1.027115e+04   3.713543e+02
  2.684450e+00   9.617348e+03   3.627252e+02
  2.687090e+00   9.822262e+03   3.681048e+02
  2.689740e+00   1.033269e+04   3.775482e+02
  2.692380e+00   1.010193e+04   3.801910e+02
  2.695020e+00   9.712378e+03   3.719062e+02
  2.697670e+00   1.037218e+04   3.870863e+02
  2.700310e+00   1.002219e+04   3.812623e+02
  2.702950e+00   1.011267e+04   3.835956e+02
  2.705600e+00   9.589455e+03   3.787607e+02
  2.708240e+00   1.036474e+04   3.911920e+02
  2.710890e+00   1.060576e+04   3.991531e+02
  2.713530e+00   1.019477e+04   3.929795e+02
  2.716170e+00   1.018089e+04   3.968925e+02
  2.718820e+00   1.010772e+04   3.976831e+02
  2.721460e+00   9.239408e+03   3.731762e+02
  2.724100e+00   9.528272e+03   3.714507e+02
  2.726750e+00   9.889718e+03   3.751384e+02
  2.729390e+00   1.021946e+04   3.805925e+02
  2.732030e+00   9.654829e+03   3.643980e+02
  2.734680e+00   1.035609e+04   3.763986e+02
  2.737320e+00   9.846235e+03   3.661854e+02
  2.739960e+00   1.010412e+04   3.684593e+02
  2.742610e+00   1.000862e+04   3.664415e+02
  2.745250e+00   9.127731e+03   3.459858e+02
  2.747890e+00   1.010212e+04   3.669254e+02
  2.750540e+00   9.640984e+03   3.580572e+02
  2.753180e+00   1.055479e+04   3.685892e+02
  2.755820e+00   1.013079e+04   3.655635e+02
  2.758470e+00   1.043350e+04   3.665960e+02
  2.761110e+00   9.679477e+03   3.565481e+02
  2.763750e+00   9.746035e+03   3.563503e+02
  2.766400e+00   9.592282e+03   3.502606e+02
  2.769040e+00   1.026048e+04   3.636732e+02
  2.771680e+00   9.970681e+03   3.560957e+02
  2.774330e+00   9.469913e+03   3.502574e+02
  2.776970e+00   9.858537e+03   3.545869e+02
  2.779610e+00   9.474074e+03   3.468705e+02
  2.782260e+00   9.767872e+03   3.557249e+02
  2.784900e+00   9.835625e+03   3.519463e+02
  2.787540e+00   9.696469e+03   3.526572e+02
  2.790190e+00   9.613225e+03   3.473399e+02
  2.792830e+00   9.297748e+03   3.445975e+02
  2.795470e+00   1.045458e+04   3.655359e+02
  2.798120e+00   9.776374e+03   3.502749e+02
  2.800760e+00   9.688138e+03   3.502754e+02
  2.803400e+00   1.041450e+04   3.612751e+02
  2.806050e+00   1.026350e+04   3.604002e+02
  2.808690e+00   1.013970e+04   3.556147e+02
  2.811330e+00   1.011178e+04   3.546357e+02
  2.813980e+00   9.842484e+03   3.521918e+02
  2.816620e+00   9.536210e+03   3.432157e+02
  2.819260e+00   9.833217e+03   3.527647e+02
  2.821910e+00   9.927145e+03   3.505397e+02
  2.824550e+00   9.901203e+03   3.498418e+02
  2.827190e+00   9.326190e+03   3.430694e+02
  2.829840e+00   9.873046e+03   3.486294e+02
  2.832480e+00   9.549050e+03   3.456988e+02
  2.835120e+00   9.785850e+03   3.468503e+02
  2.837770e+00   9.191829e+03   3.385854e+02
  2.840410e+00   1.024822e+04   3.578833e+02
  2.843050e+00   9.814676e+03   3.483098e+02
  2.845700e+00   9.516100e+03   3.445059e+02
  2.848340e+00   9.921805e+03   3.481871e+02
  2.850980e+00   9.699232e+03   3.484067e+02
  2.853630e+00   9.481537e+03   3.425819e+02
  2.856270e+00   9.460354e+03   3.411491e+02
  2.858910e+00   9.937631e+03   3.540134e+02
  2.861560e+00   1.048935e+04   3.602057e+02
  2.864200e+00   9.754267e+03   3.506099e+02
  2.866850e+00   9.587127e+03   3.446022e+02
  2.869490e+00   9.964278e+03   3.511947e+02
  2.872130e+00   9.542442e+03   3.454596e+02
  2.874780e+00   9.641655e+03   3.470108e+02
  2.877420e+00   9.397367e+03   3.422319e+02
  2.880060e+00   1.029332e+04   3.562149e+02
  2.882710e+00   1.022796e+04   3.554460e+02
  2.885350e+00   1.005247e+04   3.551866e+02
  2.887990e+00   9.575481e+03   3.446291e+02
  2.890640e+00   9.568192e+03   3.461650e+02
  2.893280e+00   1.067939e+04   3.639526e+02
  2.895920e+00   9.420173e+03   3.417056e+02
  2.898570e+00   1.007854e+04   3.536873e+02
  2.901210e+00   9.665482e+03   3.454161e+02
  2.903850e+00   9.373838e+03   3.425126e+02
  2.906500e+00   9.782242e+03   3.473776e+02
  2.909140e+00   9.674578e+03   3.497851e+02
  2.911780e+00   9.750739e+03   3.451724e+02
  2.914430e+00   9.558669e+03   3.449188e+02
  2.917070e+00   9.627641e+03   3.445041e+02
  2.919710e+00   1.007447e+04   3.539808e+02
  2.922360e+00   1.018098e+04   3.559696e+02
  2.925000e+00   9.428263e+03   3.399919e+02
  2.927640e+00   1.034991e+04   3.590343e+02
  2.930290e+00   1.002617e+04   3.522836e+02
  2.932930e+00   1.009898e+04   3.533186e+02
  2.935570e+00   9.639154e+03   3.462486e+02
  2.938220e+00   9.605653e+03   3.430590e+02
  2.940860e+00   9.986749e+03   3.546398e+02
  2.943500e+00   9.539975e+03   3.424651e+02
  2.946150e+00   8.768152e+03   3.304622e+02
  2.948790e+00   1.041283e+04   3.577892e+02
  2.951430e+00   9.066896e+03   3.351221e+02
  2.954080e+00   1.028010e+04   3.594352e+02
  2.956720e+00   9.353408e+03   3.379524e+02
  2.959360e+00   9.383943e+03   3.415167e+02
  2.962010e+00   9.700698e+03   3.455731e+02
  2.964650e+00   1.049534e+04   3.610507e+02
  2.967290e+00   1.003992e+04   3.527669e+02
  2.969940e+00   9.840625e+03   3.477014e+02
  2.972580e+00   9.452017e+03   3.426354e+02
  2.975220e+00   9.990034e+03   3.529805e+02
  2.977870e+00   1.050689e+04   3.603835e+02
  2.980510e+00   8.912656e+03   3.314653e+02
  2.983150e+00   9.888607e+03   3.483113e+02
  2.985800e+00   1.020967e+04   3.561031e+02
  2.988440e+00   9.628450e+03   3.447538e+02
  2.991080e+00   9.799792e+03   3.488818e+02
  2.993730e+00   1.042750e+04   3.591422e+02
  2.996370e+00   9.250633e+03   3.368882e+02
  2.999010e+00   1.039256e+04   3.596495e+02
  3.001660e+00   1.013213e+04   3.542617e+02
  3.004300e+00   9.794578e+03   3.475966e+02
  3.006940e+00   9.222366e+03   3.385637e+02
  3.009590e+00   9.923005e+03   3.484438e+02
  3.012230e+00   9.948838e+03   3.515249e+02
  3.014870e+00   1.000979e+04   3.512747e+02
  3.017520e+00   9.631705e+03   3.457581e+02
  3.020160e+00   9.628450e+03   3.447538e+02
  3.022810e+00   9.652296e+03   3.449449e+02
  3.025450e+00   9.264766e+03   3.385272e+02
  3.028090e+00   9.528136e+03   3.402906e+02
  3.030740e+00   9.688388e+03   3.453537e+02
  3.033380e+00   9.555236e+03   3.416945e+02
  3.036020e+00   1.020384e+04   3.541804e+02
  3.038670e+00   9.653823e+03   3.436852e+02
  3.041310e+00   9.757337e+03   3.454060e+02
  3.043950e+00   1.012319e+04   3.526580e+02
  3.046600e+00   9.801889e+03   3.425057e+02
  3.049240e+00   9.714082e+03   3.445230e+02
  3.051880e+00   9.804166e+03   3.457663e+02
  3.054530e+00   9.519233e+03   3.412810e+02
  3.057170e+00   9.570312e+03   3.409283e+02
  3.059810e+00   9.510241e+03   3.379317e+02
  3.062460e+00   1.033371e+04   3.540270e+02
  3.065100e+00   9.776779e+03   3.445862e+02
  3.067740e+00   9.636707e+03   3.419939e+02
  3.070390e+00   9.789426e+03   3.435415e+02
  3.073030e+00   9.412427e+03   3.381043e+02
  3.075670e+00   9.461579e+03   3.392140e+02
  3.078320e+00   9.193604e+03   3.339267e+02
  3.080960e+00   9.470814e+03   3.382434e+02
  3.083600e+00   8.993677e+03   3.295028e+02
  3.086250e+00   1.008322e+04   3.504161e+02
  3.088890e+00   9.851842e+03   3.463723e+02
  3.091530e+00   9.914256e+03   3.453795e+02
  3.094180e+00   9.648021e+03   3.419651e+02
  3.096820e+00   9.575298e+03   3.406738e+02
  3.099460e+00   9.054184e+03   3.319425e+02
  3.102110e+00   9.912731e+03   3.474411e+02
  3.104750e+00   9.756141e+03   3.436454e+02
  3.107390e+00   9.673974e+03   3.428849e+02
  3.110040e+00   9.642368e+03   3.419795e+02
  3.112680e+00   9.848621e+03   3.443490e+02
  3.115320e+00   9.870574e+03   3.455392e+02
  3.117970e+00   9.563885e+03   3.406993e+02
  3.120610e+00   9.760997e+03   3.448879e+02
  3.123250e+00   9.765614e+03   3.446210e+02
  3.125900e+00   9.734708e+03   3.424658e+02
  3.128540e+00   1.008041e+04   3.498960e+02
  3.131180e+00   9.606748e+03   3.415766e+02
  3.133830e+00   1.022247e+04   3.527086e+02
  3.136470e+00   1.044988e+04   3.561309e+02
  3.139110e+00   9.314517e+03   3.358901e+02
  3.141760e+00   9.425619e+03   3.387969e+02
  3.144400e+00   9.332487e+03   3.361013e+02
  3.147040e+00   1.013285e+04   3.504518e+02
  3.149690e+00   9.845298e+03   3.448657e+02
  3.152330e+00   1.011684e+04   3.505277e+02
  3.154970e+00   9.704576e+03   3.450550e+02
  3.157620e+00   1.006137e+04   3.483967e+02
  3.160260e+00   9.645568e+03   3.412357e+02
  3.162900e+00   9.686128e+03   3.431002e+02
  3.165550e+00   9.438339e+03   3.392541e+02
  3.168190e+00   9.682224e+03   3.436093e+02
  3.170830e+00   9.661586e+03   3.409500e+02
  3.173480e+00   9.285406e+03   3.361543e+02
  3.176120e+00   9.988677e+03   3.481834e+02
  3.178770e+00   9.890434e+03   3.462344e+02
  3.181410e+00   1.010326e+04   3.500572e+02
  3.184050e+00   9.319623e+03   3.354206e+02
  3.186700e+00   9.035930e+03   3.312733e+02
  3.189340e+00   9.436179e+03   3.383034e+02
  3.191980e+00   9.904998e+03   3.433940e+02
  3.194630e+00   1.005875e+04   3.489342e+02
  3.197270e+00   9.812828e+03   3.424701e+02
  3.199910e+00   9.891331e+03   3.452098e+02
  3.202560e+00   9.714375e+03   3.415392e+02
  3.205200e+00   9.639121e+03   3.393131e+02
  3.207840e+00   1.030969e+04   3.511495e+02
  3.210490e+00   9.029949e+03   3.286335e+02
  3.213130e+00   9.440169e+03   3.350190e+02
  3.215770e+00   9.788430e+03   3.405830e+02
  3.218420e+00   9.742883e+03   3.402362e+02
  3.221060e+00   9.978913e+03   3.451279e+02
  3.223700e+00   9.278227e+03   3.311541e+02
  3.226350e+00   9.594296e+03   3.394218e+02
  3.228990e+00   9.743755e+03   3.525167e+02
  3.231630e+00   9.613809e+03   3.553366e+02
  3.234280e+00   9.582539e+03   3.596263e+02
  3.236920e+00   1.050249e+04   3.767749e+02
  3.239560e+00   9.537152e+03   3.643959e+02
  3.242210e+00   9.346540e+03   3.632636e+02
  3.244850e+00   9.165425e+03   3.631474e+02
  3.247490e+00   9.544382e+03   3.723618e+02
  3.250140e+00   9.380924e+03   3.711036e+02
  3.252780e+00   9.561274e+03   3.788315e+02
  3.255420e+00   9.627207e+03   3.820440e+02
  3.258070e+00   9.803490e+03   3.860120e+02
  3.260710e+00   9.735682e+03   3.848366e+02
  3.263350e+00   9.835986e+03   3.928114e+02
  3.266000e+00   9.328944e+03   3.843924e+02
  3.268640e+00   1.049127e+04   4.096154e+02
  3.271280e+00   9.355785e+03   3.868141e+02
  3.273930e+00   9.804429e+03   3.982777e+02
  3.276570e+00   9.755166e+03   4.016138e+02
  3.279210e+00   9.681952e+03   4.030650e+02
  3.281860e+00   1.006329e+04   4.035012e+02
  3.284500e+00   9.618642e+03   3.866059e+02
  3.287140e+00   9.820351e+03   3.848899e+02
  3.289790e+00   9.185284e+03   3.703864e+02
  3.292430e+00   9.844139e+03   3.786207e+02
  3.295070e+00   9.761125e+03   3.762637e+02
  3.297720e+00   9.165632e+03   3.634409e+02
  3.300360e+00   9.150672e+03   3.622786e+02
  3.303000e+00   8.901907e+03   3.543793e+02
  3.305650e+00   9.084848e+03   3.563371e+02
  3.308290e+00   1.035877e+04   3.807961e+02
  3.310930e+00   9.387249e+03   3.632036e+02
  3.313580e+00   9.930367e+03   3.739993e+02
  3.316220e+00   9.460904e+03   3.630762e+02
  3.318860e+00   9.021964e+03   3.549644e+02
  3.321510e+00   9.221458e+03   3.559904e+02
  3.324150e+00   9.478732e+03   3.621637e+02
  3.326800e+00   9.444795e+03   3.587781e+02
  3.329440e+00   9.938833e+03   3.701415e+02
  3.332080e+00   9.235505e+03   3.565327e+02
  3.334730e+00   9.652951e+03   3.638093e+02
  3.337370e+00   9.171604e+03   3.527540e+02
  3.340010e+00   9.257300e+03   3.524194e+02
  3.342660e+00   9.739325e+03   3.629632e+02
  3.345300e+00   8.900661e+03   3.469839e+02
  3.347940e+00   9.666031e+03   3.599818e+02
  3.350590e+00   9.848897e+03   3.622975e+02
  3.353230e+00   9.857378e+03   3.628551e+02
  3.355870e+00   9.649892e+03   3.588834e+02
  3.358520e+00   9.341557e+03   3.523235e+02
  3.361160e+00   9.683240e+03   3.576586e+02
  3.363800e+00   1.034587e+04   3.718747e+02
  3.366450e+00   9.441516e+03   3.543338e+02
  3.369090e+00   9.726912e+03   3.595170e+02
  3.371730e+00   9.035930e+03   3.434945e+02
  3.374380e+00   9.285832e+03   3.494769e+02
  3.377020e+00   9.547147e+03   3.560485e+02
  3.379660e+00   8.662764e+03   3.397816e+02
  3.382310e+00   9.555841e+03   3.546505e+02
  3.384950e+00   9.682753e+03   3.557048e+02
  3.387590e+00   9.239058e+03   3.479630e+02
  3.390240e+00   1.023808e+04   3.677626e+02
  3.392880e+00   9.423090e+03   3.516666e+02
  3.395520e+00   8.845354e+03   3.409633e+02
  3.398170e+00   9.187961e+03   3.485192e+02
  3.400810e+00   9.267281e+03   3.500204e+02
  3.403450e+00   9.590767e+03   3.559468e+02
  3.406100e+00   9.374451e+03   3.493652e+02
  3.408740e+00   9.808175e+03   3.598270e+02
  3.411380e+00   8.910888e+03   3.424732e+02
  3.414030e+00   9.404206e+03   3.516974e+02
  3.416670e+00   9.687464e+03   3.570847e+02
  3.419310e+00   9.494274e+03   3.526085e+02
  3.421960e+00   9.240841e+03   3.495207e+02
  3.424600e+00   9.794974e+03   3.595848e+02
  3.427240e+00   9.741045e+03   3.566450e+02
  3.429890e+00   9.767161e+03   3.571228e+02
  3.432530e+00   9.525240e+03   3.525449e+02
  3.435170e+00   9.575192e+03   3.548802e+02
  3.437820e+00   9.437815e+03   3.497887e+02
  3.440460e+00   9.710059e+03   3.547978e+02
  3.443100e+00   9.803008e+03   3.570045e+02
  3.445750e+00   9.314058e+03   3.471144e+02
  3.448390e+00   9.490323e+03   3.510123e+02
  3.451030e+00   9.684564e+03   3.526910e+02
  3.453680e+00   9.138757e+03   3.427302e+02
  3.456320e+00   9.068410e+03   3.432444e+02
  3.458960e+00   9.547156e+03   3.493122e+02
  3.461610e+00   9.481363e+03   3.473703e+02
  3.464250e+00   1.033412e+04   3.644564e+02
  3.466890e+00   1.001865e+04   3.575810e+02
  3.469540e+00   1.010690e+04   3.600435e+02
  3.472180e+00   9.369196e+03   3.432608e+02
  3.474820e+00   9.353202e+03   3.445296e+02
  3.477470e+00   1.032860e+04   3.626861e+02
  3.480110e+00   9.559937e+03   3.495459e+02
  3.482760e+00   9.684076e+03   3.508171e+02
  3.485400e+00   9.701999e+03   3.491826e+02
  3.488040e+00   9.598699e+03   3.484107e+02
  3.490690e+00   9.196028e+03   3.431927e+02
  3.493330e+00   9.414002e+03   3.444403e+02
  3.495970e+00   9.004489e+03   3.365136e+02
  3.498620e+00   1.039925e+04   3.631574e+02
  3.501260e+00   9.802116e+03   3.523298e+02
  3.503900e+00   9.219048e+03   3.412123e+02
  3.506550e+00   9.350990e+03   3.432856e+02
  3.509190e+00   9.938252e+03   3.553912e+02
  3.511830e+00   8.890086e+03   3.357739e+02
  3.514480e+00   9.168532e+03   3.402761e+02
  3.517120e+00   8.721308e+03   3.312951e+02
  3.519760e+00   1.029092e+04   3.593745e+02
  3.522410e+00   9.465610e+03   3.458659e+02
  3.525050e+00   9.686823e+03   3.516094e+02
  3.527690e+00   9.908754e+03   3.527610e+02
  3.530340e+00   1.008486e+04   3.570000e+02
  3.532980e+00   9.295183e+03   3.428580e+02
  3.535620e+00   9.743639e+03   3.509086e+02
  3.538270e+00   9.814780e+03   3.525573e+02
  3.540910e+00   9.135636e+03   3.374324e+02
  3.543550e+00   9.980739e+03   3.557749e+02
  3.546200e+00   8.852811e+03   3.343661e+02
  3.548840e+00   9.596346e+03   3.476389e+02
  3.551480e+00   9.261828e+03   3.409326e+02
  3.554130e+00   9.469805e+03   3.450989e+02
  3.556770e+00   9.378584e+03   3.449968e+02
  3.559410e+00   9.351871e+03   3.437816e+02
  3.562060e+00   8.717014e+03   3.301805e+02
  3.564700e+00   9.527424e+03   3.465090e+02
  3.567340e+00   9.235895e+03   3.397479e+02
  3.569990e+00   9.398384e+03   3.457252e+02
  3.572630e+00   9.579961e+03   3.461381e+02
  3.575270e+00   9.709689e+03   3.496859e+02
  3.577920e+00   9.446941e+03   3.456455e+02
  3.580560e+00   9.699871e+03   3.502420e+02
  3.583200e+00   9.373371e+03   3.422671e+02
  3.585850e+00   9.729080e+03   3.485805e+02
  3.588490e+00   9.645093e+03   3.498643e+02
  3.591130e+00   9.861964e+03   3.526631e+02
  3.593780e+00   9.331057e+03   3.423233e+02
  3.596420e+00   9.637489e+03   3.475368e+02
  3.599060e+00   9.294099e+03   3.421205e+02
  3.601710e+00   9.042183e+03   3.362824e+02
  3.604350e+00   9.696175e+03   3.491992e+02
  3.606990e+00   1.003573e+04   3.552610e+02
  3.609640e+00   9.641690e+03   3.488241e+02
  3.612280e+00   9.916870e+03   3.532739e+02
  3.614920e+00   9.713624e+03   3.491490e+02
  3.617570e+00   8.722617e+03   3.306300e+02
  3.620210e+00   1.001755e+04   3.550626e+02
  3.622850e+00   9.229512e+03   3.395131e+02
  3.625500e+00   9.493683e+03   3.450538e+02
  3.628140e+00   9.330648e+03   3.420781e+02
  3.630780e+00   9.777404e+03   3.505369e+02
  3.633430e+00   9.655000e+03   3.474911e+02
  3.636070e+00   9.198852e+03   3.395358e+02
  3.638720e+00   9.414530e+03   3.446904e+02
  3.641360e+00   9.659314e+03   3.487776e+02
  3.644000e+00   8.436897e+03   3.261893e+02
  3.646650e+00   9.060856e+03   3.360486e+02
  3.649290e+00   9.349242e+03   3.423001e+02
  3.651930e+00   1.000093e+04   3.540291e+02
  3.654580e+00   9.492416e+03   3.445529e+02
  3.657220e+00   1.000204e+04   3.554068e+02
  3.659860e+00   9.992379e+03   3.546163e+02
  3.662510e+00   9.560113e+03   3.454209e+02
  3.665150e+00   9.761533e+03   3.479611e+02
  3.667790e+00   9.391872e+03   3.424863e+02
  3.670440e+00   9.004663e+03   3.355840e+02
  3.673080e+00   8.954750e+03   3.344213e+02
  3.675720e+00   9.585620e+03   3.441037e+02
  3.678370e+00   8.756468e+03   3.297877e+02
  3.681010e+00   9.214554e+03   3.369175e+02
  3.683650e+00   8.738450e+03   3.291091e+02
  3.686300e+00   9.219836e+03   3.362128e+02
  3.688940e+00   9.555805e+03   3.439209e+02
  3.691580e+00   8.646290e+03   3.270327e+02
  3.694230e+00   9.988365e+03   3.492350e+02
  3.696870e+00   8.877831e+03   3.285833e+02
  3.699510e+00   8.938244e+03   3.303670e+02
  3.702160e+00   9.422395e+03   3.400014e+02
  3.704800e+00   9.766912e+03   3.463967e+02
  3.707440e+00   9.692978e+03   3.418450e+02
  3.710090e+00   8.908149e+03   3.292547e+02
  3.712730e+00   9.339965e+03   3.370270e+02
  3.715370e+00   9.591142e+03   3.421047e+02
  3.718020e+00   9.718807e+03   3.442578e+02
  3.720660e+00   9.084315e+03   3.314914e+02
  3.723300e+00   9.378756e+03   3.388682e+02
  3.725950e+00   9.414462e+03   3.390536e+02
  3.728590e+00   9.892473e+03   3.454601e+02
  3.731230e+00   9.575298e+03   3.406738e+02
  3.733880e+00   9.593105e+03   3.408761e+02
  3.736520e+00   9.176448e+03   3.348533e+02
  3.739160e+00   9.078696e+03   3.330651e+02
  3.741810e+00   9.689129e+03   3.423486e+02
  3.744450e+00   9.285743e+03   3.363870e+02
  3.747090e+00   9.431442e+03   3.387874e+02
  3.749740e+00   9.188255e+03   3.346165e+02
  3.752380e+00   9.580992e+03   3.406609e+02
  3.755020e+00   9.205960e+03   3.343755e+02
  3.757670e+00   9.366961e+03   3.388848e+02
  3.760310e+00   9.492290e+03   3.398785e+02
  3.762950e+00   9.114189e+03   3.312608e+02
  3.765600e+00   9.814260e+03   3.454783e+02
  3.768240e+00   9.538607e+03   3.419756e+02
  3.770880e+00   9.656343e+03   3.444304e+02
  3.773530e+00   9.496205e+03   3.391502e+02
  3.776170e+00   9.649555e+03   3.407376e+02
  3.778810e+00   9.760997e+03   3.448879e+02
  3.781460e+00   9.327803e+03   3.368075e+02
  3.784100e+00   9.498686e+03   3.401075e+02
  3.786740e+00   9.394891e+03   3.410129e+02
  3.789390e+00   9.519879e+03   3.552787e+02
  3.792030e+00   8.967579e+03   3.501251e+02
  3.794680e+00   9.202490e+03   3.573951e+02
  3.797320e+00   8.817261e+03   3.526905e+02
  3.799960e+00   9.371133e+03   3.695614e+02
  3.802610e+00   9.251958e+03   3.712683e+02
  3.805250e+00   9.670969e+03   3.846905e+02
  3.807890e+00   9.134393e+03   3.719812e+02
  3.810540e+00   9.437526e+03   3.818015e+02
  3.813180e+00   1.009065e+04   3.985566e+02
  3.815820e+00   8.988372e+03   3.774761e+02
  3.818470e+00   9.326890e+03   3.882835e+02
  3.821110e+00   8.987436e+03   3.811522e+02
  3.823750e+00   9.310249e+03   3.934298e+02
  3.826400e+00   9.490250e+03   3.996116e+02
  3.829040e+00   9.886770e+03   4.101724e+02
  3.831680e+00   8.443832e+03   3.806773e+02
  3.834330e+00   8.931064e+03   3.950870e+02
  3.836970e+00   9.504984e+03   4.101703e+02
  3.839610e+00   9.483253e+03   4.119262e+02
  3.842260e+00   8.992695e+03   3.943558e+02
  3.844900e+00   8.275440e+03   3.678882e+02
  3.847540e+00   9.148477e+03   3.835241e+02
  3.850190e+00   9.372332e+03   3.829431e+02
  3.852830e+00   9.237417e+03   3.783793e+02
  3.855470e+00   9.822659e+03   3.873679e+02
  3.858120e+00   8.839496e+03   3.654682e+02
  3.860760e+00   9.132930e+03   3.691768e+02
  3.863400e+00   9.417936e+03   3.719861e+02
  3.866050e+00   9.639306e+03   3.766389e+02
  3.868690e+00   9.035930e+03   3.664553e+02
  3.871330e+00   8.702910e+03   3.589020e+02
  3.873980e+00   9.778011e+03   3.771950e+02
  3.876620e+00   8.716844e+03   3.555675e+02
  3.879260e+00   9.028707e+03   3.611483e+02
  3.881910e+00   9.441388e+03   3.697533e+02
  3.884550e+00   8.863817e+03   3.565550e+02
  3.887190e+00   9.275946e+03   3.618891e+02
  3.889840e+00   9.064167e+03   3.577341e+02
  3.892480e+00   9.358641e+03   3.623680e+02
  3.895120e+00   9.280901e+03   3.604403e+02
  3.897770e+00   8.820292e+03   3.502985e+02
  3.900410e+00   9.284245e+03   3.578814e+02
  3.903050e+00   8.931428e+03   3.527702e+02
  3.905700e+00   9.077127e+03   3.530593e+02
  3.908340e+00   8.632357e+03   3.436487e+02
  3.910980e+00   9.198739e+03   3.532754e+02
  3.913630e+00   9.063228e+03   3.517215e+02
  3.916270e+00   9.645550e+03   3.614823e+02
  3.918910e+00   8.719234e+03   3.427885e+02
  3.921560e+00   9.297938e+03   3.534546e+02
  3.924200e+00   8.520165e+03   3.378465e+02
  3.926840e+00   8.995829e+03   3.467637e+02
  3.929490e+00   8.502049e+03   3.368634e+02
  3.932130e+00   9.288776e+03   3.515854e+02
  3.934770e+00   9.222237e+03   3.503238e+02
  3.937420e+00   9.216247e+03   3.508565e+02
  3.940060e+00   8.502049e+03   3.368634e+02
  3.942700e+00   9.637444e+03   3.569424e+02
  3.945350e+00   9.357684e+03   3.541936e+02
  3.947990e+00   8.982620e+03   3.459976e+02
  3.950640e+00   8.881412e+03   3.454469e+02
  3.953280e+00   9.347057e+03   3.517811e+02
  3.955920e+00   9.062545e+03   3.472775e+02
  3.958570e+00   8.644792e+03   3.385562e+02
  3.961210e+00   9.062545e+03   3.472775e+02
  3.963850e+00   8.626406e+03   3.375774e+02
  3.966500e+00   8.784932e+03   3.406650e+02
  3.969140e+00   8.570160e+03   3.377116e+02
  3.971780e+00   8.890827e+03   3.424619e+02
  3.974430e+00   8.551394e+03   3.346419e+02
  3.977070e+00   8.698817e+03   3.391152e+02
  3.979710e+00   8.632126e+03   3.380601e+02
  3.982360e+00   9.873082e+03   3.622082e+02
  3.985000e+00   9.352055e+03   3.509764e+02
  3.987640e+00   8.983471e+03   3.432408e+02
  3.990290e+00   8.740638e+03   3.386928e+02
  3.992930e+00   9.042511e+03   3.449933e+02
  3.995570e+00   8.792781e+03   3.399486e+02
  3.998220e+00   9.205190e+03   3.461968e+02
  4.000860e+00   9.062235e+03   3.452437e+02
  4.003500e+00   9.233797e+03   3.490047e+02
  4.006150e+00   9.147647e+03   3.467406e+02
  4.008790e+00   8.762114e+03   3.380059e+02
  4.011430e+00   9.178944e+03   3.454541e+02
  4.014080e+00   8.865193e+03   3.412214e+02
  4.016720e+00   9.147647e+03   3.467406e+02
  4.019360e+00   9.290004e+03   3.479134e+02
  4.022010e+00   9.512192e+03   3.523034e+02
  4.024650e+00   9.846679e+03   3.588329e+02
  4.027290e+00   9.016272e+03   3.437421e+02
  4.029940e+00   9.476707e+03   3.505087e+02
  4.032580e+00   9.263289e+03   3.469129e+02
  4.035220e+00   9.068550e+03   3.439897e+02
  4.037870e+00   9.153449e+03   3.457210e+02
  4.040510e+00   8.515127e+03   3.329678e+02
  4.043150e+00   9.249072e+03   3.456540e+02
  4.045800e+00   9.420854e+03   3.506079e+02
  4.048440e+00   9.304973e+03   3.494556e+02
  4.051080e+00   8.783312e+03   3.373211e+02
  4.053730e+00   9.688273e+03   3.537657e+02
  4.056370e+00   9.354233e+03   3.486117e+02
  4.059010e+00   9.373964e+03   3.491047e+02
  4.061660e+00   8.722545e+03   3.374854e+02
  4.064300e+00   9.509456e+03   3.512398e+02
  4.066940e+00   9.035930e+03   3.429992e+02
  4.069590e+00   8.671892e+03   3.357770e+02
  4.072230e+00   8.720348e+03   3.351502e+02
  4.074870e+00   8.939047e+03   3.398116e+02
  4.077520e+00   8.732797e+03   3.356287e+02
  4.080160e+00   9.393209e+03   3.493372e+02
  4.082800e+00   8.977297e+03   3.420078e+02
  4.085450e+00   9.100657e+03   3.432378e+02
  4.088090e+00   8.945956e+03   3.390956e+02
  4.090730e+00   8.809546e+03   3.375825e+02
  4.093380e+00   8.730178e+03   3.370248e+02
  4.096020e+00   9.074766e+03   3.427492e+02
  4.098660e+00   9.068132e+03   3.417681e+02
  4.101310e+00   9.003635e+03   3.410370e+02
  4.103950e+00   8.669347e+03   3.339308e+02
  4.106600e+00   9.035930e+03   3.425060e+02
  4.109240e+00   9.099923e+03   3.412738e+02
  4.111880e+00   8.777020e+03   3.370794e+02
  4.114530e+00   8.984073e+03   3.412767e+02
  4.117170e+00   8.750721e+03   3.368154e+02
  4.119810e+00   8.466788e+03   3.290710e+02
  4.122460e+00   9.068040e+03   3.412802e+02
  4.125100e+00   8.661584e+03   3.343767e+02
  4.127740e+00   9.218211e+03   3.464416e+02
  4.130390e+00   8.952323e+03   3.393369e+02
  4.133030e+00   8.498381e+03   3.298012e+02
  4.135670e+00   9.223236e+03   3.451709e+02
  4.138320e+00   8.516476e+03   3.305034e+02
  4.140960e+00   8.868359e+03   3.381030e+02
  4.143600e+00   9.330719e+03   3.458194e+02
  4.146250e+00   8.508190e+03   3.309302e+02
  4.148890e+00   8.815857e+03   3.378244e+02
  4.151530e+00   9.597047e+03   3.518448e+02
  4.154180e+00   9.871291e+03   3.548162e+02
  4.156820e+00   9.112940e+03   3.420026e+02
  4.159460e+00   8.566447e+03   3.319431e+02
  4.162110e+00   9.035930e+03   3.420150e+02
  4.164750e+00   9.035930e+03   3.403128e+02
  4.167390e+00   8.895541e+03   3.369426e+02
  4.170040e+00   8.825792e+03   3.352641e+02
  4.172680e+00   9.497994e+03   3.491532e+02
  4.175320e+00   8.851782e+03   3.352852e+02
  4.177970e+00   9.607021e+03   3.491731e+02
  4.180610e+00   9.118478e+03   3.402986e+02
  4.183250e+00   8.922349e+03   3.355595e+02
  4.185900e+00   8.891304e+03   3.343919e+02
  4.188540e+00   8.671982e+03   3.298978e+02
  4.191180e+00   9.161954e+03   3.397981e+02
  4.193830e+00   9.274709e+03   3.414068e+02
  4.196470e+00   9.174944e+03   3.405141e+02
  4.199110e+00   8.979728e+03   3.348874e+02
  4.201760e+00   8.582581e+03   3.264968e+02
  4.204400e+00   9.110402e+03   3.362711e+02
  4.207040e+00   8.755697e+03   3.302274e+02
  4.209690e+00   9.239469e+03   3.376029e+02
  4.212330e+00   8.880459e+03   3.323428e+02
  4.214970e+00   8.646290e+03   3.270327e+02
  4.217620e+00   8.619842e+03   3.272047e+02
  4.220260e+00   8.286009e+03   3.191651e+02
  4.222900e+00   9.315391e+03   3.401500e+02
  4.225550e+00   8.725630e+03   3.290934e+02
  4.228190e+00   9.234249e+03   3.383167e+02
  4.230830e+00   9.209221e+03   3.376264e+02
  4.233480e+00   8.967897e+03   3.330593e+02
  4.236120e+00   8.795054e+03   3.296086e+02
  4.238760e+00   9.011275e+03   3.332940e+02
  4.241410e+00   8.998488e+03   3.351212e+02
  4.244050e+00   9.048359e+03   3.353545e+02
  4.246690e+00   8.788370e+03   3.298216e+02
  4.249340e+00   9.165455e+03   3.362479e+02
  4.251980e+00   8.974293e+03   3.326094e+02
  4.254620e+00   8.906227e+03   3.316852e+02
  4.257270e+00   9.278130e+03   3.394690e+02
  4.259910e+00   9.172649e+03   3.376499e+02
  4.262560e+00   8.708137e+03   3.282003e+02
  4.265200e+00   8.851020e+03   3.303171e+02
  4.267840e+00   8.697620e+03   3.271077e+02
  4.270490e+00   9.220588e+03   3.369129e+02
  4.273130e+00   9.147637e+03   3.369576e+02
  4.275770e+00   8.681457e+03   3.285980e+02
  4.278420e+00   9.266026e+03   3.394809e+02
  4.281060e+00   9.147027e+03   3.360244e+02
  4.283700e+00   9.252100e+03   3.380644e+02
  4.286350e+00   9.035930e+03   3.351241e+02
  4.288990e+00   9.116003e+03   3.351109e+02
  4.291630e+00   8.529819e+03   3.244896e+02
  4.294280e+00   9.097990e+03   3.360419e+02
  4.296920e+00   8.603884e+03   3.258953e+02
  4.299560e+00   8.530509e+03   3.242813e+02
  4.302210e+00   9.091516e+03   3.351177e+02
  4.304850e+00   9.079401e+03   3.358138e+02
  4.307490e+00   8.744448e+03   3.293350e+02
  4.310140e+00   9.641621e+03   3.452254e+02
  4.312780e+00   9.110197e+03   3.358063e+02
  4.315420e+00   9.202235e+03   3.366922e+02
  4.318070e+00   9.233706e+03   3.378437e+02
  4.320710e+00   9.184873e+03   3.376427e+02
  4.323350e+00   8.554507e+03   3.249589e+02
  4.326000e+00   8.998591e+03   3.346612e+02
  4.328640e+00   8.576686e+03   3.262725e+02
  4.331280e+00   9.091669e+03   3.355796e+02
  4.333930e+00   8.980795e+03   3.317132e+02
  4.336570e+00   8.931076e+03   3.319208e+02
  4.339210e+00   8.880673e+03   3.321183e+02
  4.341860e+00   8.793396e+03   3.307097e+02
  4.344500e+00   8.955857e+03   3.321543e+02
  4.347140e+00   9.251979e+03   3.429011e+02
  4.349790e+00   9.271767e+03   3.534828e+02
  4.352430e+00   9.105759e+03   3.566090e+02
  4.355070e+00   8.928953e+03   3.568727e+02
  4.357720e+00   9.770558e+03   3.788860e+02
  4.360360e+00   9.051091e+03   3.704365e+02
  4.363000e+00   9.410833e+03   3.794814e+02
  4.365650e+00   9.035930e+03   3.745513e+02
  4.368290e+00   8.949273e+03   3.755031e+02
  4.370930e+00   8.932068e+03   3.777862e+02
  4.373580e+00   8.436773e+03   3.696217e+02
  4.376220e+00   9.260373e+03   3.923746e+02
  4.378860e+00   8.879712e+03   3.821220e+02
  4.381510e+00   8.691303e+03   3.822431e+02
  4.384150e+00   8.778740e+03   3.879692e+02
  4.386790e+00   8.433534e+03   3.837391e+02
  4.389440e+00   8.594096e+03   3.858863e+02
  4.392080e+00   9.160440e+03   4.036572e+02
  4.394720e+00   8.839496e+03   3.973058e+02
  4.397370e+00   9.081154e+03   4.053118e+02
  4.400010e+00   8.432333e+03   3.897847e+02
  4.402650e+00   8.581816e+03   3.988308e+02
  4.405300e+00   9.625840e+03   4.245776e+02
  4.407940e+00   9.349479e+03   4.215071e+02
  4.410590e+00   8.825792e+03   4.106130e+02
  4.413230e+00   8.746316e+03   4.109378e+02
  4.415870e+00   8.859523e+03   4.167169e+02
  4.418520e+00   9.576883e+03   4.380364e+02
  4.421160e+00   8.353215e+03   4.095501e+02
  4.423800e+00   9.561509e+03   4.396387e+02
  4.426450e+00   8.367744e+03   4.147737e+02
  4.429090e+00   9.183026e+03   4.392837e+02
  4.431730e+00   9.247049e+03   4.418411e+02
  4.434380e+00   8.805314e+03   4.296553e+02
  4.437020e+00   8.466483e+03   4.265353e+02
  4.439660e+00   8.676236e+03   4.349004e+02
  4.442310e+00   8.937594e+03   4.419356e+02
  4.444950e+00   8.607738e+03   4.347564e+02
  4.447590e+00   8.403969e+03   4.316829e+02
  4.450240e+00   9.081451e+03   4.546412e+02
  4.452880e+00   8.733958e+03   4.504195e+02
  4.455520e+00   9.371451e+03   4.656711e+02
  4.458170e+00   9.141682e+03   4.635017e+02
  4.460810e+00   9.035930e+03   4.629247e+02
  4.463450e+00   9.143929e+03   4.684577e+02
  4.466100e+00   1.024316e+04   4.998150e+02
  4.468740e+00   8.829186e+03   4.634121e+02
  4.471380e+00   9.048532e+03   4.775633e+02
  4.474030e+00   8.370394e+03   4.628838e+02
  4.476670e+00   9.329885e+03   4.883485e+02
  4.479310e+00   8.564379e+03   4.672252e+02
  4.481960e+00   8.176605e+03   4.614325e+02
  4.484600e+00   8.417399e+03   4.757795e+02
  4.487240e+00   8.438961e+03   4.785296e+02
  4.489890e+00   9.265542e+03   5.002922e+02
  4.492530e+00   9.282364e+03   5.041488e+02
  4.495170e+00   9.258352e+03   5.073546e+02
  4.497820e+00   9.579229e+03   5.233692e+02
  4.500460e+00   1.031059e+04   5.404218e+02
  4.503100e+00   8.542004e+03   4.981798e+02
  4.505750e+00   8.800466e+03   5.089441e+02
  4.508390e+00   8.841125e+03   5.147502e+02
  4.511030e+00   8.991123e+03   5.182397e+02
  4.513680e+00   9.276087e+03   5.276982e+02
  4.516320e+00   8.740434e+03   5.214106e+02
  4.518960e+00   9.721194e+03   5.566340e+02
  4.521610e+00   9.277532e+03   5.466838e+02
  4.524250e+00   8.532184e+03   5.182933e+02
  4.526890e+00   9.685996e+03   5.610947e+02
  4.529540e+00   9.581059e+03   5.626191e+02
  4.532180e+00   8.730203e+03   5.445751e+02
  4.534820e+00   8.364113e+03   5.300541e+02
  4.537470e+00   8.514626e+03   5.439795e+02
  4.540110e+00   8.930861e+03   5.592722e+02
  4.542750e+00   8.387935e+03   5.495119e+02
  4.545400e+00   7.899884e+03   5.254925e+02
  4.548040e+00   9.689129e+03   5.929651e+02
  4.550680e+00   9.613484e+03   5.985094e+02
  4.553330e+00   8.767915e+03   5.794001e+02
  4.555970e+00   8.556315e+03   5.729733e+02
  4.558610e+00   9.701735e+03   6.075462e+02
  4.561260e+00   8.105190e+03   5.606477e+02
  4.563900e+00   8.854808e+03   5.969911e+02
  4.566550e+00   9.015252e+03   6.105899e+02
  4.569190e+00   9.217861e+03   6.104678e+02
  4.571830e+00   9.624316e+03   6.359927e+02
  4.574480e+00   9.737543e+03   6.434749e+02
  4.577120e+00   8.603588e+03   6.098922e+02
  4.579760e+00   9.661328e+03   6.455246e+02
  4.582410e+00   9.861434e+03   6.633519e+02
  4.585050e+00   8.601290e+03   6.273135e+02
  4.587690e+00   1.037372e+04   6.978117e+02
  4.590340e+00   8.176471e+03   6.163247e+02
  4.592980e+00   9.414398e+03   6.673690e+02
  4.595620e+00   8.790388e+03   6.570244e+02
  4.598270e+00   9.543566e+03   6.960361e+02
  4.600910e+00   8.882778e+03   6.734017e+02
  4.603550e+00   8.622859e+03   6.672568e+02
  4.606200e+00   8.484958e+03   6.837374e+02
  4.608840e+00   8.784154e+03   7.010518e+02
  4.611480e+00   9.121986e+03   7.234205e+02
  4.614130e+00   8.694951e+03   7.029451e+02
  4.616770e+00   9.399793e+03   7.550095e+02
  4.619410e+00   9.629987e+03   7.760065e+02
  4.622060e+00   8.710896e+03   7.525068e+02
  4.624700e+00   9.770298e+03   7.898818e+02
  4.627340e+00   8.766200e+03   7.688466e+02
  4.629990e+00   7.814858e+03   7.384347e+02
  4.632630e+00   9.550169e+03   8.376053e+02
  4.635270e+00   1.048168e+04   8.704560e+02
  4.637920e+00   1.085830e+04   9.080168e+02
  4.640560e+00   8.873120e+03   8.498908e+02
  4.643200e+00   9.035930e+03   8.694827e+02
  4.645850e+00   8.747110e+03   8.495944e+02
  4.648490e+00   9.705258e+03   9.011106e+02
  4.651130e+00   9.078754e+03   8.818065e+02
  4.653780e+00   9.258489e+03   9.078696e+02
  4.656420e+00   9.979982e+03   9.472580e+02
  4.659060e+00   9.254189e+03   8.988463e+02
  4.661710e+00   1.026191e+04   9.653593e+02
  4.664350e+00   1.071270e+04   9.989644e+02
  4.666990e+00   9.768573e+03   9.768573e+02
  4.669640e+00   1.044354e+04   9.738648e+02
  4.672280e+00   8.465239e+03   8.973136e+02
  4.674920e+00   8.984879e+03   9.577913e+02
  4.677570e+00   8.830568e+03   9.522246e+02
  4.680210e+00   1.106037e+04   1.045107e+03
  4.682850e+00   8.678576e+03   9.413238e+02
  4.685500e+00   9.035930e+03   9.800842e+02
  4.688140e+00   8.093532e+03   9.472763e+02
  4.690780e+00   1.009898e+04   1.036133e+03
  4.693430e+00   9.362529e+03   1.009588e+03
  4.696070e+00   8.019387e+03   9.517262e+02
  4.698710e+00   9.857378e+03   1.075528e+03
  4.701360e+00   8.031937e+03   9.740155e+02
  4.704000e+00   8.471184e+03   9.781681e+02
  4.706640e+00   9.835025e+03   1.099589e+03
  4.709290e+00   8.715507e+03   1.056910e+03
  4.711930e+00   8.119241e+03   1.031145e+03
  4.714570e+00   1.030945e+04   1.118217e+03
  4.717220e+00   9.297841e+03   1.103451e+03
  4.719860e+00   8.829000e+03   1.103625e+03
  4.722510e+00   1.075706e+04   1.242118e+03
  4.725150e+00   6.416820e+03   9.166885e+02
  4.727790e+00   8.031937e+03   1.073313e+03
  4.730440e+00   8.513190e+03   1.127600e+03
  4.733080e+00   8.256970e+03   1.134182e+03
  4.735720e+00   8.674492e+03   1.119872e+03
  4.738370e+00   8.270173e+03   1.125428e+03
  4.741010e+00   8.621437e+03   1.195578e+03
  4.743650e+00   8.183483e+03   1.181184e+03
  4.746300e+00   5.471297e+03   9.524305e+02
  4.748940e+00   8.777760e+03   1.229132e+03
  4.751580e+00   9.773556e+03   1.342501e+03
  4.754230e+00   7.989664e+03   1.232832e+03
  4.756870e+00   1.100026e+04   1.469972e+03
  4.759510e+00   1.024693e+04   1.381696e+03
  4.762160e+00   8.929625e+03   1.377871e+03
  4.764800e+00   6.916391e+03   1.242220e+03
  4.767440e+00   9.267620e+03   1.465339e+03
  4.770090e+00   9.035930e+03   1.377966e+03
  4.772730e+00   9.638325e+03   1.523953e+03
  4.775370e+00   1.079292e+04   1.645904e+03
  4.778020e+00   7.595419e+03   1.410434e+03
  4.780660e+00   1.022487e+04   1.559278e+03
  4.783300e+00   1.047644e+04   1.656471e+03
  4.785950e+00   7.906438e+03   1.494176e+03
  4.788590e+00   8.882778e+03   1.649491e+03
  4.791230e+00   8.243304e+03   1.616645e+03
  4.793880e+00   1.007854e+04   1.871537e+03
  4.796520e+00   1.003992e+04   2.007984e+03
  4.799160e+00   9.035930e+03   2.072984e+03
  4.801810e+00   9.567455e+03   2.255071e+03
  4.804450e+00   1.049334e+04   2.473303e+03
  4.807090e+00   9.428796e+03   2.721859e+03
  4.809740e+00   1.807186e+04   4.666134e+03
  4.812380e+00   5.560572e+03   2.780286e+03
creator: radaver
creator-version: 6572
working-directory: /dataInt/p12/vives/2015-10-17/NEW
header-file: images/header/img_0009_00001.txt
image-file: images/pilatus2m/img_0009_00001.tiff
angular-axis-file: etc/radial-averaging/saxs-2/saxis-saxs2-20150921.dat
beamstop-mask-file: etc/radial-averaging/saxs-2/mask-saxs2-20151008.msk
detector-response-file: none
beam-center-x: 656.1000
beam-center-y: 1645.9000
unit-time: 100.0000
channel-first: 8
channel-last: 1819
angular-unit: nanometer
Run Number: 9
Frame Number: 1
Sample: ADR
Buffer: NAPI
Code: ADR_NAPI
Concentration [mg/ml]: 3
Plate Row: 2
Plate Column: 1
Well Row: 1
Well Column: 2
Load Volume: 20
Load Viscosity: low
Exposure time [s]: 0.035
Exposure period [s]: 0.04
Detector Position: saxs-2
Detector Distance [m]: 3
Timestamp (begin): 2015-10-17 03:33:01.724
Timestamp (end): 2015-10-17 03:33:01.759
PETRA Current: 94.1409
Transmitted Beam: 0.158099
Wavelength [nm]: 0.123987
Flytube Vacuum [mbar]: 0.000285457
Crystal Temperature 1 [C]: -181.4
Crystal Temperature 2 [C]: -156.3
Cell Target Temperature [C]: 20
Cell Temperature [C]: 20
Storage Temperature [C]: 20.1
