
Sample:   c= .0000 mg/ml  Code: NAPI
  2.520060e-02   4.718115e+07   2.769999e+05
  2.784400e-02   7.341404e+06   6.039905e+04
  3.048740e-02   3.109177e+06   3.683177e+04
  3.313080e-02   1.429589e+06   2.332644e+04
  3.577420e-02   6.502945e+05   1.467743e+04
  3.841750e-02   4.394593e+05   1.217904e+04
  4.106090e-02   3.029754e+05   9.275241e+03
  4.370430e-02   2.289220e+05   7.999181e+03
  4.634770e-02   1.733289e+05   6.473086e+03
  4.899110e-02   1.494377e+05   5.709722e+03
  5.163450e-02   1.270944e+05   5.141688e+03
  5.427790e-02   1.067913e+05   4.392807e+03
  5.692130e-02   9.074888e+04   4.112224e+03
  5.956470e-02   7.707272e+04   3.589634e+03
  6.220810e-02   7.423892e+04   3.326725e+03
  6.485140e-02   6.622030e+04   3.223554e+03
  6.749480e-02   5.912895e+04   2.841556e+03
  7.013820e-02   4.909046e+04   2.609128e+03
  7.278160e-02   4.855557e+04   2.490848e+03
  7.542500e-02   4.631509e+04   2.382191e+03
  7.806840e-02   4.046012e+04   2.204003e+03
  8.071180e-02   4.046817e+04   2.101003e+03
  8.335520e-02   3.233335e+04   1.895414e+03
  8.599860e-02   3.380169e+04   1.874981e+03
  8.864200e-02   3.102950e+04   1.851065e+03
  9.128530e-02   2.788890e+04   1.760332e+03
  9.392870e-02   2.765645e+04   1.742193e+03
  9.657210e-02   2.772779e+04   1.760716e+03
  9.921550e-02   2.607899e+04   1.676421e+03
  1.018590e-01   2.329973e+04   1.604020e+03
  1.045020e-01   2.319316e+04   1.553129e+03
  1.071460e-01   1.988824e+04   1.446657e+03
  1.097890e-01   2.205931e+04   1.555944e+03
  1.124320e-01   2.045857e+04   1.421969e+03
  1.150760e-01   1.788890e+04   1.344612e+03
  1.177190e-01   1.798612e+04   1.322366e+03
  1.203630e-01   1.950597e+04   1.404071e+03
  1.230060e-01   1.587891e+04   1.263258e+03
  1.256490e-01   1.788890e+04   1.301226e+03
  1.282930e-01   1.498546e+04   1.184705e+03
  1.309360e-01   1.541197e+04   1.189059e+03
  1.335800e-01   1.610937e+04   1.228328e+03
  1.362230e-01   1.464434e+04   1.133213e+03
  1.388660e-01   1.499776e+04   1.164052e+03
  1.415100e-01   1.242529e+04   1.046398e+03
  1.441530e-01   1.394158e+04   1.082077e+03
  1.467970e-01   1.493636e+04   1.138887e+03
  1.494400e-01   1.470320e+04   1.095912e+03
  1.520830e-01   1.312410e+04   1.047417e+03
  1.547270e-01   1.296535e+04   1.031468e+03
  1.573700e-01   1.395815e+04   1.058165e+03
  1.600130e-01   1.459357e+04   1.070053e+03
  1.626570e-01   1.286478e+04   9.895985e+02
  1.653000e-01   1.333821e+04   1.022994e+03
  1.679440e-01   1.272432e+04   9.759107e+02
  1.705870e-01   1.411487e+04   1.032181e+03
  1.732300e-01   1.280933e+04   9.710730e+02
  1.758740e-01   1.321588e+04   9.823285e+02
  1.785170e-01   1.423810e+04   1.019612e+03
  1.811610e-01   1.252919e+04   9.338705e+02
  1.838040e-01   1.209492e+04   9.359331e+02
  1.864470e-01   1.111068e+04   8.811343e+02
  1.890910e-01   1.067892e+04   8.522708e+02
  1.917340e-01   1.199447e+04   9.066967e+02
  1.943780e-01   1.144363e+04   8.675395e+02
  1.970210e-01   1.089783e+04   8.642544e+02
  1.996640e-01   1.378108e+04   9.555456e+02
  2.023080e-01   1.203554e+04   8.896930e+02
  2.049510e-01   1.201021e+04   8.713124e+02
  2.075950e-01   1.306075e+04   8.991392e+02
  2.102380e-01   1.184013e+04   8.728661e+02
  2.128810e-01   1.120315e+04   8.214546e+02
  2.155250e-01   1.202981e+04   8.659250e+02
  2.181680e-01   1.100382e+04   8.224643e+02
  2.208110e-01   1.257058e+04   8.716126e+02
  2.234550e-01   1.081940e+04   8.155430e+02
  2.260980e-01   1.027169e+04   7.698956e+02
  2.287420e-01   1.028904e+04   7.755654e+02
  2.313850e-01   1.163925e+04   8.169152e+02
  2.340280e-01   1.082449e+04   7.852911e+02
  2.366720e-01   1.090646e+04   7.933279e+02
  2.393150e-01   1.168593e+04   8.044929e+02
  2.419590e-01   1.004487e+04   7.528948e+02
  2.446020e-01   1.064687e+04   7.585578e+02
  2.472450e-01   1.020655e+04   7.483804e+02
  2.498890e-01   1.236358e+04   8.224131e+02
  2.525320e-01   1.136471e+04   7.732706e+02
  2.551760e-01   1.163327e+04   7.989762e+02
  2.578190e-01   1.158713e+04   7.673761e+02
  2.604620e-01   1.135556e+04   7.673376e+02
  2.631060e-01   1.143630e+04   7.745642e+02
  2.657490e-01   1.109112e+04   7.529140e+02
  2.683920e-01   1.036216e+04   7.308901e+02
  2.710360e-01   1.032052e+04   7.121833e+02
  2.736790e-01   1.130618e+04   7.537456e+02
  2.763230e-01   1.017308e+04   7.070780e+02
  2.789660e-01   1.052861e+04   7.163815e+02
  2.816090e-01   1.104615e+04   7.347789e+02
  2.842530e-01   9.948905e+03   6.898324e+02
  2.868960e-01   1.174720e+04   7.567039e+02
  2.895400e-01   1.146007e+04   7.306676e+02
  2.921830e-01   1.020885e+04   6.914303e+02
  2.948260e-01   1.122164e+04   7.258678e+02
  2.974700e-01   1.041982e+04   6.931162e+02
  3.001130e-01   1.030251e+04   6.945948e+02
  3.027570e-01   1.173262e+04   7.234642e+02
  3.054000e-01   1.165282e+04   7.283011e+02
  3.080430e-01   1.013999e+04   6.700696e+02
  3.106870e-01   1.120315e+04   7.114005e+02
  3.133300e-01   1.013410e+04   6.682230e+02
  3.159740e-01   1.109027e+04   6.864702e+02
  3.186170e-01   1.172031e+04   7.186184e+02
  3.212600e-01   1.064815e+04   6.734483e+02
  3.239040e-01   1.150924e+04   7.043541e+02
  3.265470e-01   9.976499e+03   6.549893e+02
  3.291900e-01   1.123737e+04   6.813654e+02
  3.318340e-01   1.091308e+04   6.834037e+02
  3.344770e-01   8.985477e+03   6.071823e+02
  3.371210e-01   1.108198e+04   6.782064e+02
  3.397640e-01   1.081465e+04   6.630888e+02
  3.424070e-01   1.104549e+04   6.648605e+02
  3.450510e-01   9.543499e+03   6.279161e+02
  3.476940e-01   9.782381e+03   6.174584e+02
  3.503380e-01   1.124100e+04   6.729808e+02
  3.529810e-01   1.105136e+04   6.628167e+02
  3.556240e-01   1.012653e+04   6.316758e+02
  3.582680e-01   1.068636e+04   6.467682e+02
  3.609110e-01   1.009117e+04   6.210687e+02
  3.635550e-01   1.074886e+04   6.458364e+02
  3.661980e-01   1.054503e+04   6.301863e+02
  3.688410e-01   1.070276e+04   6.396121e+02
  3.714850e-01   1.005078e+04   6.139494e+02
  3.741280e-01   1.037630e+04   6.212130e+02
  3.767710e-01   9.946680e+03   6.133386e+02
  3.794150e-01   1.082845e+04   6.293910e+02
  3.820580e-01   1.104574e+04   6.409390e+02
  3.847020e-01   1.054617e+04   6.161138e+02
  3.873450e-01   1.115770e+04   6.388878e+02
  3.899880e-01   1.035673e+04   6.124062e+02
  3.926320e-01   1.044401e+04   6.070458e+02
  3.952750e-01   9.665774e+03   5.904311e+02
  3.979190e-01   9.868533e+03   5.866234e+02
  4.005620e-01   1.083312e+04   6.213218e+02
  4.032050e-01   1.138697e+04   6.258845e+02
  4.058490e-01   1.022223e+04   5.941548e+02
  4.084920e-01   1.163132e+04   6.412553e+02
  4.111360e-01   1.115063e+04   6.175763e+02
  4.137790e-01   1.051881e+04   6.032951e+02
  4.164220e-01   1.063847e+04   6.003637e+02
  4.190660e-01   1.160088e+04   6.245705e+02
  4.217090e-01   1.002862e+04   5.829019e+02
  4.243530e-01   1.022699e+04   5.836849e+02
  4.269960e-01   1.112512e+04   6.412412e+02
  4.296390e-01   1.038591e+04   6.195714e+02
  4.322830e-01   1.053951e+04   6.523791e+02
  4.349260e-01   1.208136e+04   7.156382e+02
  4.375690e-01   9.597923e+03   6.260995e+02
  4.402130e-01   1.126177e+04   6.984256e+02
  4.428560e-01   1.012417e+04   6.590274e+02
  4.455000e-01   1.121461e+04   7.135687e+02
  4.481430e-01   1.086920e+04   7.016040e+02
  4.507860e-01   1.064276e+04   6.942572e+02
  4.534300e-01   1.066637e+04   7.142732e+02
  4.560730e-01   1.083477e+04   7.067824e+02
  4.587170e-01   9.820450e+03   6.728862e+02
  4.613600e-01   1.033780e+04   6.816546e+02
  4.640030e-01   9.584914e+03   6.506664e+02
  4.666470e-01   1.057698e+04   6.974255e+02
  4.692900e-01   1.052543e+04   6.752065e+02
  4.719340e-01   1.100855e+04   7.105989e+02
  4.745770e-01   9.805765e+03   6.581199e+02
  4.772200e-01   1.127879e+04   7.220503e+02
  4.798640e-01   1.040567e+04   6.787910e+02
  4.825070e-01   1.063664e+04   6.546400e+02
  4.851500e-01   1.035673e+04   6.511220e+02
  4.877940e-01   9.670706e+03   6.079921e+02
  4.904370e-01   1.021663e+04   6.323938e+02
  4.930810e-01   9.666670e+03   5.983519e+02
  4.957240e-01   1.032052e+04   6.113346e+02
  4.983670e-01   9.148152e+03   5.820829e+02
  5.010110e-01   1.007371e+04   6.009470e+02
  5.036540e-01   1.003786e+04   5.998767e+02
  5.062980e-01   1.106423e+04   6.175451e+02
  5.089410e-01   1.010359e+04   5.912681e+02
  5.115840e-01   9.849334e+03   5.854821e+02
  5.142280e-01   9.265704e+03   5.597616e+02
  5.168710e-01   1.114616e+04   6.192310e+02
  5.195150e-01   1.100102e+04   5.992636e+02
  5.221580e-01   9.476460e+03   5.613370e+02
  5.248010e-01   9.538544e+03   5.610908e+02
  5.274450e-01   1.071403e+04   5.871254e+02
  5.300880e-01   1.017593e+04   5.742609e+02
  5.327320e-01   9.780525e+03   5.554965e+02
  5.353750e-01   9.837269e+03   5.651364e+02
  5.380180e-01   1.122682e+04   5.884455e+02
  5.406620e-01   1.040922e+04   5.695671e+02
  5.433050e-01   1.016343e+04   5.672671e+02
  5.459480e-01   1.113778e+04   5.886501e+02
  5.485920e-01   1.032889e+04   5.668716e+02
  5.512350e-01   1.033315e+04   5.555137e+02
  5.538790e-01   1.026510e+04   5.550733e+02
  5.565220e-01   1.020487e+04   5.567213e+02
  5.591650e-01   1.075711e+04   5.653811e+02
  5.618090e-01   9.752140e+03   5.401211e+02
  5.644520e-01   1.035980e+04   5.498411e+02
  5.670960e-01   1.081034e+04   5.658392e+02
  5.697390e-01   9.886732e+03   5.353965e+02
  5.723820e-01   1.039647e+04   5.494704e+02
  5.750260e-01   9.634695e+03   5.263996e+02
  5.776690e-01   9.992513e+03   5.356549e+02
  5.803130e-01   1.035063e+04   5.478132e+02
  5.829560e-01   1.134620e+04   5.596667e+02
  5.855990e-01   9.442152e+03   5.182054e+02
  5.882430e-01   1.021823e+04   5.348464e+02
  5.908860e-01   1.064347e+04   5.467184e+02
  5.935290e-01   1.001778e+04   5.250744e+02
  5.961730e-01   1.048092e+04   5.362504e+02
  5.988160e-01   1.089721e+04   5.455426e+02
  6.014600e-01   1.114658e+04   5.504902e+02
  6.041030e-01   1.084094e+04   5.400257e+02
  6.067460e-01   1.058292e+04   5.331598e+02
  6.093900e-01   1.082331e+04   5.351783e+02
  6.120330e-01   9.920449e+03   5.150440e+02
  6.146770e-01   1.091040e+04   5.330081e+02
  6.173200e-01   1.069725e+04   5.251074e+02
  6.199630e-01   1.005453e+04   5.065399e+02
  6.226070e-01   9.333337e+03   4.919100e+02
  6.252500e-01   1.024056e+04   5.126692e+02
  6.278940e-01   1.062232e+04   5.177002e+02
  6.305370e-01   1.014293e+04   5.058833e+02
  6.331800e-01   1.048917e+04   5.112109e+02
  6.358240e-01   1.026908e+04   5.090196e+02
  6.384670e-01   1.064402e+04   5.138980e+02
  6.411110e-01   1.165263e+04   5.380684e+02
  6.437540e-01   1.095695e+04   5.217595e+02
  6.463970e-01   9.651568e+03   4.893539e+02
  6.490410e-01   1.027503e+04   5.031702e+02
  6.516840e-01   9.473487e+03   4.828136e+02
  6.543270e-01   9.987353e+03   4.950547e+02
  6.569710e-01   9.716810e+03   4.920298e+02
  6.596140e-01   1.065567e+04   5.085671e+02
  6.622580e-01   9.766503e+03   4.895505e+02
  6.649010e-01   1.033155e+04   4.970772e+02
  6.675440e-01   9.731172e+03   4.853467e+02
  6.701880e-01   9.522700e+03   4.840660e+02
  6.728310e-01   1.032052e+04   4.948309e+02
  6.754750e-01   1.052572e+04   5.040906e+02
  6.781180e-01   1.009360e+04   4.890366e+02
  6.807610e-01   1.073809e+04   5.050772e+02
  6.834050e-01   1.019196e+04   4.897945e+02
  6.860480e-01   1.027512e+04   4.876357e+02
  6.886920e-01   1.079051e+04   5.069822e+02
  6.913350e-01   1.068301e+04   4.943508e+02
  6.939780e-01   9.768279e+03   4.795059e+02
  6.966220e-01   1.112012e+04   5.059832e+02
  6.992650e-01   9.741027e+03   4.708503e+02
  7.019080e-01   1.026258e+04   4.914883e+02
  7.045520e-01   1.071098e+04   4.893970e+02
  7.071950e-01   1.050149e+04   4.885734e+02
  7.098390e-01   1.037602e+04   4.875078e+02
  7.124820e-01   9.502082e+03   4.603774e+02
  7.151250e-01   1.077451e+04   4.964634e+02
  7.177690e-01   1.069826e+04   4.842875e+02
  7.204120e-01   1.012959e+04   4.759295e+02
  7.230560e-01   1.051249e+04   4.818390e+02
  7.256990e-01   9.789943e+03   4.667172e+02
  7.283420e-01   1.069373e+04   4.850775e+02
  7.309860e-01   1.005977e+04   4.690392e+02
  7.336290e-01   9.849935e+03   4.664079e+02
  7.362730e-01   1.097186e+04   4.877585e+02
  7.389160e-01   1.064660e+04   4.804745e+02
  7.415590e-01   1.033144e+04   4.750400e+02
  7.442030e-01   1.001863e+04   4.616342e+02
  7.468460e-01   9.826909e+03   4.627311e+02
  7.494900e-01   9.858863e+03   4.552400e+02
  7.521330e-01   9.637403e+03   4.533053e+02
  7.547760e-01   1.118056e+04   4.856525e+02
  7.574200e-01   9.530794e+03   4.507911e+02
  7.600630e-01   1.068660e+04   4.764918e+02
  7.627060e-01   1.079502e+04   4.711334e+02
  7.653500e-01   1.035451e+04   4.668175e+02
  7.679930e-01   1.047155e+04   4.664399e+02
  7.706370e-01   9.910280e+03   4.561576e+02
  7.732800e-01   1.048306e+04   4.637431e+02
  7.759230e-01   1.024284e+04   4.594540e+02
  7.785670e-01   1.099422e+04   4.771084e+02
  7.812100e-01   1.090041e+04   4.712658e+02
  7.838540e-01   9.908643e+03   4.508589e+02
  7.864970e-01   1.007004e+04   4.498963e+02
  7.891400e-01   9.396188e+03   4.343389e+02
  7.917840e-01   9.863398e+03   4.488001e+02
  7.944270e-01   9.683163e+03   4.396898e+02
  7.970710e-01   1.064480e+04   4.628173e+02
  7.997140e-01   1.055544e+04   4.567784e+02
  8.023570e-01   1.012693e+04   4.524381e+02
  8.050010e-01   1.068584e+04   4.598455e+02
  8.076440e-01   1.001464e+04   4.434557e+02
  8.102870e-01   1.016010e+04   4.481429e+02
  8.129310e-01   1.051022e+04   4.535493e+02
  8.155740e-01   1.067469e+04   4.568344e+02
  8.182180e-01   1.005646e+04   4.410050e+02
  8.208610e-01   1.056720e+04   4.518208e+02
  8.235040e-01   9.477432e+03   4.285843e+02
  8.261480e-01   9.662332e+03   4.329794e+02
  8.287910e-01   1.024965e+04   4.435456e+02
  8.314350e-01   1.013578e+04   4.377990e+02
  8.340780e-01   1.085631e+04   4.567285e+02
  8.367210e-01   9.785379e+03   4.324567e+02
  8.393650e-01   1.066526e+04   4.490885e+02
  8.420080e-01   1.002920e+04   4.368788e+02
  8.446520e-01   1.019851e+04   4.336850e+02
  8.472950e-01   1.061497e+04   4.501750e+02
  8.499380e-01   9.720194e+03   4.262587e+02
  8.525820e-01   9.995651e+03   4.293500e+02
  8.552250e-01   9.963199e+03   4.315541e+02
  8.578690e-01   1.079696e+04   4.494833e+02
  8.605120e-01   1.069768e+04   4.603548e+02
  8.631550e-01   1.042053e+04   4.513631e+02
  8.657990e-01   1.007123e+04   4.481638e+02
  8.684420e-01   1.035461e+04   4.567222e+02
  8.710850e-01   1.065806e+04   4.595015e+02
  8.737290e-01   1.103523e+04   4.744414e+02
  8.763720e-01   1.035983e+04   4.512814e+02
  8.790160e-01   1.076572e+04   4.667530e+02
  8.816590e-01   1.005735e+04   4.552749e+02
  8.843020e-01   1.036198e+04   4.548406e+02
  8.869460e-01   1.053951e+04   4.613017e+02
  8.895890e-01   1.103023e+04   4.552664e+02
  8.922330e-01   9.623652e+03   4.290974e+02
  8.948760e-01   9.932064e+03   4.302054e+02
  8.975190e-01   1.032685e+04   4.348390e+02
  9.001630e-01   1.064371e+04   4.458158e+02
  9.028060e-01   9.835257e+03   4.228507e+02
  9.054500e-01   9.913660e+03   4.278060e+02
  9.080930e-01   1.106381e+04   4.457738e+02
  9.107360e-01   9.679362e+03   4.165334e+02
  9.133800e-01   1.018850e+04   4.301587e+02
  9.160230e-01   1.059023e+04   4.352556e+02
  9.186660e-01   9.829064e+03   4.191127e+02
  9.213100e-01   9.881819e+03   4.160996e+02
  9.239530e-01   9.755958e+03   4.171346e+02
  9.265970e-01   1.087259e+04   4.405797e+02
  9.292400e-01   1.020984e+04   4.206893e+02
  9.318830e-01   1.087503e+04   4.388806e+02
  9.345270e-01   9.963217e+03   4.147741e+02
  9.371700e-01   1.039847e+04   4.280983e+02
  9.398140e-01   1.076089e+04   4.304354e+02
  9.424570e-01   9.403573e+03   3.998806e+02
  9.451000e-01   1.015549e+04   4.191621e+02
  9.477440e-01   1.006889e+04   4.141789e+02
  9.503870e-01   1.041632e+04   4.259550e+02
  9.530310e-01   9.941970e+03   4.065574e+02
  9.556740e-01   9.635106e+03   4.053519e+02
  9.583170e-01   1.084430e+04   4.269940e+02
  9.609610e-01   9.402924e+03   3.959345e+02
  9.636040e-01   1.029711e+04   4.172598e+02
  9.662480e-01   1.050748e+04   4.146970e+02
  9.688910e-01   1.039355e+04   4.160749e+02
  9.715340e-01   9.631209e+03   3.992265e+02
  9.741780e-01   1.035162e+04   4.091838e+02
  9.768210e-01   9.375800e+03   3.906583e+02
  9.794640e-01   1.070153e+04   4.125139e+02
  9.821080e-01   1.023381e+04   4.074016e+02
  9.847510e-01   1.014032e+04   4.075738e+02
  9.873950e-01   1.017179e+04   4.135420e+02
  9.900380e-01   9.668730e+03   4.107850e+02
  9.926810e-01   1.038598e+04   4.247143e+02
  9.953250e-01   9.007374e+03   4.024198e+02
  9.979680e-01   8.917695e+03   3.988114e+02
  1.000610e+00   9.684489e+03   4.206673e+02
  1.003250e+00   1.077379e+04   4.450610e+02
  1.005900e+00   1.057408e+04   4.425114e+02
  1.008540e+00   1.042742e+04   4.410327e+02
  1.011190e+00   1.042742e+04   4.410327e+02
  1.013830e+00   1.059514e+04   4.509591e+02
  1.016470e+00   1.048266e+04   4.461719e+02
  1.019120e+00   1.051836e+04   4.493222e+02
  1.021760e+00   9.693017e+03   4.313336e+02
  1.024400e+00   9.444567e+03   4.262274e+02
  1.027050e+00   9.306136e+03   4.265460e+02
  1.029690e+00   1.050587e+04   4.500221e+02
  1.032330e+00   9.813224e+03   4.401833e+02
  1.034980e+00   1.065847e+04   4.582435e+02
  1.037620e+00   9.789747e+03   4.386891e+02
  1.040260e+00   1.080418e+04   4.611114e+02
  1.042910e+00   9.835257e+03   4.228507e+02
  1.045550e+00   1.011354e+04   4.332163e+02
  1.048190e+00   1.049530e+04   4.350442e+02
  1.050840e+00   1.090049e+04   4.402666e+02
  1.053480e+00   1.038085e+04   4.277353e+02
  1.056120e+00   1.041217e+04   4.240162e+02
  1.058770e+00   1.075775e+04   4.330906e+02
  1.061410e+00   9.898179e+03   4.124241e+02
  1.064050e+00   1.066519e+04   4.262667e+02
  1.066700e+00   1.019094e+04   4.143208e+02
  1.069340e+00   1.071662e+04   4.232810e+02
  1.071980e+00   1.028992e+04   4.173115e+02
  1.074630e+00   1.007272e+04   4.058416e+02
  1.077270e+00   9.144324e+03   3.902702e+02
  1.079910e+00   1.000926e+04   4.049314e+02
  1.082560e+00   1.017180e+04   4.039739e+02
  1.085200e+00   1.082108e+04   4.193082e+02
  1.087840e+00   1.029679e+04   4.035631e+02
  1.090490e+00   1.053707e+04   4.117176e+02
  1.093130e+00   1.062550e+04   4.104987e+02
  1.095770e+00   1.020412e+04   4.020986e+02
  1.098420e+00   1.076486e+04   4.119059e+02
  1.101060e+00   1.055507e+04   4.062650e+02
  1.103700e+00   1.076178e+04   4.123924e+02
  1.106350e+00   1.056504e+04   4.057481e+02
  1.108990e+00   9.975907e+03   3.918907e+02
  1.111630e+00   1.040195e+04   3.994844e+02
  1.114280e+00   1.028344e+04   3.966922e+02
  1.116920e+00   9.499082e+03   3.852386e+02
  1.119560e+00   9.817811e+03   3.844952e+02
  1.122210e+00   9.479586e+03   3.807093e+02
  1.124850e+00   1.022874e+04   3.942889e+02
  1.127490e+00   9.965364e+03   3.896766e+02
  1.130140e+00   9.417618e+03   3.791390e+02
  1.132780e+00   9.765800e+03   3.836368e+02
  1.135420e+00   1.087512e+04   4.050107e+02
  1.138070e+00   1.038035e+04   3.940325e+02
  1.140710e+00   9.388285e+03   3.758322e+02
  1.143350e+00   1.059527e+04   3.987582e+02
  1.146000e+00   1.022646e+04   3.893147e+02
  1.148640e+00   1.021578e+04   3.920456e+02
  1.151280e+00   9.835212e+03   3.805358e+02
  1.153930e+00   1.063864e+04   3.967543e+02
  1.156570e+00   9.951341e+03   3.824611e+02
  1.159220e+00   1.025981e+04   3.872315e+02
  1.161860e+00   1.052898e+04   3.948675e+02
  1.164500e+00   9.930280e+03   3.780393e+02
  1.167150e+00   1.012385e+04   3.851296e+02
  1.169790e+00   9.803115e+03   3.745578e+02
  1.172430e+00   1.088132e+04   3.973298e+02
  1.175080e+00   1.040255e+04   3.884902e+02
  1.177720e+00   1.042099e+04   3.846458e+02
  1.180360e+00   1.043519e+04   3.886268e+02
  1.183010e+00   9.903543e+03   3.751234e+02
  1.185650e+00   1.002928e+04   3.796137e+02
  1.188290e+00   1.000758e+04   3.766401e+02
  1.190940e+00   1.010561e+04   3.771379e+02
  1.193580e+00   1.019781e+04   3.811101e+02
  1.196220e+00   9.804625e+03   3.703156e+02
  1.198870e+00   1.034268e+04   3.812361e+02
  1.201510e+00   9.941374e+03   3.723074e+02
  1.204150e+00   1.037808e+04   3.809912e+02
  1.206800e+00   1.050306e+04   3.840298e+02
  1.209440e+00   9.860238e+03   3.684944e+02
  1.212080e+00   1.047121e+04   3.820998e+02
  1.214730e+00   9.712301e+03   3.665672e+02
  1.217370e+00   9.878737e+03   3.684147e+02
  1.220010e+00   1.113759e+04   3.913350e+02
  1.222660e+00   1.030497e+04   3.725771e+02
  1.225300e+00   9.584812e+03   3.633114e+02
  1.227940e+00   9.866908e+03   3.672083e+02
  1.230590e+00   9.861305e+03   3.659873e+02
  1.233230e+00   1.046460e+04   3.768732e+02
  1.235870e+00   1.038494e+04   3.730380e+02
  1.238520e+00   1.121454e+04   3.904403e+02
  1.241160e+00   9.577564e+03   3.591867e+02
  1.243800e+00   1.015388e+04   3.673543e+02
  1.246450e+00   9.580944e+03   3.583070e+02
  1.249090e+00   1.083809e+04   3.815189e+02
  1.251730e+00   1.038927e+04   3.736760e+02
  1.254380e+00   9.428993e+03   3.513978e+02
  1.257020e+00   1.013082e+04   3.674835e+02
  1.259660e+00   9.843486e+03   3.594333e+02
  1.262310e+00   1.146690e+04   3.896612e+02
  1.264950e+00   9.964777e+03   3.633780e+02
  1.267590e+00   1.010943e+04   3.617437e+02
  1.270240e+00   1.086158e+04   3.770110e+02
  1.272880e+00   9.680590e+03   3.551464e+02
  1.275520e+00   9.756389e+03   3.574464e+02
  1.278170e+00   9.859514e+03   3.564715e+02
  1.280810e+00   1.008449e+04   3.624795e+02
  1.283450e+00   1.032052e+04   3.660310e+02
  1.286100e+00   1.012118e+04   3.607811e+02
  1.288740e+00   1.009316e+04   3.609306e+02
  1.291380e+00   1.045521e+04   3.635631e+02
  1.294030e+00   1.063769e+04   3.708065e+02
  1.296670e+00   9.871067e+03   3.564236e+02
  1.299310e+00   1.033412e+04   3.613241e+02
  1.301960e+00   9.994503e+03   3.555885e+02
  1.304600e+00   1.039643e+04   3.615192e+02
  1.307240e+00   1.102038e+04   3.757918e+02
  1.309890e+00   1.059063e+04   3.641133e+02
  1.312530e+00   1.061014e+04   3.652160e+02
  1.315180e+00   1.003676e+04   3.539691e+02
  1.317820e+00   1.016189e+04   3.553020e+02
  1.320460e+00   1.020080e+04   3.570993e+02
  1.323110e+00   1.032333e+04   3.549235e+02
  1.325750e+00   1.003855e+04   3.522841e+02
  1.328390e+00   1.025548e+04   3.544814e+02
  1.331040e+00   1.037214e+04   3.557616e+02
  1.333680e+00   1.019050e+04   3.545729e+02
  1.336320e+00   9.608341e+03   3.405586e+02
  1.338970e+00   9.824734e+03   3.477918e+02
  1.341610e+00   1.004031e+04   3.506229e+02
  1.344250e+00   9.541549e+03   3.392584e+02
  1.346900e+00   1.009896e+04   3.503291e+02
  1.349540e+00   9.846660e+03   3.430247e+02
  1.352180e+00   9.610849e+03   3.428076e+02
  1.354830e+00   1.032190e+04   3.523840e+02
  1.357470e+00   1.003229e+04   3.482257e+02
  1.360110e+00   1.002165e+04   3.482766e+02
  1.362760e+00   1.098058e+04   3.648054e+02
  1.365400e+00   1.024834e+04   3.533910e+02
  1.368040e+00   1.007658e+04   3.456239e+02
  1.370690e+00   1.053069e+04   3.564097e+02
  1.373330e+00   1.011322e+04   3.499825e+02
  1.375970e+00   1.043619e+04   3.536167e+02
  1.378620e+00   1.019812e+04   3.506185e+02
  1.381260e+00   1.016307e+04   3.467595e+02
  1.383900e+00   9.892919e+03   3.446362e+02
  1.386550e+00   9.385120e+03   3.343310e+02
  1.389190e+00   9.894721e+03   3.428318e+02
  1.391830e+00   9.784469e+03   3.402393e+02
  1.394480e+00   1.046577e+04   3.520021e+02
  1.397120e+00   1.035547e+04   3.518932e+02
  1.399760e+00   9.709433e+03   3.380391e+02
  1.402410e+00   9.743789e+03   3.371977e+02
  1.405050e+00   9.596030e+03   3.371701e+02
  1.407690e+00   1.025081e+04   3.473354e+02
  1.410340e+00   9.846558e+03   3.407542e+02
  1.412980e+00   1.000802e+04   3.410723e+02
  1.415620e+00   9.608294e+03   3.345178e+02
  1.418270e+00   1.057553e+04   3.529100e+02
  1.420910e+00   1.035550e+04   3.475079e+02
  1.423550e+00   9.889037e+03   3.395909e+02
  1.426200e+00   1.016256e+04   3.433612e+02
  1.428840e+00   1.049900e+04   3.489984e+02
  1.431480e+00   9.964022e+03   3.397703e+02
  1.434130e+00   9.876042e+03   3.359898e+02
  1.436770e+00   1.076111e+04   3.528706e+02
  1.439410e+00   1.025382e+04   3.454599e+02
  1.442060e+00   9.825646e+03   3.364237e+02
  1.444700e+00   1.004735e+04   3.406369e+02
  1.447340e+00   1.048620e+04   3.447842e+02
  1.449990e+00   9.845204e+03   3.361097e+02
  1.452630e+00   1.035673e+04   3.448414e+02
  1.455270e+00   1.038378e+04   3.444084e+02
  1.457920e+00   1.017212e+04   3.392591e+02
  1.460560e+00   9.928224e+03   3.350613e+02
  1.463200e+00   9.911570e+03   3.368089e+02
  1.465850e+00   1.020766e+04   3.400665e+02
  1.468490e+00   9.876398e+03   3.350339e+02
  1.471140e+00   1.014862e+04   3.371652e+02
  1.473780e+00   1.015870e+04   3.403294e+02
  1.476420e+00   9.345114e+03   3.247652e+02
  1.479070e+00   1.025435e+04   3.395555e+02
  1.481710e+00   1.036084e+04   3.399281e+02
  1.484350e+00   1.051698e+04   3.424798e+02
  1.487000e+00   1.008304e+04   3.379842e+02
  1.489640e+00   1.061393e+04   3.425631e+02
  1.492280e+00   9.903382e+03   3.332754e+02
  1.494930e+00   9.923525e+03   3.313368e+02
  1.497570e+00   1.045847e+04   3.418457e+02
  1.500210e+00   1.019355e+04   3.371726e+02
  1.502860e+00   1.076198e+04   3.443062e+02
  1.505500e+00   1.068411e+04   3.457298e+02
  1.508140e+00   1.000097e+04   3.326272e+02
  1.510790e+00   9.957858e+03   3.311934e+02
  1.513430e+00   9.738530e+03   3.277276e+02
  1.516070e+00   9.715804e+03   3.260410e+02
  1.518720e+00   1.026339e+04   3.372760e+02
  1.521360e+00   9.713921e+03   3.256114e+02
  1.524000e+00   1.018780e+04   3.340710e+02
  1.526650e+00   1.028034e+04   3.362032e+02
  1.529290e+00   1.006998e+04   3.309201e+02
  1.531930e+00   1.034913e+04   3.389971e+02
  1.534580e+00   1.005710e+04   3.296082e+02
  1.537220e+00   9.920206e+03   3.279519e+02
  1.539860e+00   9.669379e+03   3.246660e+02
  1.542510e+00   9.999936e+03   3.298675e+02
  1.545150e+00   1.081475e+04   3.449370e+02
  1.547790e+00   1.061625e+04   3.457128e+02
  1.550440e+00   1.006105e+04   3.420860e+02
  1.553080e+00   1.049823e+04   3.495529e+02
  1.555720e+00   1.024922e+04   3.478810e+02
  1.558370e+00   9.907696e+03   3.443162e+02
  1.561010e+00   1.036675e+04   3.512640e+02
  1.563650e+00   9.986220e+03   3.508800e+02
  1.566300e+00   1.000382e+04   3.470286e+02
  1.568940e+00   1.017477e+04   3.538114e+02
  1.571580e+00   9.765377e+03   3.459074e+02
  1.574230e+00   1.024020e+04   3.589187e+02
  1.576870e+00   9.855339e+03   3.531042e+02
  1.579510e+00   9.628655e+03   3.460948e+02
  1.582160e+00   9.635408e+03   3.495130e+02
  1.584800e+00   9.466889e+03   3.452219e+02
  1.587440e+00   1.011111e+04   3.620360e+02
  1.590090e+00   1.039333e+04   3.658626e+02
  1.592730e+00   9.890312e+03   3.543572e+02
  1.595370e+00   1.064659e+04   3.740830e+02
  1.598020e+00   1.091548e+04   3.768442e+02
  1.600660e+00   9.704434e+03   3.550667e+02
  1.603300e+00   9.541565e+03   3.427431e+02
  1.605950e+00   9.989903e+03   3.495025e+02
  1.608590e+00   9.749814e+03   3.449236e+02
  1.611230e+00   9.530484e+03   3.359054e+02
  1.613880e+00   1.047505e+04   3.539191e+02
  1.616520e+00   9.842391e+03   3.387891e+02
  1.619160e+00   1.050411e+04   3.522967e+02
  1.621810e+00   1.019691e+04   3.471067e+02
  1.624450e+00   9.653598e+03   3.322906e+02
  1.627100e+00   1.026374e+04   3.454023e+02
  1.629740e+00   1.057331e+04   3.476483e+02
  1.632380e+00   9.968000e+03   3.405004e+02
  1.635030e+00   1.003607e+04   3.387010e+02
  1.637670e+00   9.939532e+03   3.352521e+02
  1.640310e+00   9.180586e+03   3.251930e+02
  1.642960e+00   1.010526e+04   3.366551e+02
  1.645600e+00   9.923189e+03   3.350823e+02
  1.648240e+00   9.989177e+03   3.340881e+02
  1.650890e+00   1.031189e+04   3.399731e+02
  1.653530e+00   1.027540e+04   3.404392e+02
  1.656170e+00   9.635914e+03   3.278204e+02
  1.658820e+00   9.693102e+03   3.303400e+02
  1.661460e+00   1.016364e+04   3.356330e+02
  1.664100e+00   1.048036e+04   3.440348e+02
  1.666750e+00   9.656639e+03   3.290974e+02
  1.669390e+00   1.013594e+04   3.336286e+02
  1.672030e+00   9.780011e+03   3.311930e+02
  1.674680e+00   1.014251e+04   3.331238e+02
  1.677320e+00   1.026541e+04   3.389935e+02
  1.679960e+00   1.056422e+04   3.406042e+02
  1.682610e+00   9.971039e+03   3.299932e+02
  1.685250e+00   9.754553e+03   3.290129e+02
  1.687890e+00   1.057769e+04   3.405078e+02
  1.690540e+00   9.712683e+03   3.264883e+02
  1.693180e+00   1.041904e+04   3.348808e+02
  1.695820e+00   9.900635e+03   3.289266e+02
  1.698470e+00   9.929665e+03   3.315419e+02
  1.701110e+00   9.797578e+03   3.242525e+02
  1.703750e+00   1.066496e+04   3.429619e+02
  1.706400e+00   9.680046e+03   3.212436e+02
  1.709040e+00   1.050756e+04   3.377256e+02
  1.711680e+00   9.882828e+03   3.274327e+02
  1.714330e+00   1.064790e+04   3.372223e+02
  1.716970e+00   9.863768e+03   3.266220e+02
  1.719610e+00   9.343657e+03   3.175104e+02
  1.722260e+00   9.740945e+03   3.238000e+02
  1.724900e+00   9.768209e+03   3.222235e+02
  1.727540e+00   9.838893e+03   3.236758e+02
  1.730190e+00   1.008264e+04   3.290344e+02
  1.732830e+00   1.005917e+04   3.275717e+02
  1.735470e+00   1.010461e+04   3.287029e+02
  1.738120e+00   9.654493e+03   3.198676e+02
  1.740760e+00   1.058037e+04   3.352518e+02
  1.743400e+00   1.042546e+04   3.326897e+02
  1.746050e+00   1.005720e+04   3.264707e+02
  1.748690e+00   1.002750e+04   3.255065e+02
  1.751330e+00   1.033301e+04   3.290701e+02
  1.753980e+00   9.598142e+03   3.194062e+02
  1.756620e+00   1.088206e+04   3.376008e+02
  1.759260e+00   1.007366e+04   3.252956e+02
  1.761910e+00   9.955742e+03   3.230069e+02
  1.764550e+00   1.024173e+04   3.279980e+02
  1.767190e+00   9.974671e+03   3.246479e+02
  1.769840e+00   9.844063e+03   3.190479e+02
  1.772480e+00   1.011929e+04   3.250784e+02
  1.775120e+00   1.044291e+04   3.279463e+02
  1.777770e+00   1.049302e+04   3.296825e+02
  1.780410e+00   9.779402e+03   3.194791e+02
  1.783060e+00   1.007465e+04   3.210050e+02
  1.785700e+00   9.885148e+03   3.205479e+02
  1.788340e+00   9.698426e+03   3.164962e+02
  1.790990e+00   1.016089e+04   3.222839e+02
  1.793630e+00   1.062348e+04   3.318216e+02
  1.796270e+00   9.497451e+03   3.104339e+02
  1.798920e+00   9.621269e+03   3.165165e+02
  1.801560e+00   1.033467e+04   3.250282e+02
  1.804200e+00   1.013466e+04   3.217757e+02
  1.806850e+00   1.027202e+04   3.245054e+02
  1.809490e+00   1.038414e+04   3.256191e+02
  1.812130e+00   1.049749e+04   3.324587e+02
  1.814780e+00   9.879549e+03   3.168867e+02
  1.817420e+00   1.095850e+04   3.364289e+02
  1.820060e+00   9.896866e+03   3.200875e+02
  1.822710e+00   9.745366e+03   3.173528e+02
  1.825350e+00   9.303893e+03   3.113429e+02
  1.827990e+00   1.012540e+04   3.224585e+02
  1.830640e+00   1.063039e+04   3.341636e+02
  1.833280e+00   9.978280e+03   3.203833e+02
  1.835920e+00   9.642094e+03   3.168589e+02
  1.838570e+00   9.780232e+03   3.186572e+02
  1.841210e+00   9.492904e+03   3.119562e+02
  1.843850e+00   9.857362e+03   3.225427e+02
  1.846500e+00   9.882172e+03   3.191120e+02
  1.849140e+00   9.839934e+03   3.200931e+02
  1.851780e+00   1.008017e+04   3.248289e+02
  1.854430e+00   9.825419e+03   3.191148e+02
  1.857070e+00   1.003421e+04   3.250398e+02
  1.859710e+00   9.599419e+03   3.134321e+02
  1.862360e+00   9.498899e+03   3.152320e+02
  1.865000e+00   1.003650e+04   3.230864e+02
  1.867640e+00   9.930162e+03   3.218384e+02
  1.870290e+00   9.774668e+03   3.194950e+02
  1.872930e+00   9.773396e+03   3.162597e+02
  1.875570e+00   9.834155e+03   3.217834e+02
  1.878220e+00   9.636485e+03   3.166745e+02
  1.880860e+00   9.499263e+03   3.138645e+02
  1.883500e+00   1.038608e+04   3.305926e+02
  1.886150e+00   9.853187e+03   3.171853e+02
  1.888790e+00   9.788264e+03   3.213155e+02
  1.891430e+00   1.023545e+04   3.244856e+02
  1.894080e+00   9.698546e+03   3.187140e+02
  1.896720e+00   9.991807e+03   3.234967e+02
  1.899360e+00   9.535902e+03   3.145604e+02
  1.902010e+00   9.617121e+03   3.179322e+02
  1.904650e+00   9.430281e+03   3.105698e+02
  1.907290e+00   9.866124e+03   3.214557e+02
  1.909940e+00   1.011291e+04   3.233753e+02
  1.912580e+00   9.939445e+03   3.235014e+02
  1.915220e+00   9.684606e+03   3.177416e+02
  1.917870e+00   1.105205e+04   3.370843e+02
  1.920510e+00   1.053086e+04   3.315265e+02
  1.923150e+00   1.035343e+04   3.287218e+02
  1.925800e+00   9.965930e+03   3.214816e+02
  1.928440e+00   1.028037e+04   3.275600e+02
  1.931080e+00   9.853352e+03   3.190141e+02
  1.933730e+00   1.026722e+04   3.283094e+02
  1.936370e+00   1.002815e+04   3.224836e+02
  1.939020e+00   9.711411e+03   3.172580e+02
  1.941660e+00   9.541437e+03   3.147429e+02
  1.944300e+00   1.063552e+04   3.326849e+02
  1.946950e+00   1.033744e+04   3.290442e+02
  1.949590e+00   9.830649e+03   3.182790e+02
  1.952230e+00   1.034903e+04   3.287479e+02
  1.954880e+00   1.012599e+04   3.239590e+02
  1.957520e+00   1.009706e+04   3.245317e+02
  1.960160e+00   9.650862e+03   3.166345e+02
  1.962810e+00   1.061573e+04   3.309346e+02
  1.965450e+00   1.024917e+04   3.277324e+02
  1.968090e+00   9.924520e+03   3.199794e+02
  1.970740e+00   9.879408e+03   3.203617e+02
  1.973380e+00   1.020452e+04   3.246490e+02
  1.976020e+00   1.028276e+04   3.259853e+02
  1.978670e+00   9.486058e+03   3.158512e+02
  1.981310e+00   9.709638e+03   3.168620e+02
  1.983950e+00   9.662919e+03   3.172009e+02
  1.986600e+00   9.561306e+03   3.135276e+02
  1.989240e+00   9.897758e+03   3.211257e+02
  1.991880e+00   1.021629e+04   3.256835e+02
  1.994530e+00   9.677099e+03   3.138014e+02
  1.997170e+00   9.912553e+03   3.229684e+02
  1.999810e+00   9.688969e+03   3.143517e+02
  2.002460e+00   1.011291e+04   3.233753e+02
  2.005100e+00   9.705240e+03   3.158787e+02
  2.007740e+00   1.024991e+04   3.233233e+02
  2.010390e+00   1.061241e+04   3.326137e+02
  2.013030e+00   9.729764e+03   3.150127e+02
  2.015670e+00   9.771503e+03   3.158678e+02
  2.018320e+00   9.868691e+03   3.157274e+02
  2.020960e+00   8.801173e+03   3.001175e+02
  2.023600e+00   9.770642e+03   3.166683e+02
  2.026250e+00   9.186735e+03   3.045373e+02
  2.028890e+00   1.016040e+04   3.235730e+02
  2.031530e+00   1.014851e+04   3.204437e+02
  2.034180e+00   1.034266e+04   3.260868e+02
  2.036820e+00   1.015096e+04   3.214840e+02
  2.039460e+00   1.014579e+04   3.200390e+02
  2.042110e+00   1.007406e+04   3.216399e+02
  2.044750e+00   9.660613e+03   3.132668e+02
  2.047390e+00   1.048161e+04   3.288375e+02
  2.050040e+00   9.806138e+03   3.143704e+02
  2.052680e+00   1.003969e+04   3.190822e+02
  2.055320e+00   1.053560e+04   3.293984e+02
  2.057970e+00   9.536025e+03   3.105357e+02
  2.060610e+00   9.749244e+03   3.151483e+02
  2.063250e+00   9.810040e+03   3.151439e+02
  2.065900e+00   9.948468e+03   3.184427e+02
  2.068540e+00   9.959930e+03   3.196294e+02
  2.071180e+00   9.571512e+03   3.098892e+02
  2.073830e+00   9.765981e+03   3.166836e+02
  2.076470e+00   1.019345e+04   3.204283e+02
  2.079110e+00   9.578550e+03   3.142620e+02
  2.081760e+00   9.940523e+03   3.170534e+02
  2.084400e+00   9.685645e+03   3.114693e+02
  2.087040e+00   1.006957e+04   3.216605e+02
  2.089690e+00   9.599663e+03   3.122771e+02
  2.092330e+00   9.907538e+03   3.186050e+02
  2.094980e+00   1.021502e+04   3.209480e+02
  2.097620e+00   9.388642e+03   3.078657e+02
  2.100260e+00   9.850086e+03   3.165938e+02
  2.102910e+00   9.759420e+03   3.143298e+02
  2.105550e+00   9.788458e+03   3.174125e+02
  2.108190e+00   9.794038e+03   3.215051e+02
  2.110840e+00   9.779556e+03   3.278115e+02
  2.113480e+00   9.717150e+03   3.286875e+02
  2.116120e+00   9.534131e+03   3.241702e+02
  2.118770e+00   9.682251e+03   3.315140e+02
  2.121410e+00   9.639380e+03   3.287001e+02
  2.124050e+00   9.597198e+03   3.359691e+02
  2.126700e+00   9.995722e+03   3.388867e+02
  2.129340e+00   9.816078e+03   3.388887e+02
  2.131980e+00   9.700233e+03   3.397843e+02
  2.134630e+00   8.914811e+03   3.250897e+02
  2.137270e+00   9.060928e+03   3.333116e+02
  2.139910e+00   9.838301e+03   3.412869e+02
  2.142560e+00   1.029258e+04   3.559763e+02
  2.145200e+00   9.972475e+03   3.503970e+02
  2.147840e+00   1.050108e+04   3.601840e+02
  2.150490e+00   9.671689e+03   3.467469e+02
  2.153130e+00   9.243206e+03   3.357284e+02
  2.155770e+00   9.166316e+03   3.408990e+02
  2.158420e+00   9.715851e+03   3.519681e+02
  2.161060e+00   1.005633e+04   3.524741e+02
  2.163700e+00   9.268609e+03   3.335845e+02
  2.166350e+00   1.025055e+04   3.457424e+02
  2.168990e+00   1.014964e+04   3.463014e+02
  2.171630e+00   9.702844e+03   3.351792e+02
  2.174280e+00   1.030419e+04   3.438552e+02
  2.176920e+00   9.669987e+03   3.350452e+02
  2.179560e+00   9.542248e+03   3.280693e+02
  2.182210e+00   9.722716e+03   3.311570e+02
  2.184850e+00   9.610941e+03   3.281121e+02
  2.187490e+00   9.405154e+03   3.250897e+02
  2.190140e+00   1.019304e+04   3.401461e+02
  2.192780e+00   9.728067e+03   3.300021e+02
  2.195420e+00   9.495214e+03   3.234083e+02
  2.198070e+00   9.933365e+03   3.312963e+02
  2.200710e+00   9.400570e+03   3.233894e+02
  2.203350e+00   9.806767e+03   3.324805e+02
  2.206000e+00   1.050216e+04   3.400199e+02
  2.208640e+00   9.582149e+03   3.259913e+02
  2.211280e+00   1.019678e+04   3.369112e+02
  2.213930e+00   9.115713e+03   3.173684e+02
  2.216570e+00   9.255946e+03   3.208922e+02
  2.219210e+00   9.988058e+03   3.303756e+02
  2.221860e+00   9.903772e+03   3.314171e+02
  2.224500e+00   1.062674e+04   3.435136e+02
  2.227140e+00   9.908719e+03   3.313971e+02
  2.229790e+00   9.768642e+03   3.287410e+02
  2.232430e+00   9.617211e+03   3.256799e+02
  2.235070e+00   1.025407e+04   3.380667e+02
  2.237720e+00   9.273657e+03   3.216996e+02
  2.240360e+00   9.739386e+03   3.290634e+02
  2.243010e+00   9.394169e+03   3.229782e+02
  2.245650e+00   9.893858e+03   3.314567e+02
  2.248290e+00   9.194915e+03   3.199320e+02
  2.250940e+00   9.833267e+03   3.326152e+02
  2.253580e+00   9.416943e+03   3.216767e+02
  2.256220e+00   1.020148e+04   3.376196e+02
  2.258870e+00   1.011943e+04   3.373142e+02
  2.261510e+00   9.333337e+03   3.220307e+02
  2.264150e+00   9.347957e+03   3.236933e+02
  2.266800e+00   9.407573e+03   3.240140e+02
  2.269440e+00   1.055646e+04   3.437657e+02
  2.272080e+00   1.023674e+04   3.399053e+02
  2.274730e+00   9.731382e+03   3.284182e+02
  2.277370e+00   9.751466e+03   3.306056e+02
  2.280010e+00   9.434555e+03   3.241751e+02
  2.282660e+00   9.772845e+03   3.307607e+02
  2.285300e+00   9.418732e+03   3.242061e+02
  2.287940e+00   1.035206e+04   3.387298e+02
  2.290590e+00   9.719520e+03   3.316257e+02
  2.293230e+00   9.665508e+03   3.261951e+02
  2.295870e+00   9.675755e+03   3.299405e+02
  2.298520e+00   1.004932e+04   3.340506e+02
  2.301160e+00   9.818717e+03   3.317437e+02
  2.303800e+00   9.859481e+03   3.358153e+02
  2.306450e+00   9.719597e+03   3.269054e+02
  2.309090e+00   9.605535e+03   3.294671e+02
  2.311730e+00   9.986574e+03   3.336280e+02
  2.314380e+00   8.994981e+03   3.178220e+02
  2.317020e+00   9.414017e+03   3.263723e+02
  2.319660e+00   9.535588e+03   3.245952e+02
  2.322310e+00   9.883871e+03   3.354804e+02
  2.324950e+00   1.022541e+04   3.374888e+02
  2.327590e+00   9.361255e+03   3.247383e+02
  2.330240e+00   9.949633e+03   3.361670e+02
  2.332880e+00   9.794976e+03   3.300011e+02
  2.335520e+00   9.116236e+03   3.231164e+02
  2.338170e+00   1.011209e+04   3.361371e+02
  2.340810e+00   9.503476e+03   3.259665e+02
  2.343450e+00   9.684639e+03   3.308210e+02
  2.346100e+00   9.765706e+03   3.303299e+02
  2.348740e+00   9.460583e+03   3.275932e+02
  2.351380e+00   9.304887e+03   3.212404e+02
  2.354030e+00   9.700553e+03   3.296382e+02
  2.356670e+00   9.634222e+03   3.300630e+02
  2.359310e+00   1.003387e+04   3.348346e+02
  2.361960e+00   9.675755e+03   3.299405e+02
  2.364600e+00   9.433945e+03   3.239630e+02
  2.367240e+00   9.465924e+03   3.275818e+02
  2.369890e+00   1.011988e+04   3.365821e+02
  2.372530e+00   1.021252e+04   3.400398e+02
  2.375170e+00   1.006250e+04   3.371066e+02
  2.377820e+00   9.361374e+03   3.226142e+02
  2.380460e+00   9.586176e+03   3.299698e+02
  2.383100e+00   1.047398e+04   3.407186e+02
  2.385750e+00   9.773996e+03   3.321339e+02
  2.388390e+00   1.028918e+04   3.388562e+02
  2.391030e+00   1.009549e+04   3.367035e+02
  2.393680e+00   9.789108e+03   3.309323e+02
  2.396320e+00   9.253639e+03   3.196616e+02
  2.398970e+00   1.000203e+04   3.354573e+02
  2.401610e+00   9.593553e+03   3.248787e+02
  2.404250e+00   9.757579e+03   3.319596e+02
  2.406900e+00   1.036553e+04   3.398991e+02
  2.409540e+00   9.933365e+03   3.312963e+02
  2.412180e+00   9.931969e+03   3.357618e+02
  2.414830e+00   1.008664e+04   3.336365e+02
  2.417470e+00   9.762710e+03   3.319421e+02
  2.420110e+00   1.013186e+04   3.353157e+02
  2.422760e+00   9.719076e+03   3.291294e+02
  2.425400e+00   1.007380e+04   3.372957e+02
  2.428040e+00   9.733337e+03   3.288590e+02
  2.430690e+00   9.475242e+03   3.271217e+02
  2.433330e+00   9.514899e+03   3.246442e+02
  2.435970e+00   9.510552e+03   3.281452e+02
  2.438620e+00   9.469927e+03   3.271332e+02
  2.441260e+00   9.189196e+03   3.197330e+02
  2.443900e+00   9.395050e+03   3.253240e+02
  2.446550e+00   1.015075e+04   3.359409e+02
  2.449190e+00   9.622058e+03   3.296463e+02
  2.451830e+00   9.113211e+03   3.202056e+02
  2.454480e+00   9.615281e+03   3.278784e+02
  2.457120e+00   9.963580e+03   3.368305e+02
  2.459760e+00   9.604101e+03   3.276877e+02
  2.462410e+00   9.758607e+03   3.321869e+02
  2.465050e+00   9.864705e+03   3.327282e+02
  2.467690e+00   9.720758e+03   3.307069e+02
  2.470340e+00   9.518758e+03   3.290164e+02
  2.472980e+00   9.570052e+03   3.284433e+02
  2.475620e+00   1.024791e+04   3.393422e+02
  2.478270e+00   9.331872e+03   3.237191e+02
  2.480910e+00   9.726662e+03   3.320628e+02
  2.483550e+00   1.039260e+04   3.435686e+02
  2.486200e+00   9.271959e+03   3.235936e+02
  2.488840e+00   9.902984e+03   3.351652e+02
  2.491480e+00   9.483812e+03   3.264463e+02
  2.494130e+00   9.751380e+03   3.329066e+02
  2.496770e+00   1.015591e+04   3.390960e+02
  2.499410e+00   9.514409e+03   3.276937e+02
  2.502060e+00   1.011758e+04   3.402912e+02
  2.504700e+00   9.984500e+03   3.350579e+02
  2.507340e+00   9.568743e+03   3.295650e+02
  2.509990e+00   9.360207e+03   3.243120e+02
  2.512630e+00   9.657039e+03   3.318198e+02
  2.515270e+00   9.918032e+03   3.360597e+02
  2.517920e+00   9.811512e+03   3.345698e+02
  2.520560e+00   9.188336e+03   3.228452e+02
  2.523200e+00   9.554297e+03   3.284835e+02
  2.525850e+00   9.351274e+03   3.273601e+02
  2.528490e+00   9.183726e+03   3.234830e+02
  2.531130e+00   1.021252e+04   3.400398e+02
  2.533780e+00   9.734835e+03   3.327298e+02
  2.536420e+00   9.963580e+03   3.368305e+02
  2.539060e+00   9.924188e+03   3.382154e+02
  2.541710e+00   1.004842e+04   3.364461e+02
  2.544350e+00   9.149543e+03   3.228804e+02
  2.546990e+00   9.344775e+03   3.269323e+02
  2.549640e+00   9.799305e+03   3.353253e+02
  2.552280e+00   9.557552e+03   3.309510e+02
  2.554930e+00   9.860818e+03   3.329762e+02
  2.557570e+00   9.750305e+03   3.338441e+02
  2.560210e+00   9.291750e+03   3.252763e+02
  2.562860e+00   9.943408e+03   3.388704e+02
  2.565500e+00   1.024025e+04   3.426768e+02
  2.568140e+00   1.039551e+04   3.432900e+02
  2.570790e+00   9.591591e+03   3.329290e+02
  2.573430e+00   9.855299e+03   3.339341e+02
  2.576070e+00   9.774227e+03   3.344672e+02
  2.578720e+00   1.003664e+04   3.396887e+02
  2.581360e+00   9.676474e+03   3.326840e+02
  2.584000e+00   8.950237e+03   3.219177e+02
  2.586650e+00   9.622835e+03   3.312316e+02
  2.589290e+00   9.782455e+03   3.339675e+02
  2.591930e+00   1.036094e+04   3.440293e+02
  2.594580e+00   9.550753e+03   3.321122e+02
  2.597220e+00   9.617312e+03   3.340230e+02
  2.599860e+00   9.221663e+03   3.230208e+02
  2.602510e+00   9.533811e+03   3.319247e+02
  2.605150e+00   9.919163e+03   3.372617e+02
  2.607790e+00   9.168202e+03   3.243477e+02
  2.610440e+00   9.221080e+03   3.260144e+02
  2.613080e+00   9.902782e+03   3.361223e+02
  2.615720e+00   9.423198e+03   3.317123e+02
  2.618370e+00   1.019931e+04   3.418815e+02
  2.621010e+00   9.356740e+03   3.273509e+02
  2.623650e+00   9.954957e+03   3.390672e+02
  2.626300e+00   9.340830e+03   3.275972e+02
  2.628940e+00   1.016547e+04   3.446418e+02
  2.631580e+00   9.470592e+03   3.291258e+02
  2.634230e+00   9.749218e+03   3.347895e+02
  2.636870e+00   9.953654e+03   3.388263e+02
  2.639510e+00   9.674021e+03   3.333888e+02
  2.642160e+00   1.001592e+04   3.415400e+02
  2.644800e+00   1.019291e+04   3.409018e+02
  2.647440e+00   9.476786e+03   3.329803e+02
  2.650090e+00   9.544591e+03   3.318980e+02
  2.652730e+00   9.570096e+03   3.329862e+02
  2.655370e+00   9.689818e+03   3.333399e+02
  2.658020e+00   9.353897e+03   3.284598e+02
  2.660660e+00   9.599485e+03   3.336052e+02
  2.663300e+00   9.986911e+03   3.391733e+02
  2.665950e+00   1.057338e+04   3.526421e+02
  2.668590e+00   9.402355e+03   3.388373e+02
  2.671230e+00   9.064043e+03   3.377969e+02
  2.673880e+00   9.923955e+03   3.576345e+02
  2.676520e+00   1.013619e+04   3.604013e+02
  2.679160e+00   9.721360e+03   3.593118e+02
  2.681810e+00   9.196966e+03   3.496162e+02
  2.684450e+00   9.966864e+03   3.673835e+02
  2.687090e+00   9.818409e+03   3.661649e+02
  2.689740e+00   9.736475e+03   3.646339e+02
  2.692380e+00   1.001382e+04   3.766083e+02
  2.695020e+00   9.473079e+03   3.654320e+02
  2.697670e+00   8.994497e+03   3.586341e+02
  2.700310e+00   9.676658e+03   3.727309e+02
  2.702950e+00   9.261320e+03   3.652308e+02
  2.705600e+00   9.388708e+03   3.728732e+02
  2.708240e+00   9.265980e+03   3.679991e+02
  2.710890e+00   9.487211e+03   3.756023e+02
  2.713530e+00   1.031648e+04   3.933121e+02
  2.716170e+00   1.003187e+04   3.919777e+02
  2.718820e+00   9.308421e+03   3.796984e+02
  2.721460e+00   9.309984e+03   3.726976e+02
  2.724100e+00   9.446140e+03   3.679694e+02
  2.726750e+00   1.040937e+04   3.829147e+02
  2.729390e+00   9.877476e+03   3.722714e+02
  2.732030e+00   9.652380e+03   3.625027e+02
  2.734680e+00   9.750193e+03   3.633682e+02
  2.737320e+00   9.598262e+03   3.597101e+02
  2.739960e+00   9.190503e+03   3.496232e+02
  2.742610e+00   1.017290e+04   3.675618e+02
  2.745250e+00   9.554592e+03   3.521869e+02
  2.747890e+00   9.498529e+03   3.539893e+02
  2.750540e+00   9.543377e+03   3.544321e+02
  2.753180e+00   9.556034e+03   3.489370e+02
  2.755820e+00   9.166427e+03   3.459645e+02
  2.758470e+00   9.052827e+03   3.397465e+02
  2.761110e+00   1.010151e+04   3.623895e+02
  2.763750e+00   1.030514e+04   3.645696e+02
  2.766400e+00   9.495168e+03   3.467145e+02
  2.769040e+00   1.013109e+04   3.595388e+02
  2.771680e+00   9.517245e+03   3.461389e+02
  2.774330e+00   9.579215e+03   3.504852e+02
  2.776970e+00   9.291621e+03   3.424937e+02
  2.779610e+00   8.737022e+03   3.314141e+02
  2.782260e+00   9.553568e+03   3.500156e+02
  2.784900e+00   9.411928e+03   3.425351e+02
  2.787540e+00   9.179327e+03   3.413828e+02
  2.790190e+00   8.932025e+03   3.331083e+02
  2.792830e+00   9.835732e+03   3.526281e+02
  2.795470e+00   9.475801e+03   3.462382e+02
  2.798120e+00   9.925853e+03   3.511514e+02
  2.800760e+00   9.188900e+03   3.393998e+02
  2.803400e+00   9.614351e+03   3.453577e+02
  2.806050e+00   9.608391e+03   3.469389e+02
  2.808690e+00   9.419757e+03   3.410181e+02
  2.811330e+00   1.021871e+04   3.546965e+02
  2.813980e+00   9.368592e+03   3.418648e+02
  2.816620e+00   9.598621e+03   3.425895e+02
  2.819260e+00   9.470592e+03   3.444421e+02
  2.821910e+00   9.177249e+03   3.353294e+02
  2.824550e+00   8.773145e+03   3.276391e+02
  2.827190e+00   9.469122e+03   3.439340e+02
  2.829840e+00   1.017522e+04   3.521281e+02
  2.832480e+00   9.588646e+03   3.446568e+02
  2.835120e+00   9.796300e+03   3.452742e+02
  2.837770e+00   9.604942e+03   3.443539e+02
  2.840410e+00   9.835181e+03   3.488179e+02
  2.843050e+00   9.189166e+03   3.353174e+02
  2.845700e+00   9.703707e+03   3.461198e+02
  2.848340e+00   1.016002e+04   3.505541e+02
  2.850980e+00   9.539093e+03   3.437650e+02
  2.853630e+00   9.471313e+03   3.406594e+02
  2.856270e+00   9.717725e+03   3.440038e+02
  2.858910e+00   9.674734e+03   3.475267e+02
  2.861560e+00   9.697471e+03   3.445846e+02
  2.864200e+00   9.193944e+03   3.386633e+02
  2.866850e+00   9.342932e+03   3.384587e+02
  2.869490e+00   9.263017e+03   3.368927e+02
  2.872130e+00   9.173475e+03   3.369960e+02
  2.874780e+00   1.032289e+04   3.572385e+02
  2.877420e+00   9.067820e+03   3.344716e+02
  2.880060e+00   1.006708e+04   3.504907e+02
  2.882710e+00   1.012441e+04   3.518474e+02
  2.885350e+00   9.528322e+03   3.440477e+02
  2.887990e+00   9.748650e+03   3.459666e+02
  2.890640e+00   9.446527e+03   3.422116e+02
  2.893280e+00   9.539926e+03   3.422429e+02
  2.895920e+00   9.226646e+03   3.364612e+02
  2.898570e+00   9.055025e+03   3.335461e+02
  2.901210e+00   8.663406e+03   3.253611e+02
  2.903850e+00   9.712531e+03   3.468761e+02
  2.906500e+00   9.475620e+03   3.401549e+02
  2.909140e+00   9.814482e+03   3.505172e+02
  2.911780e+00   9.760878e+03   3.435992e+02
  2.914430e+00   9.387974e+03   3.400904e+02
  2.917070e+00   9.066473e+03   3.326166e+02
  2.919710e+00   9.997098e+03   3.508294e+02
  2.922360e+00   9.683658e+03   3.454047e+02
  2.925000e+00   8.992993e+03   3.303659e+02
  2.927640e+00   9.542388e+03   3.429941e+02
  2.930290e+00   9.348786e+03   3.384488e+02
  2.932930e+00   9.556243e+03   3.419493e+02
  2.935570e+00   1.013253e+04   3.531977e+02
  2.938220e+00   9.872245e+03   3.460220e+02
  2.940860e+00   9.823310e+03   3.499409e+02
  2.943500e+00   9.163496e+03   3.339363e+02
  2.946150e+00   9.936906e+03   3.500126e+02
  2.948790e+00   9.479898e+03   3.396526e+02
  2.951430e+00   9.600415e+03   3.430908e+02
  2.954080e+00   9.093729e+03   3.363437e+02
  2.956720e+00   9.174103e+03   3.329988e+02
  2.959360e+00   9.264332e+03   3.376110e+02
  2.962010e+00   9.955877e+03   3.483121e+02
  2.964650e+00   9.516155e+03   3.420511e+02
  2.967290e+00   9.238915e+03   3.366848e+02
  2.969940e+00   9.254554e+03   3.354773e+02
  2.972580e+00   8.864532e+03   3.301324e+02
  2.975220e+00   9.567905e+03   3.436893e+02
  2.977870e+00   9.617423e+03   3.430421e+02
  2.980510e+00   9.676599e+03   3.436261e+02
  2.983150e+00   9.582036e+03   3.411295e+02
  2.985800e+00   9.208785e+03   3.364817e+02
  2.988440e+00   9.958641e+03   3.488360e+02
  2.991080e+00   9.700576e+03   3.453497e+02
  2.993730e+00   9.391364e+03   3.391025e+02
  2.996370e+00   9.533458e+03   3.402637e+02
  2.999010e+00   9.424935e+03   3.407592e+02
  3.001660e+00   9.379716e+03   3.391243e+02
  3.004300e+00   9.988476e+03   3.492389e+02
  3.006940e+00   9.498093e+03   3.418439e+02
  3.009590e+00   9.870988e+03   3.457656e+02
  3.012230e+00   9.393207e+03   3.398343e+02
  3.014870e+00   8.968853e+03   3.308211e+02
  3.017520e+00   9.300751e+03   3.380416e+02
  3.020160e+00   9.506531e+03   3.408256e+02
  3.022810e+00   8.895638e+03   3.294681e+02
  3.025450e+00   9.342387e+03   3.382171e+02
  3.028090e+00   9.022644e+03   3.294604e+02
  3.030740e+00   9.565929e+03   3.414226e+02
  3.033380e+00   8.744876e+03   3.252254e+02
  3.036020e+00   9.370374e+03   3.376848e+02
  3.038670e+00   9.180625e+03   3.334553e+02
  3.041310e+00   9.610137e+03   3.410510e+02
  3.043950e+00   9.400487e+03   3.381120e+02
  3.046600e+00   9.110305e+03   3.285260e+02
  3.049240e+00   9.023067e+03   3.303580e+02
  3.051880e+00   9.197934e+03   3.332060e+02
  3.054530e+00   9.035285e+03   3.308053e+02
  3.057170e+00   9.749929e+03   3.423663e+02
  3.059810e+00   9.711115e+03   3.397489e+02
  3.062460e+00   9.292621e+03   3.340164e+02
  3.065100e+00   9.172868e+03   3.320801e+02
  3.067740e+00   9.310876e+03   3.344565e+02
  3.070390e+00   1.006027e+04   3.464940e+02
  3.073030e+00   9.088713e+03   3.305533e+02
  3.075670e+00   9.004639e+03   3.292422e+02
  3.078320e+00   9.280615e+03   3.338005e+02
  3.080960e+00   9.099899e+03   3.298711e+02
  3.083600e+00   9.774961e+03   3.417735e+02
  3.086250e+00   9.727991e+03   3.424415e+02
  3.088890e+00   9.245811e+03   3.338469e+02
  3.091530e+00   8.920628e+03   3.259526e+02
  3.094180e+00   9.586336e+03   3.391402e+02
  3.096820e+00   9.442361e+03   3.365838e+02
  3.099460e+00   9.107074e+03   3.312211e+02
  3.102110e+00   9.438683e+03   3.373110e+02
  3.104750e+00   9.489622e+03   3.371990e+02
  3.107390e+00   9.058735e+03   3.301186e+02
  3.110040e+00   9.316633e+03   3.344476e+02
  3.112680e+00   9.248356e+03   3.319966e+02
  3.115320e+00   1.015380e+04   3.486831e+02
  3.117970e+00   9.803451e+03   3.431894e+02
  3.120610e+00   8.624788e+03   3.225488e+02
  3.123250e+00   9.486171e+03   3.379308e+02
  3.125900e+00   1.035171e+04   3.513599e+02
  3.128540e+00   9.341177e+03   3.351129e+02
  3.131180e+00   1.026688e+04   3.513254e+02
  3.133830e+00   9.022749e+03   3.296841e+02
  3.136470e+00   1.001970e+04   3.469540e+02
  3.139110e+00   8.932458e+03   3.272599e+02
  3.141760e+00   9.366356e+03   3.360161e+02
  3.144400e+00   9.633404e+03   3.397440e+02
  3.147040e+00   8.854463e+03   3.259373e+02
  3.149690e+00   9.649959e+03   3.396946e+02
  3.152330e+00   9.136802e+03   3.314266e+02
  3.154970e+00   9.545602e+03   3.404804e+02
  3.157620e+00   9.135517e+03   3.302953e+02
  3.160260e+00   9.428416e+03   3.356605e+02
  3.162900e+00   8.854221e+03   3.263709e+02
  3.165550e+00   9.692836e+03   3.420528e+02
  3.168190e+00   9.704907e+03   3.422657e+02
  3.170830e+00   9.468490e+03   3.358127e+02
  3.173480e+00   9.348002e+03   3.355737e+02
  3.176120e+00   1.013984e+04   3.490278e+02
  3.178770e+00   9.466357e+03   3.370112e+02
  3.181410e+00   9.976961e+03   3.460970e+02
  3.184050e+00   9.069921e+03   3.292173e+02
  3.186700e+00   9.160846e+03   3.318624e+02
  3.189340e+00   9.172561e+03   3.318516e+02
  3.191980e+00   9.427613e+03   3.333165e+02
  3.194630e+00   9.441694e+03   3.363464e+02
  3.197270e+00   9.074592e+03   3.276645e+02
  3.199910e+00   9.755411e+03   3.410900e+02
  3.202560e+00   9.651683e+03   3.387077e+02
  3.205200e+00   9.541533e+03   3.358779e+02
  3.207840e+00   9.246345e+03   3.308602e+02
  3.210490e+00   9.341058e+03   3.325505e+02
  3.213130e+00   9.921276e+03   3.417069e+02
  3.215770e+00   9.231843e+03   3.290797e+02
  3.218420e+00   9.244360e+03   3.297354e+02
  3.221060e+00   9.346180e+03   3.323119e+02
  3.223700e+00   9.605483e+03   3.352337e+02
  3.226350e+00   9.104913e+03   3.289739e+02
  3.228990e+00   9.480988e+03   3.459662e+02
  3.231630e+00   8.463424e+03   3.317077e+02
  3.234280e+00   9.338565e+03   3.532170e+02
  3.236920e+00   9.606752e+03   3.585208e+02
  3.239560e+00   8.903102e+03   3.502879e+02
  3.242210e+00   9.307816e+03   3.606705e+02
  3.244850e+00   9.186575e+03   3.617210e+02
  3.247490e+00   9.418992e+03   3.680305e+02
  3.250140e+00   9.562058e+03   3.727678e+02
  3.252780e+00   9.583337e+03   3.773435e+02
  3.255420e+00   9.139545e+03   3.703530e+02
  3.258070e+00   8.982061e+03   3.676113e+02
  3.260710e+00   9.456420e+03   3.773522e+02
  3.263350e+00   8.820219e+03   3.700882e+02
  3.266000e+00   9.438313e+03   3.846769e+02
  3.268640e+00   9.419374e+03   3.861567e+02
  3.271280e+00   9.150249e+03   3.806002e+02
  3.273930e+00   8.952455e+03   3.786485e+02
  3.276570e+00   9.476368e+03   3.938244e+02
  3.279210e+00   9.368001e+03   3.944640e+02
  3.281860e+00   1.023367e+04   4.048375e+02
  3.284500e+00   9.105955e+03   3.742525e+02
  3.287140e+00   9.407349e+03   3.747978e+02
  3.289790e+00   9.107074e+03   3.669345e+02
  3.292430e+00   8.576868e+03   3.516173e+02
  3.295070e+00   8.743449e+03   3.543024e+02
  3.297720e+00   9.329615e+03   3.648168e+02
  3.300360e+00   9.526547e+03   3.677683e+02
  3.303000e+00   9.230726e+03   3.590336e+02
  3.305650e+00   9.670795e+03   3.657831e+02
  3.308290e+00   9.574924e+03   3.642473e+02
  3.310930e+00   9.069642e+03   3.551946e+02
  3.313580e+00   9.829830e+03   3.702128e+02
  3.316220e+00   9.751310e+03   3.667358e+02
  3.318860e+00   9.234762e+03   3.573037e+02
  3.321510e+00   9.182513e+03   3.534351e+02
  3.324150e+00   9.149910e+03   3.540206e+02
  3.326800e+00   9.187284e+03   3.520575e+02
  3.329440e+00   8.842109e+03   3.473508e+02
  3.332080e+00   9.509862e+03   3.599536e+02
  3.334730e+00   1.013885e+04   3.709611e+02
  3.337370e+00   9.347351e+03   3.543104e+02
  3.340010e+00   9.615115e+03   3.573429e+02
  3.342660e+00   8.944448e+03   3.460711e+02
  3.345300e+00   8.890888e+03   3.450334e+02
  3.347940e+00   8.612680e+03   3.380773e+02
  3.350590e+00   9.735992e+03   3.583868e+02
  3.353230e+00   9.017167e+03   3.452852e+02
  3.355870e+00   9.486135e+03   3.540194e+02
  3.358520e+00   9.391670e+03   3.514744e+02
  3.361160e+00   9.088291e+03   3.447385e+02
  3.363800e+00   9.301696e+03   3.508201e+02
  3.366450e+00   8.964193e+03   3.435086e+02
  3.369090e+00   8.457765e+03   3.335417e+02
  3.371730e+00   8.957373e+03   3.402625e+02
  3.374380e+00   8.970487e+03   3.417483e+02
  3.377020e+00   9.489921e+03   3.531783e+02
  3.379660e+00   9.524913e+03   3.544806e+02
  3.382310e+00   9.719677e+03   3.558626e+02
  3.384950e+00   8.937980e+03   3.400168e+02
  3.387590e+00   9.210381e+03   3.456595e+02
  3.390240e+00   8.970601e+03   3.424991e+02
  3.392880e+00   9.223759e+03   3.461615e+02
  3.395520e+00   9.094064e+03   3.439691e+02
  3.398170e+00   9.487527e+03   3.523579e+02
  3.400810e+00   9.683821e+03   3.559843e+02
  3.403450e+00   9.545975e+03   3.533124e+02
  3.406100e+00   9.872402e+03   3.567044e+02
  3.408740e+00   9.199257e+03   3.467100e+02
  3.411380e+00   9.159427e+03   3.454543e+02
  3.414030e+00   8.736135e+03   3.372547e+02
  3.416670e+00   9.315776e+03   3.483903e+02
  3.419310e+00   9.074078e+03   3.429679e+02
  3.421960e+00   9.579131e+03   3.540549e+02
  3.424600e+00   9.316861e+03   3.489192e+02
  3.427240e+00   8.866895e+03   3.385396e+02
  3.429890e+00   8.647161e+03   3.343186e+02
  3.432530e+00   9.480469e+03   3.499305e+02
  3.435170e+00   9.308996e+03   3.481367e+02
  3.437820e+00   9.367930e+03   3.467226e+02
  3.440460e+00   9.675916e+03   3.523761e+02
  3.443100e+00   9.073145e+03   3.417144e+02
  3.445750e+00   9.168539e+03   3.426444e+02
  3.448390e+00   9.188621e+03   3.436349e+02
  3.451030e+00   9.548373e+03   3.484251e+02
  3.453680e+00   9.300699e+03   3.439988e+02
  3.456320e+00   9.465296e+03   3.488955e+02
  3.458960e+00   9.374591e+03   3.443842e+02
  3.461610e+00   9.712914e+03   3.498021e+02
  3.464250e+00   9.402485e+03   3.458760e+02
  3.466890e+00   9.096049e+03   3.389897e+02
  3.469540e+00   8.773050e+03   3.337425e+02
  3.472180e+00   9.087609e+03   3.363475e+02
  3.474820e+00   9.359008e+03   3.428875e+02
  3.477470e+00   8.509517e+03   3.275315e+02
  3.480110e+00   9.539058e+03   3.473920e+02
  3.482760e+00   8.919288e+03   3.349709e+02
  3.485400e+00   8.844927e+03   3.317107e+02
  3.488040e+00   9.363817e+03   3.423750e+02
  3.490690e+00   9.698799e+03   3.506608e+02
  3.493330e+00   9.892534e+03   3.512942e+02
  3.495970e+00   9.274340e+03   3.397855e+02
  3.498620e+00   9.628620e+03   3.476693e+02
  3.501260e+00   8.938180e+03   3.347375e+02
  3.503900e+00   9.700757e+03   3.482369e+02
  3.506550e+00   9.455916e+03   3.434543e+02
  3.509190e+00   8.944448e+03   3.354430e+02
  3.511830e+00   8.913064e+03   3.345013e+02
  3.514480e+00   1.011329e+04   3.555643e+02
  3.517120e+00   9.230969e+03   3.391081e+02
  3.519760e+00   9.056253e+03   3.354168e+02
  3.522410e+00   8.994487e+03   3.354378e+02
  3.525050e+00   9.171849e+03   3.403992e+02
  3.527690e+00   9.796004e+03   3.489682e+02
  3.530340e+00   9.157113e+03   3.384566e+02
  3.532980e+00   8.813004e+03   3.321526e+02
  3.535620e+00   8.856880e+03   3.328619e+02
  3.538270e+00   9.188900e+03   3.393998e+02
  3.540910e+00   8.784065e+03   3.291967e+02
  3.543550e+00   9.126475e+03   3.384822e+02
  3.546200e+00   8.925696e+03   3.340358e+02
  3.548840e+00   8.850952e+03   3.321703e+02
  3.551480e+00   9.453784e+03   3.426994e+02
  3.554130e+00   8.539863e+03   3.260535e+02
  3.556770e+00   8.642950e+03   3.295094e+02
  3.559410e+00   9.032016e+03   3.361368e+02
  3.562060e+00   9.557251e+03   3.439730e+02
  3.564700e+00   9.156520e+03   3.379733e+02
  3.567340e+00   9.340329e+03   3.399294e+02
  3.569990e+00   8.975920e+03   3.361509e+02
  3.572630e+00   9.012537e+03   3.340268e+02
  3.575270e+00   9.362063e+03   3.416265e+02
  3.577920e+00   8.487524e+03   3.259614e+02
  3.580560e+00   8.662782e+03   3.293096e+02
  3.583200e+00   8.684651e+03   3.277810e+02
  3.585850e+00   9.086619e+03   3.351650e+02
  3.588490e+00   8.843948e+03   3.333188e+02
  3.591130e+00   9.487481e+03   3.441471e+02
  3.593780e+00   9.249019e+03   3.390855e+02
  3.596420e+00   9.155343e+03   3.370128e+02
  3.599060e+00   9.711115e+03   3.479368e+02
  3.601710e+00   9.222995e+03   3.379044e+02
  3.604350e+00   9.087609e+03   3.363475e+02
  3.606990e+00   8.017014e+03   3.159146e+02
  3.609640e+00   9.531583e+03   3.450665e+02
  3.612280e+00   8.745129e+03   3.300636e+02
  3.614920e+00   8.782951e+03   3.303169e+02
  3.617570e+00   9.366239e+03   3.408723e+02
  3.620210e+00   8.857246e+03   3.321727e+02
  3.622850e+00   9.358600e+03   3.401441e+02
  3.625500e+00   9.136868e+03   3.367894e+02
  3.628140e+00   8.441672e+03   3.237233e+02
  3.630780e+00   9.068849e+03   3.358833e+02
  3.633430e+00   9.037297e+03   3.344854e+02
  3.636070e+00   8.857609e+03   3.314877e+02
  3.638720e+00   8.956940e+03   3.345031e+02
  3.641360e+00   8.913283e+03   3.333379e+02
  3.644000e+00   9.200360e+03   3.388996e+02
  3.646650e+00   9.018471e+03   3.335602e+02
  3.649290e+00   8.745958e+03   3.293918e+02
  3.651930e+00   8.783175e+03   3.300919e+02
  3.654580e+00   9.185855e+03   3.372233e+02
  3.657220e+00   8.813188e+03   3.319238e+02
  3.659860e+00   8.458607e+03   3.246116e+02
  3.662510e+00   8.833260e+03   3.303452e+02
  3.665150e+00   8.766418e+03   3.280750e+02
  3.667790e+00   9.037168e+03   3.342517e+02
  3.670440e+00   8.294505e+03   3.204447e+02
  3.673080e+00   9.012443e+03   3.337942e+02
  3.675720e+00   8.987244e+03   3.314995e+02
  3.678370e+00   9.688282e+03   3.451307e+02
  3.681010e+00   8.389612e+03   3.198509e+02
  3.683650e+00   9.398418e+03   3.395787e+02
  3.686300e+00   8.616768e+03   3.233815e+02
  3.688940e+00   9.250765e+03   3.366698e+02
  3.691580e+00   9.109746e+03   3.339795e+02
  3.694230e+00   8.763141e+03   3.254549e+02
  3.696870e+00   9.365788e+03   3.357798e+02
  3.699510e+00   9.077406e+03   3.312392e+02
  3.702160e+00   9.096254e+03   3.323699e+02
  3.704800e+00   9.242393e+03   3.352568e+02
  3.707440e+00   8.986216e+03   3.274759e+02
  3.710090e+00   9.444373e+03   3.372990e+02
  3.712730e+00   8.727759e+03   3.241408e+02
  3.715370e+00   8.998803e+03   3.296906e+02
  3.718020e+00   8.787528e+03   3.256874e+02
  3.720660e+00   9.148003e+03   3.309631e+02
  3.723300e+00   8.823249e+03   3.270114e+02
  3.725950e+00   8.944448e+03   3.288044e+02
  3.728590e+00   9.768436e+03   3.415453e+02
  3.731230e+00   8.950447e+03   3.276991e+02
  3.733880e+00   8.285005e+03   3.151764e+02
  3.736520e+00   9.119829e+03   3.321246e+02
  3.739160e+00   8.357828e+03   3.179467e+02
  3.741810e+00   8.513390e+03   3.192771e+02
  3.744450e+00   9.493298e+03   3.383995e+02
  3.747090e+00   8.974564e+03   3.288026e+02
  3.749740e+00   8.516224e+03   3.205123e+02
  3.752380e+00   9.304144e+03   3.339993e+02
  3.755020e+00   9.725885e+03   3.419439e+02
  3.757670e+00   9.526990e+03   3.400328e+02
  3.760310e+00   9.335956e+03   3.353574e+02
  3.762950e+00   9.212602e+03   3.313543e+02
  3.765600e+00   9.149099e+03   3.318727e+02
  3.768240e+00   8.847357e+03   3.276799e+02
  3.770880e+00   8.610019e+03   3.235843e+02
  3.773530e+00   9.495982e+03   3.374250e+02
  3.776170e+00   8.872988e+03   3.250811e+02
  3.778810e+00   8.552412e+03   3.211926e+02
  3.781460e+00   9.064831e+03   3.303408e+02
  3.784100e+00   9.330192e+03   3.353668e+02
  3.786740e+00   8.515604e+03   3.230153e+02
  3.789390e+00   8.268528e+03   3.294261e+02
  3.792030e+00   8.890321e+03   3.468445e+02
  3.794680e+00   8.944448e+03   3.505605e+02
  3.797320e+00   9.035219e+03   3.552111e+02
  3.799960e+00   9.088713e+03   3.621030e+02
  3.802610e+00   8.642121e+03   3.570027e+02
  3.805250e+00   8.815696e+03   3.654224e+02
  3.807890e+00   9.656705e+03   3.805275e+02
  3.810540e+00   9.066765e+03   3.723274e+02
  3.813180e+00   8.788621e+03   3.700677e+02
  3.815820e+00   8.991524e+03   3.756263e+02
  3.818470e+00   9.616481e+03   3.922645e+02
  3.821110e+00   9.184460e+03   3.833519e+02
  3.823750e+00   8.277934e+03   3.690948e+02
  3.826400e+00   8.161600e+03   3.687035e+02
  3.829040e+00   8.489645e+03   3.781589e+02
  3.831680e+00   8.986919e+03   3.907356e+02
  3.834330e+00   8.788742e+03   3.899374e+02
  3.836970e+00   8.935687e+03   3.956789e+02
  3.839610e+00   8.731906e+03   3.932653e+02
  3.842260e+00   8.850296e+03   3.892356e+02
  3.844900e+00   9.049677e+03   3.827605e+02
  3.847540e+00   9.008109e+03   3.786391e+02
  3.850190e+00   9.339397e+03   3.803297e+02
  3.852830e+00   8.560895e+03   3.624116e+02
  3.855470e+00   8.407630e+03   3.565629e+02
  3.858120e+00   8.076926e+03   3.475756e+02
  3.860760e+00   8.228006e+03   3.486318e+02
  3.863400e+00   9.395306e+03   3.696534e+02
  3.866050e+00   8.084965e+03   3.431877e+02
  3.868690e+00   9.018004e+03   3.642338e+02
  3.871330e+00   9.010377e+03   3.633335e+02
  3.873980e+00   8.627575e+03   3.525132e+02
  3.876620e+00   8.657307e+03   3.525528e+02
  3.879260e+00   8.994497e+03   3.586341e+02
  3.881910e+00   8.442756e+03   3.478777e+02
  3.884550e+00   9.143213e+03   3.602931e+02
  3.887190e+00   8.832642e+03   3.513436e+02
  3.889840e+00   9.182035e+03   3.582253e+02
  3.892480e+00   9.236115e+03   3.581612e+02
  3.895120e+00   9.076086e+03   3.546320e+02
  3.897770e+00   8.923791e+03   3.505596e+02
  3.900410e+00   8.930792e+03   3.492216e+02
  3.903050e+00   8.454813e+03   3.414867e+02
  3.905700e+00   8.767734e+03   3.452292e+02
  3.908340e+00   8.802258e+03   3.452529e+02
  3.910980e+00   8.769856e+03   3.431910e+02
  3.913630e+00   7.931104e+03   3.273517e+02
  3.916270e+00   9.078547e+03   3.489169e+02
  3.918910e+00   7.750521e+03   3.215458e+02
  3.921560e+00   8.525489e+03   3.367366e+02
  3.924200e+00   9.203035e+03   3.493424e+02
  3.926840e+00   8.984142e+03   3.447797e+02
  3.929490e+00   8.495244e+03   3.350197e+02
  3.932130e+00   8.298972e+03   3.306390e+02
  3.934770e+00   9.155215e+03   3.472771e+02
  3.937420e+00   8.607296e+03   3.373465e+02
  3.940060e+00   8.587727e+03   3.368384e+02
  3.942700e+00   8.650007e+03   3.364463e+02
  3.945350e+00   8.957719e+03   3.447827e+02
  3.947990e+00   8.825716e+03   3.412219e+02
  3.950640e+00   8.073279e+03   3.276843e+02
  3.953280e+00   8.374362e+03   3.312846e+02
  3.955920e+00   8.667815e+03   3.379066e+02
  3.958570e+00   9.200378e+03   3.474935e+02
  3.961210e+00   8.575605e+03   3.361044e+02
  3.963850e+00   8.761374e+03   3.384814e+02
  3.966500e+00   8.774451e+03   3.387339e+02
  3.969140e+00   8.167242e+03   3.280044e+02
  3.971780e+00   8.826930e+03   3.394973e+02
  3.974430e+00   9.203707e+03   3.454090e+02
  3.977070e+00   8.702352e+03   3.374627e+02
  3.979710e+00   8.859263e+03   3.407409e+02
  3.982360e+00   9.496899e+03   3.534380e+02
  3.985000e+00   8.540253e+03   3.336953e+02
  3.987640e+00   9.100229e+03   3.437109e+02
  3.990290e+00   8.262409e+03   3.276258e+02
  3.992930e+00   8.963991e+03   3.417490e+02
  3.995570e+00   8.742791e+03   3.372605e+02
  3.998220e+00   8.519135e+03   3.313560e+02
  4.000860e+00   8.605939e+03   3.347322e+02
  4.003500e+00   8.866102e+03   3.402498e+02
  4.006150e+00   8.625700e+03   3.349944e+02
  4.008790e+00   8.802472e+03   3.370641e+02
  4.011430e+00   9.060275e+03   3.414720e+02
  4.014080e+00   8.177409e+03   3.260547e+02
  4.016720e+00   8.573660e+03   3.339824e+02
  4.019360e+00   8.318917e+03   3.275570e+02
  4.022010e+00   8.175936e+03   3.249643e+02
  4.024650e+00   8.090130e+03   3.236052e+02
  4.027290e+00   8.574735e+03   3.335186e+02
  4.029940e+00   8.751956e+03   3.351297e+02
  4.032580e+00   8.886576e+03   3.380613e+02
  4.035220e+00   8.563421e+03   3.325757e+02
  4.037870e+00   9.332213e+03   3.473090e+02
  4.040510e+00   9.047554e+03   3.414779e+02
  4.043150e+00   8.976415e+03   3.387930e+02
  4.045800e+00   8.950906e+03   3.400168e+02
  4.048440e+00   8.366339e+03   3.296799e+02
  4.051080e+00   8.784153e+03   3.356252e+02
  4.053730e+00   8.695103e+03   3.334420e+02
  4.056370e+00   8.809413e+03   3.365904e+02
  4.059010e+00   8.558357e+03   3.318788e+02
  4.061660e+00   8.569608e+03   3.328160e+02
  4.064300e+00   8.925185e+03   3.385516e+02
  4.066940e+00   8.325812e+03   3.275747e+02
  4.069590e+00   8.738532e+03   3.353541e+02
  4.072230e+00   8.300550e+03   3.253242e+02
  4.074870e+00   8.759038e+03   3.346656e+02
  4.077520e+00   9.167899e+03   3.421430e+02
  4.080160e+00   8.770832e+03   3.358525e+02
  4.082800e+00   8.834819e+03   3.375611e+02
  4.085450e+00   8.444686e+03   3.289583e+02
  4.088090e+00   8.321008e+03   3.253772e+02
  4.090730e+00   8.502668e+03   3.299675e+02
  4.093380e+00   8.706187e+03   3.348533e+02
  4.096020e+00   8.495944e+03   3.299551e+02
  4.098660e+00   8.147544e+03   3.223119e+02
  4.101310e+00   8.759038e+03   3.346656e+02
  4.103950e+00   8.186875e+03   3.228588e+02
  4.106600e+00   8.623167e+03   3.328937e+02
  4.109240e+00   8.653056e+03   3.311000e+02
  4.111880e+00   8.854747e+03   3.368505e+02
  4.114530e+00   8.277143e+03   3.259122e+02
  4.117170e+00   8.649294e+03   3.331584e+02
  4.119810e+00   8.824176e+03   3.342395e+02
  4.122460e+00   8.823663e+03   3.349417e+02
  4.125100e+00   8.829448e+03   3.358880e+02
  4.127740e+00   8.712459e+03   3.350946e+02
  4.130390e+00   8.747097e+03   3.337226e+02
  4.133030e+00   8.640387e+03   3.308575e+02
  4.135670e+00   8.848546e+03   3.363712e+02
  4.138320e+00   8.531822e+03   3.291222e+02
  4.140960e+00   8.242672e+03   3.243036e+02
  4.143600e+00   8.576520e+03   3.298662e+02
  4.146250e+00   8.829775e+03   3.354154e+02
  4.148890e+00   8.765046e+03   3.351399e+02
  4.151530e+00   8.286862e+03   3.252878e+02
  4.154180e+00   8.938136e+03   3.359157e+02
  4.156820e+00   8.271073e+03   3.241689e+02
  4.159460e+00   9.103602e+03   3.404554e+02
  4.162110e+00   8.495944e+03   3.299551e+02
  4.164750e+00   8.716079e+03   3.325392e+02
  4.167390e+00   8.085377e+03   3.196026e+02
  4.170040e+00   8.383450e+03   3.250962e+02
  4.172680e+00   8.601408e+03   3.305790e+02
  4.175320e+00   8.485597e+03   3.266108e+02
  4.177970e+00   8.831386e+03   3.330820e+02
  4.180610e+00   8.749593e+03   3.316525e+02
  4.183250e+00   8.344820e+03   3.228708e+02
  4.185900e+00   8.851082e+03   3.319415e+02
  4.188540e+00   8.136963e+03   3.179375e+02
  4.191180e+00   8.083685e+03   3.175571e+02
  4.193830e+00   8.944448e+03   3.335716e+02
  4.196470e+00   8.218884e+03   3.206492e+02
  4.199110e+00   8.975355e+03   3.331067e+02
  4.201760e+00   8.913711e+03   3.310469e+02
  4.204400e+00   8.649576e+03   3.259932e+02
  4.207040e+00   9.431430e+03   3.409941e+02
  4.209690e+00   8.999397e+03   3.314970e+02
  4.212330e+00   8.950604e+03   3.319595e+02
  4.214970e+00   7.995516e+03   3.128887e+02
  4.217620e+00   9.257965e+03   3.373790e+02
  4.220260e+00   8.372490e+03   3.191982e+02
  4.222900e+00   8.987480e+03   3.324139e+02
  4.225550e+00   8.747867e+03   3.278402e+02
  4.228190e+00   8.294166e+03   3.190064e+02
  4.230830e+00   8.723900e+03   3.269420e+02
  4.233480e+00   9.109746e+03   3.339795e+02
  4.236120e+00   8.767148e+03   3.274152e+02
  4.238760e+00   8.383132e+03   3.198364e+02
  4.241410e+00   9.067990e+03   3.347056e+02
  4.244050e+00   8.181648e+03   3.172707e+02
  4.246690e+00   8.515604e+03   3.230153e+02
  4.249340e+00   8.437698e+03   3.209851e+02
  4.251980e+00   8.993258e+03   3.312709e+02
  4.254620e+00   8.278047e+03   3.181512e+02
  4.257270e+00   8.446509e+03   3.222544e+02
  4.259910e+00   8.353893e+03   3.205930e+02
  4.262560e+00   8.607730e+03   3.246467e+02
  4.265200e+00   9.005460e+03   3.314956e+02
  4.267840e+00   8.694807e+03   3.253950e+02
  4.270490e+00   8.603243e+03   3.237873e+02
  4.273130e+00   8.600431e+03   3.250657e+02
  4.275770e+00   8.864422e+03   3.303575e+02
  4.278420e+00   8.728993e+03   3.278242e+02
  4.281060e+00   8.443461e+03   3.212044e+02
  4.283700e+00   8.278047e+03   3.181512e+02
  4.286350e+00   8.538441e+03   3.241148e+02
  4.288990e+00   8.682272e+03   3.253819e+02
  4.291630e+00   8.394584e+03   3.202734e+02
  4.294280e+00   8.440708e+03   3.220331e+02
  4.296920e+00   8.638968e+03   3.249018e+02
  4.299560e+00   8.871233e+03   3.290158e+02
  4.302210e+00   8.852741e+03   3.290095e+02
  4.304850e+00   8.372741e+03   3.208441e+02
  4.307490e+00   8.459471e+03   3.222802e+02
  4.310140e+00   9.066807e+03   3.330775e+02
  4.312780e+00   9.103733e+03   3.339836e+02
  4.315420e+00   9.096875e+03   3.330603e+02
  4.318070e+00   8.773145e+03   3.276391e+02
  4.320710e+00   9.583337e+03   3.431385e+02
  4.323350e+00   8.247954e+03   3.174639e+02
  4.326000e+00   8.907487e+03   3.312730e+02
  4.328640e+00   8.403849e+03   3.213292e+02
  4.331280e+00   8.644052e+03   3.255538e+02
  4.333930e+00   9.059664e+03   3.314758e+02
  4.336570e+00   8.498752e+03   3.221444e+02
  4.339210e+00   8.889121e+03   3.305900e+02
  4.341860e+00   9.467695e+03   3.414138e+02
  4.344500e+00   9.035904e+03   3.319422e+02
  4.347140e+00   8.604785e+03   3.290122e+02
  4.349790e+00   8.630959e+03   3.393180e+02
  4.352430e+00   8.529713e+03   3.433933e+02
  4.355070e+00   8.485577e+03   3.461339e+02
  4.357720e+00   8.609940e+03   3.538664e+02
  4.360360e+00   8.614284e+03   3.595533e+02
  4.363000e+00   8.588488e+03   3.606826e+02
  4.365650e+00   8.913711e+03   3.701217e+02
  4.368290e+00   8.312800e+03   3.600673e+02
  4.370930e+00   8.082428e+03   3.575455e+02
  4.373580e+00   8.607829e+03   3.714552e+02
  4.376220e+00   8.705820e+03   3.785139e+02
  4.378860e+00   8.871199e+03   3.800004e+02
  4.381510e+00   8.536747e+03   3.769066e+02
  4.384150e+00   9.182061e+03   3.947676e+02
  4.386790e+00   8.676546e+03   3.872532e+02
  4.389440e+00   8.215514e+03   3.753764e+02
  4.392080e+00   8.521875e+03   3.873580e+02
  4.394720e+00   8.785357e+03   3.940771e+02
  4.397370e+00   8.720613e+03   3.951687e+02
  4.400010e+00   8.792847e+03   3.960099e+02
  4.402650e+00   9.027012e+03   4.069691e+02
  4.405300e+00   8.175133e+03   3.892920e+02
  4.407940e+00   8.276671e+03   3.945748e+02
  4.410590e+00   9.001178e+03   4.125683e+02
  4.413230e+00   8.791551e+03   4.099082e+02
  4.415870e+00   7.935530e+03   3.923867e+02
  4.418520e+00   8.765956e+03   4.169540e+02
  4.421160e+00   8.507164e+03   4.112093e+02
  4.423800e+00   8.884418e+03   4.216358e+02
  4.426450e+00   8.690055e+03   4.205412e+02
  4.429090e+00   8.757238e+03   4.268017e+02
  4.431730e+00   8.484686e+03   4.210879e+02
  4.434380e+00   8.550145e+03   4.212354e+02
  4.437020e+00   9.103980e+03   4.400575e+02
  4.439660e+00   8.415765e+03   4.261488e+02
  4.442310e+00   8.436118e+03   4.271794e+02
  4.444950e+00   8.346702e+03   4.259409e+02
  4.447590e+00   8.318885e+03   4.273124e+02
  4.450240e+00   9.034568e+03   4.511648e+02
  4.452880e+00   9.151389e+03   4.587177e+02
  4.455520e+00   7.856455e+03   4.242087e+02
  4.458170e+00   8.304728e+03   4.395328e+02
  4.460810e+00   8.709685e+03   4.521843e+02
  4.463450e+00   9.193895e+03   4.673519e+02
  4.466100e+00   8.087422e+03   4.418631e+02
  4.468740e+00   7.704504e+03   4.306949e+02
  4.471380e+00   8.507829e+03   4.607248e+02
  4.474030e+00   9.476554e+03   4.900209e+02
  4.476670e+00   8.931797e+03   4.753916e+02
  4.479310e+00   8.073973e+03   4.513488e+02
  4.481960e+00   8.119600e+03   4.574876e+02
  4.484600e+00   9.609957e+03   5.057872e+02
  4.487240e+00   8.434104e+03   4.759640e+02
  4.489890e+00   8.316064e+03   4.715607e+02
  4.492530e+00   8.537882e+03   4.810552e+02
  4.495170e+00   8.971969e+03   4.969114e+02
  4.497820e+00   8.689701e+03   4.959474e+02
  4.500460e+00   8.271511e+03   4.815860e+02
  4.503100e+00   9.088249e+03   5.112540e+02
  4.505750e+00   8.186938e+03   4.883918e+02
  4.508390e+00   8.425284e+03   4.999486e+02
  4.511030e+00   8.870527e+03   5.121401e+02
  4.513680e+00   8.260985e+03   4.954610e+02
  4.516320e+00   9.083002e+03   5.288328e+02
  4.518960e+00   8.802472e+03   5.269902e+02
  4.521610e+00   9.024167e+03   5.364310e+02
  4.524250e+00   9.443093e+03   5.424915e+02
  4.526890e+00   8.494008e+03   5.227701e+02
  4.529540e+00   9.091614e+03   5.452788e+02
  4.532180e+00   9.045325e+03   5.515032e+02
  4.534820e+00   8.312684e+03   5.257403e+02
  4.537470e+00   8.359619e+03   5.362698e+02
  4.540110e+00   8.979116e+03   5.579351e+02
  4.542750e+00   8.089202e+03   5.368992e+02
  4.545400e+00   8.511931e+03   5.427009e+02
  4.548040e+00   9.698799e+03   5.902501e+02
  4.550680e+00   8.557162e+03   5.618052e+02
  4.553330e+00   9.096049e+03   5.871474e+02
  4.555970e+00   9.419206e+03   5.981202e+02
  4.558610e+00   8.925617e+03   5.797812e+02
  4.561260e+00   8.675731e+03   5.771010e+02
  4.563900e+00   9.402627e+03   6.120589e+02
  4.566550e+00   8.187138e+03   5.789181e+02
  4.569190e+00   8.364159e+03   5.785610e+02
  4.571830e+00   8.445223e+03   5.927384e+02
  4.574480e+00   8.292029e+03   5.907826e+02
  4.577120e+00   7.746149e+03   5.757667e+02
  4.579760e+00   8.837712e+03   6.142635e+02
  4.582410e+00   8.303981e+03   6.056301e+02
  4.585050e+00   8.514209e+03   6.209625e+02
  4.587690e+00   8.270710e+03   6.199159e+02
  4.590340e+00   8.783494e+03   6.355513e+02
  4.592980e+00   8.242004e+03   6.212644e+02
  4.595620e+00   8.263892e+03   6.338116e+02
  4.598270e+00   9.095197e+03   6.760407e+02
  4.600910e+00   8.893914e+03   6.704040e+02
  4.603550e+00   8.893337e+03   6.742021e+02
  4.606200e+00   8.726291e+03   6.898738e+02
  4.608840e+00   9.359825e+03   7.199865e+02
  4.611480e+00   8.518522e+03   6.955344e+02
  4.614130e+00   9.450737e+03   7.291402e+02
  4.616770e+00   8.884418e+03   7.302947e+02
  4.619410e+00   8.542102e+03   7.271520e+02
  4.622060e+00   9.073145e+03   7.640966e+02
  4.624700e+00   8.912842e+03   7.505967e+02
  4.627340e+00   8.076703e+03   7.342457e+02
  4.629990e+00   8.978982e+03   7.875088e+02
  4.632630e+00   7.999100e+03   7.626842e+02
  4.635270e+00   8.014225e+03   7.572731e+02
  4.637920e+00   8.267977e+03   7.883207e+02
  4.640560e+00   7.413416e+03   7.729021e+02
  4.643200e+00   8.530353e+03   8.405207e+02
  4.645850e+00   8.168446e+03   8.168446e+02
  4.648490e+00   8.116258e+03   8.198659e+02
  4.651130e+00   1.068247e+04   9.516699e+02
  4.653780e+00   8.988509e+03   8.899950e+02
  4.656420e+00   8.009953e+03   8.443232e+02
  4.659060e+00   8.123460e+03   8.378709e+02
  4.661710e+00   1.051759e+04   9.723517e+02
  4.664350e+00   7.008021e+03   8.038751e+02
  4.666990e+00   6.672075e+03   8.032234e+02
  4.669640e+00   9.618652e+03   9.298702e+02
  4.672280e+00   8.850296e+03   9.128383e+02
  4.674920e+00   9.803519e+03   9.953966e+02
  4.677570e+00   9.249372e+03   9.695977e+02
  4.680210e+00   9.286585e+03   9.527835e+02
  4.682850e+00   7.478973e+03   8.694130e+02
  4.685500e+00   7.997389e+03   9.173634e+02
  4.688140e+00   8.670078e+03   9.754600e+02
  4.690780e+00   7.892160e+03   9.113081e+02
  4.693430e+00   8.944448e+03   9.817807e+02
  4.696070e+00   9.615281e+03   1.036842e+03
  4.698710e+00   9.409094e+03   1.045455e+03
  4.701360e+00   8.652146e+03   1.005791e+03
  4.704000e+00   7.379169e+03   9.083130e+02
  4.706640e+00   9.248681e+03   1.060896e+03
  4.709290e+00   9.261627e+03   1.083991e+03
  4.711930e+00   9.333337e+03   1.099944e+03
  4.714570e+00   1.008501e+04   1.100365e+03
  4.717220e+00   9.851856e+03   1.130085e+03
  4.719860e+00   1.024173e+04   1.182614e+03
  4.722510e+00   8.376546e+03   1.090533e+03
  4.725150e+00   6.481484e+03   9.166202e+02
  4.727790e+00   8.234571e+03   1.081252e+03
  4.730440e+00   9.018369e+03   1.154684e+03
  4.733080e+00   8.019160e+03   1.112057e+03
  4.735720e+00   1.044712e+04   1.222742e+03
  4.738370e+00   1.015725e+04   1.240906e+03
  4.741010e+00   9.354744e+03   1.239066e+03
  4.743650e+00   9.281974e+03   1.251581e+03
  4.746300e+00   8.698270e+03   1.194799e+03
  4.748940e+00   7.155558e+03   1.104127e+03
  4.751580e+00   8.396829e+03   1.238045e+03
  4.754230e+00   8.097079e+03   1.234793e+03
  4.756870e+00   9.916670e+03   1.388612e+03
  4.759510e+00   1.014319e+04   1.367707e+03
  4.762160e+00   7.997389e+03   1.297348e+03
  4.764800e+00   8.392321e+03   1.361414e+03
  4.767440e+00   9.173793e+03   1.450504e+03
  4.770090e+00   1.164858e+04   1.556607e+03
  4.772730e+00   8.348151e+03   1.411095e+03
  4.775370e+00   9.689818e+03   1.551613e+03
  4.778020e+00   8.296299e+03   1.466592e+03
  4.780660e+00   1.247515e+04   1.713594e+03
  4.783300e+00   9.333337e+03   1.555556e+03
  4.785950e+00   8.944448e+03   1.581170e+03
  4.788590e+00   8.186444e+03   1.575482e+03
  4.791230e+00   1.067057e+04   1.829988e+03
  4.793880e+00   9.288465e+03   1.787566e+03
  4.796520e+00   8.745682e+03   1.864586e+03
  4.799160e+00   9.415208e+03   2.105305e+03
  4.801810e+00   5.787584e+03   1.745022e+03
  4.804450e+00   6.924734e+03   1.998998e+03
  4.807090e+00   1.322223e+04   3.206861e+03
  4.809740e+00   7.155558e+03   2.921244e+03
  4.812380e+00   1.513676e+04   4.563904e+03
creator: radaver
creator-version: 6572
working-directory: /dataInt/p12/vives/2015-10-17/NEW
header-file: images/header/img_0008_00006.txt
image-file: images/pilatus2m/img_0008_00006.tiff
angular-axis-file: etc/radial-averaging/saxs-2/saxis-saxs2-20150921.dat
beamstop-mask-file: etc/radial-averaging/saxs-2/mask-saxs2-20151008.msk
detector-response-file: none
beam-center-x: 656.1000
beam-center-y: 1645.9000
unit-time: 100.0000
channel-first: 8
channel-last: 1819
angular-unit: nanometer
Run Number: 8
Frame Number: 6
Buffer: NAPI
Code: NAPI
Concentration [mg/ml]: 0
Plate Row: 2
Plate Column: 1
Well Row: 1
Well Column: 9
Load Volume: 20
Load Viscosity: low
Exposure time [s]: 0.035
Exposure period [s]: 0.04
Detector Position: saxs-2
Detector Distance [m]: 3
Timestamp (begin): 2015-10-17 03:31:53.675
Timestamp (end): 2015-10-17 03:31:53.710
PETRA Current: 94.2678
Transmitted Beam: 0.159716
Wavelength [nm]: 0.123987
Flytube Vacuum [mbar]: 0.000275647
Crystal Temperature 1 [C]: -181.4
Crystal Temperature 2 [C]: -156.3
Cell Target Temperature [C]: 20
Cell Temperature [C]: 20.2
Storage Temperature [C]: 20.2
