
Sample:   c= 3.0000 mg/ml  Code: ADR_NAPI
  2.520060e-02   5.043401e+07   2.863582e+05
  2.784400e-02   7.615522e+06   6.150958e+04
  3.048740e-02   3.094101e+06   3.673834e+04
  3.313080e-02   1.473037e+06   2.367566e+04
  3.577420e-02   6.875780e+05   1.509066e+04
  3.841750e-02   4.835693e+05   1.277426e+04
  4.106090e-02   3.460601e+05   9.911735e+03
  4.370430e-02   2.842035e+05   8.911871e+03
  4.634770e-02   2.271875e+05   7.410040e+03
  4.899110e-02   1.965166e+05   6.546918e+03
  5.163450e-02   1.798896e+05   6.116429e+03
  5.427790e-02   1.663845e+05   5.482555e+03
  5.692130e-02   1.490415e+05   5.269412e+03
  5.956470e-02   1.394025e+05   4.827115e+03
  6.220810e-02   1.305603e+05   4.411225e+03
  6.485140e-02   1.244104e+05   4.417943e+03
  6.749480e-02   1.160476e+05   3.980398e+03
  7.013820e-02   1.135488e+05   3.967716e+03
  7.278160e-02   1.093539e+05   3.737638e+03
  7.542500e-02   9.959237e+04   3.492857e+03
  7.806840e-02   1.017883e+05   3.495425e+03
  8.071180e-02   9.204220e+04   3.168223e+03
  8.335520e-02   8.675880e+04   3.104474e+03
  8.599860e-02   8.755320e+04   3.017282e+03
  8.864200e-02   8.478804e+04   3.059525e+03
  9.128530e-02   8.931379e+04   3.149855e+03
  9.392870e-02   8.009836e+04   2.964573e+03
  9.657210e-02   7.679362e+04   2.929859e+03
  9.921550e-02   7.671146e+04   2.874884e+03
  1.018590e-01   7.915758e+04   2.956194e+03
  1.045020e-01   7.902664e+04   2.866598e+03
  1.071460e-01   6.964620e+04   2.706877e+03
  1.097890e-01   7.911085e+04   2.946242e+03
  1.124320e-01   7.193515e+04   2.666094e+03
  1.150760e-01   7.497544e+04   2.752435e+03
  1.177190e-01   6.930428e+04   2.595466e+03
  1.203630e-01   6.931691e+04   2.646532e+03
  1.230060e-01   6.571222e+04   2.569551e+03
  1.256490e-01   6.434806e+04   2.467636e+03
  1.282930e-01   6.947986e+04   2.550686e+03
  1.309360e-01   7.190678e+04   2.568099e+03
  1.335800e-01   6.732617e+04   2.510842e+03
  1.362230e-01   6.654263e+04   2.415345e+03
  1.388660e-01   6.223610e+04   2.371007e+03
  1.415100e-01   6.713474e+04   2.432035e+03
  1.441530e-01   6.465461e+04   2.329990e+03
  1.467970e-01   6.580977e+04   2.390318e+03
  1.494400e-01   6.949824e+04   2.382369e+03
  1.520830e-01   6.552253e+04   2.340090e+03
  1.547270e-01   6.522273e+04   2.313212e+03
  1.573700e-01   6.223651e+04   2.234160e+03
  1.600130e-01   6.651956e+04   2.284291e+03
  1.626570e-01   6.233105e+04   2.178023e+03
  1.653000e-01   6.267586e+04   2.217313e+03
  1.679440e-01   6.420632e+04   2.191968e+03
  1.705870e-01   5.833370e+04   2.098117e+03
  1.732300e-01   6.300222e+04   2.153372e+03
  1.758740e-01   5.796192e+04   2.056992e+03
  1.785170e-01   6.110092e+04   2.111957e+03
  1.811610e-01   6.270180e+04   2.088900e+03
  1.838040e-01   5.705814e+04   2.032612e+03
  1.864470e-01   6.113029e+04   2.066581e+03
  1.890910e-01   6.242741e+04   2.060411e+03
  1.917340e-01   6.475595e+04   2.106511e+03
  1.943780e-01   5.832343e+04   1.958309e+03
  1.970210e-01   6.064446e+04   2.038541e+03
  1.996640e-01   5.981531e+04   1.990529e+03
  2.023080e-01   6.003303e+04   1.986803e+03
  2.049510e-01   5.927953e+04   1.935545e+03
  2.075950e-01   5.718242e+04   1.881163e+03
  2.102380e-01   5.957370e+04   1.957713e+03
  2.128810e-01   5.889396e+04   1.883221e+03
  2.155250e-01   5.820407e+04   1.904495e+03
  2.181680e-01   5.629773e+04   1.860129e+03
  2.208110e-01   5.601140e+04   1.839656e+03
  2.234550e-01   5.396223e+04   1.821137e+03
  2.260980e-01   5.867426e+04   1.839870e+03
  2.287420e-01   5.599283e+04   1.809046e+03
  2.313850e-01   5.663576e+04   1.801824e+03
  2.340280e-01   5.559152e+04   1.779441e+03
  2.366720e-01   5.648191e+04   1.805170e+03
  2.393150e-01   5.935819e+04   1.812939e+03
  2.419590e-01   5.410628e+04   1.747183e+03
  2.446020e-01   5.284443e+04   1.689779e+03
  2.472450e-01   5.771471e+04   1.779421e+03
  2.498890e-01   5.644433e+04   1.757035e+03
  2.525320e-01   5.202424e+04   1.654275e+03
  2.551760e-01   5.562996e+04   1.746987e+03
  2.578190e-01   5.670350e+04   1.697375e+03
  2.604620e-01   5.308468e+04   1.658896e+03
  2.631060e-01   5.323534e+04   1.670964e+03
  2.657490e-01   5.253073e+04   1.638388e+03
  2.683920e-01   5.231484e+04   1.642071e+03
  2.710360e-01   5.208262e+04   1.599705e+03
  2.736790e-01   5.425779e+04   1.651012e+03
  2.763230e-01   5.114907e+04   1.585303e+03
  2.789660e-01   5.092589e+04   1.575362e+03
  2.816090e-01   5.042977e+04   1.569810e+03
  2.842530e-01   5.112043e+04   1.563528e+03
  2.868960e-01   5.131575e+04   1.581381e+03
  2.895400e-01   5.034807e+04   1.531334e+03
  2.921830e-01   5.037758e+04   1.535788e+03
  2.948260e-01   5.379576e+04   1.589116e+03
  2.974700e-01   5.019778e+04   1.521145e+03
  3.001130e-01   4.911346e+04   1.516396e+03
  3.027570e-01   4.928404e+04   1.482604e+03
  3.054000e-01   4.801183e+04   1.478162e+03
  3.080430e-01   4.896234e+04   1.472260e+03
  3.106870e-01   5.058377e+04   1.511479e+03
  3.133300e-01   4.894140e+04   1.468315e+03
  3.159740e-01   4.694275e+04   1.412171e+03
  3.186170e-01   4.581373e+04   1.420624e+03
  3.212600e-01   5.037602e+04   1.464642e+03
  3.239040e-01   4.740596e+04   1.429344e+03
  3.265470e-01   5.055945e+04   1.474344e+03
  3.291900e-01   5.204404e+04   1.466175e+03
  3.318340e-01   4.775032e+04   1.429368e+03
  3.344770e-01   4.828123e+04   1.407311e+03
  3.371210e-01   4.759645e+04   1.405377e+03
  3.397640e-01   4.711065e+04   1.383813e+03
  3.424070e-01   4.849349e+04   1.392939e+03
  3.450510e-01   4.733530e+04   1.398276e+03
  3.476940e-01   4.648535e+04   1.345848e+03
  3.503380e-01   4.535694e+04   1.351682e+03
  3.529810e-01   4.673940e+04   1.362949e+03
  3.556240e-01   4.451547e+04   1.324255e+03
  3.582680e-01   4.590608e+04   1.340359e+03
  3.609110e-01   4.520925e+04   1.314422e+03
  3.635550e-01   4.438267e+04   1.312201e+03
  3.661980e-01   4.186967e+04   1.255588e+03
  3.688410e-01   4.364240e+04   1.291444e+03
  3.714850e-01   4.326889e+04   1.273717e+03
  3.741280e-01   4.357836e+04   1.272938e+03
  3.767710e-01   4.658412e+04   1.327188e+03
  3.794150e-01   4.176819e+04   1.235983e+03
  3.820580e-01   4.383864e+04   1.276733e+03
  3.847020e-01   4.145572e+04   1.221401e+03
  3.873450e-01   4.385294e+04   1.266453e+03
  3.899880e-01   4.478485e+04   1.273346e+03
  3.926320e-01   4.370707e+04   1.241698e+03
  3.952750e-01   4.161142e+04   1.224925e+03
  3.979190e-01   4.214997e+04   1.212228e+03
  4.005620e-01   4.118532e+04   1.211333e+03
  4.032050e-01   4.154818e+04   1.195414e+03
  4.058490e-01   4.070731e+04   1.185538e+03
  4.084920e-01   4.071837e+04   1.199676e+03
  4.111360e-01   3.983938e+04   1.167212e+03
  4.137790e-01   4.268871e+04   1.215221e+03
  4.164220e-01   4.003796e+04   1.164564e+03
  4.190660e-01   3.896370e+04   1.144507e+03
  4.217090e-01   4.007183e+04   1.165056e+03
  4.243530e-01   3.976660e+04   1.150843e+03
  4.269960e-01   3.691548e+04   1.167954e+03
  4.296390e-01   3.813491e+04   1.187088e+03
  4.322830e-01   3.827304e+04   1.243051e+03
  4.349260e-01   3.877904e+04   1.281995e+03
  4.375690e-01   3.879162e+04   1.258566e+03
  4.402130e-01   3.663605e+04   1.259573e+03
  4.428560e-01   3.662775e+04   1.253376e+03
  4.455000e-01   3.604231e+04   1.279094e+03
  4.481430e-01   3.758109e+04   1.304459e+03
  4.507860e-01   3.721886e+04   1.298157e+03
  4.534300e-01   3.720458e+04   1.333849e+03
  4.560730e-01   3.544729e+04   1.278262e+03
  4.587170e-01   3.756767e+04   1.315938e+03
  4.613600e-01   3.545539e+04   1.262245e+03
  4.640030e-01   3.660900e+04   1.271483e+03
  4.666470e-01   3.480444e+04   1.264989e+03
  4.692900e-01   3.667936e+04   1.260318e+03
  4.719340e-01   3.549480e+04   1.275834e+03
  4.745770e-01   3.656484e+04   1.270716e+03
  4.772200e-01   3.503052e+04   1.272366e+03
  4.798640e-01   3.386635e+04   1.224441e+03
  4.825070e-01   3.552826e+04   1.196299e+03
  4.851500e-01   3.466493e+04   1.191101e+03
  4.877940e-01   3.477634e+04   1.152825e+03
  4.904370e-01   3.279565e+04   1.132907e+03
  4.930810e-01   3.414068e+04   1.124363e+03
  4.957240e-01   3.370630e+04   1.104679e+03
  4.983670e-01   3.336307e+04   1.111485e+03
  5.010110e-01   3.512480e+04   1.122021e+03
  5.036540e-01   3.369114e+04   1.098884e+03
  5.062980e-01   3.287527e+04   1.064376e+03
  5.089410e-01   3.068467e+04   1.030290e+03
  5.115840e-01   3.235998e+04   1.061125e+03
  5.142280e-01   3.188191e+04   1.038218e+03
  5.168710e-01   3.167704e+04   1.043794e+03
  5.195150e-01   3.231045e+04   1.026894e+03
  5.221580e-01   3.217966e+04   1.034293e+03
  5.248010e-01   3.019327e+04   9.981588e+02
  5.274450e-01   3.145954e+04   1.005965e+03
  5.300880e-01   3.120151e+04   1.005455e+03
  5.327320e-01   3.274181e+04   1.016258e+03
  5.353750e-01   2.970010e+04   9.818549e+02
  5.380180e-01   3.213129e+04   9.953922e+02
  5.406620e-01   3.374465e+04   1.025394e+03
  5.433050e-01   3.108504e+04   9.919634e+02
  5.459480e-01   3.125983e+04   9.860605e+02
  5.485920e-01   3.119762e+04   9.850788e+02
  5.512350e-01   3.018650e+04   9.493735e+02
  5.538790e-01   2.943819e+04   9.398891e+02
  5.565220e-01   2.924148e+04   9.422936e+02
  5.591650e-01   2.970926e+04   9.394894e+02
  5.618090e-01   3.041642e+04   9.537788e+02
  5.644520e-01   2.879685e+04   9.166140e+02
  5.670960e-01   2.993661e+04   9.415145e+02
  5.697390e-01   2.979863e+04   9.293938e+02
  5.723820e-01   2.978894e+04   9.299966e+02
  5.750260e-01   2.734504e+04   8.867236e+02
  5.776690e-01   2.905232e+04   9.132519e+02
  5.803130e-01   2.918990e+04   9.198520e+02
  5.829560e-01   2.931149e+04   8.994471e+02
  5.855990e-01   2.829181e+04   8.969108e+02
  5.882430e-01   2.938846e+04   9.069475e+02
  5.908860e-01   2.931227e+04   9.071919e+02
  5.935290e-01   2.820323e+04   8.809210e+02
  5.961730e-01   2.850075e+04   8.841960e+02
  5.988160e-01   2.730531e+04   8.634696e+02
  6.014600e-01   2.715363e+04   8.591030e+02
  6.041030e-01   2.665265e+04   8.466493e+02
  6.067460e-01   2.551160e+04   8.277057e+02
  6.093900e-01   2.624541e+04   8.332926e+02
  6.120330e-01   2.550414e+04   8.257269e+02
  6.146770e-01   2.574708e+04   8.187094e+02
  6.173200e-01   2.698209e+04   8.338775e+02
  6.199630e-01   2.579417e+04   8.112336e+02
  6.226070e-01   2.706075e+04   8.375091e+02
  6.252500e-01   2.607050e+04   8.179042e+02
  6.278940e-01   2.489770e+04   7.925026e+02
  6.305370e-01   2.631034e+04   8.146748e+02
  6.331800e-01   2.535781e+04   7.947633e+02
  6.358240e-01   2.484725e+04   7.916993e+02
  6.384670e-01   2.515307e+04   7.898999e+02
  6.411110e-01   2.521285e+04   7.913870e+02
  6.437540e-01   2.424408e+04   7.760341e+02
  6.463970e-01   2.676545e+04   8.148240e+02
  6.490410e-01   2.438860e+04   7.751207e+02
  6.516840e-01   2.514229e+04   7.864650e+02
  6.543270e-01   2.426371e+04   7.715410e+02
  6.569710e-01   2.475998e+04   7.853389e+02
  6.596140e-01   2.472835e+04   7.746544e+02
  6.622580e-01   2.360130e+04   7.609364e+02
  6.649010e-01   2.278661e+04   7.381306e+02
  6.675440e-01   2.468562e+04   7.729369e+02
  6.701880e-01   2.484708e+04   7.818342e+02
  6.728310e-01   2.388617e+04   7.527171e+02
  6.754750e-01   2.418454e+04   7.640188e+02
  6.781180e-01   2.328600e+04   7.427081e+02
  6.807610e-01   2.394164e+04   7.540908e+02
  6.834050e-01   2.308574e+04   7.370709e+02
  6.860480e-01   2.218848e+04   7.165033e+02
  6.886920e-01   2.286229e+04   7.378771e+02
  6.913350e-01   2.255062e+04   7.181581e+02
  6.939780e-01   2.266215e+04   7.302775e+02
  6.966220e-01   2.301799e+04   7.278927e+02
  6.992650e-01   2.279993e+04   7.202772e+02
  7.019080e-01   2.287394e+04   7.336821e+02
  7.045520e-01   2.226680e+04   7.055504e+02
  7.071950e-01   2.327092e+04   7.272163e+02
  7.098390e-01   2.331230e+04   7.306531e+02
  7.124820e-01   2.319249e+04   7.191685e+02
  7.151250e-01   2.287081e+04   7.232386e+02
  7.177690e-01   2.150142e+04   6.864876e+02
  7.204120e-01   2.190910e+04   6.998604e+02
  7.230560e-01   2.181526e+04   6.940357e+02
  7.256990e-01   2.224500e+04   7.034485e+02
  7.283420e-01   2.241672e+04   7.022390e+02
  7.309860e-01   2.168936e+04   6.886379e+02
  7.336290e-01   2.267638e+04   7.076012e+02
  7.362730e-01   2.237248e+04   6.964249e+02
  7.389160e-01   2.137526e+04   6.807268e+02
  7.415590e-01   2.170655e+04   6.884900e+02
  7.442030e-01   2.133012e+04   6.735081e+02
  7.468460e-01   2.174081e+04   6.881934e+02
  7.494900e-01   2.080626e+04   6.612663e+02
  7.521330e-01   2.099726e+04   6.690284e+02
  7.547760e-01   2.039478e+04   6.558519e+02
  7.574200e-01   2.125306e+04   6.730913e+02
  7.600630e-01   2.060383e+04   6.615492e+02
  7.627060e-01   1.985849e+04   6.389365e+02
  7.653500e-01   2.085178e+04   6.623786e+02
  7.679930e-01   1.998298e+04   6.442772e+02
  7.706370e-01   2.094977e+04   6.631535e+02
  7.732800e-01   2.067438e+04   6.511816e+02
  7.759230e-01   2.021332e+04   6.453616e+02
  7.785670e-01   2.074160e+04   6.552522e+02
  7.812100e-01   2.020717e+04   6.415783e+02
  7.838540e-01   1.971039e+04   6.358191e+02
  7.864970e-01   2.041701e+04   6.405385e+02
  7.891400e-01   1.993241e+04   6.325361e+02
  7.917840e-01   1.970206e+04   6.342317e+02
  7.944270e-01   1.848380e+04   6.074155e+02
  7.970710e-01   2.031926e+04   6.393627e+02
  7.997140e-01   1.914977e+04   6.151793e+02
  8.023570e-01   2.057278e+04   6.447910e+02
  8.050010e-01   1.921052e+04   6.164950e+02
  8.076440e-01   1.947519e+04   6.183378e+02
  8.102870e-01   1.877428e+04   6.091182e+02
  8.129310e-01   1.815893e+04   5.960959e+02
  8.155740e-01   1.854955e+04   6.021440e+02
  8.182180e-01   1.811700e+04   5.918565e+02
  8.208610e-01   1.883137e+04   6.030866e+02
  8.235040e-01   1.856317e+04   5.997488e+02
  8.261480e-01   1.970839e+04   6.183072e+02
  8.287910e-01   1.842229e+04   5.945770e+02
  8.314350e-01   2.007806e+04   6.161118e+02
  8.340780e-01   1.876866e+04   6.004626e+02
  8.367210e-01   1.843910e+04   5.935758e+02
  8.393650e-01   1.716655e+04   5.696920e+02
  8.420080e-01   1.860799e+04   5.950178e+02
  8.446520e-01   1.847500e+04   5.836473e+02
  8.472950e-01   1.801859e+04   5.864551e+02
  8.499380e-01   1.738038e+04   5.699253e+02
  8.525820e-01   1.797717e+04   5.757301e+02
  8.552250e-01   1.704399e+04   5.643829e+02
  8.578690e-01   1.708053e+04   5.652829e+02
  8.605120e-01   1.814246e+04   5.994436e+02
  8.631550e-01   1.862774e+04   6.034117e+02
  8.657990e-01   1.830369e+04   6.041117e+02
  8.684420e-01   1.832807e+04   6.075697e+02
  8.710850e-01   1.788498e+04   5.951747e+02
  8.737290e-01   1.772183e+04   6.011719e+02
  8.763720e-01   1.782601e+04   5.919031e+02
  8.790160e-01   1.796590e+04   6.028963e+02
  8.816590e-01   1.706078e+04   5.929032e+02
  8.843020e-01   1.816443e+04   6.021450e+02
  8.869460e-01   1.814740e+04   6.052496e+02
  8.895890e-01   1.741531e+04   5.719938e+02
  8.922330e-01   1.681379e+04   5.671151e+02
  8.948760e-01   1.665538e+04   5.570394e+02
  8.975190e-01   1.678662e+04   5.543429e+02
  9.001630e-01   1.760494e+04   5.732957e+02
  9.028060e-01   1.735788e+04   5.616878e+02
  9.054500e-01   1.703595e+04   5.607450e+02
  9.080930e-01   1.698714e+04   5.522994e+02
  9.107360e-01   1.621834e+04   5.391159e+02
  9.133800e-01   1.679554e+04   5.522338e+02
  9.160230e-01   1.588186e+04   5.329603e+02
  9.186660e-01   1.725963e+04   5.553194e+02
  9.213100e-01   1.630844e+04   5.344874e+02
  9.239530e-01   1.697557e+04   5.501814e+02
  9.265970e-01   1.604650e+04   5.351808e+02
  9.292400e-01   1.603062e+04   5.270836e+02
  9.318830e-01   1.637981e+04   5.385647e+02
  9.345270e-01   1.588241e+04   5.236276e+02
  9.371700e-01   1.645770e+04   5.385125e+02
  9.398140e-01   1.680052e+04   5.377714e+02
  9.424570e-01   1.655890e+04   5.305815e+02
  9.451000e-01   1.670879e+04   5.375965e+02
  9.477440e-01   1.544921e+04   5.129827e+02
  9.503870e-01   1.684009e+04   5.415408e+02
  9.530310e-01   1.663835e+04   5.258879e+02
  9.556740e-01   1.548099e+04   5.137547e+02
  9.583170e-01   1.669152e+04   5.296895e+02
  9.609610e-01   1.616815e+04   5.191281e+02
  9.636040e-01   1.631286e+04   5.251294e+02
  9.662480e-01   1.685409e+04   5.251542e+02
  9.688910e-01   1.610314e+04   5.178421e+02
  9.715340e-01   1.497308e+04   4.977221e+02
  9.741780e-01   1.539466e+04   4.989439e+02
  9.768210e-01   1.524861e+04   4.981504e+02
  9.794640e-01   1.559570e+04   4.979324e+02
  9.821080e-01   1.585812e+04   5.070868e+02
  9.847510e-01   1.514982e+04   4.981230e+02
  9.873950e-01   1.573340e+04   5.142623e+02
  9.900380e-01   1.594816e+04   5.275184e+02
  9.926810e-01   1.531510e+04   5.156861e+02
  9.953250e-01   1.520672e+04   5.228179e+02
  9.979680e-01   1.510327e+04   5.189543e+02
  1.000610e+00   1.627734e+04   5.453113e+02
  1.003250e+00   1.505426e+04   5.260384e+02
  1.005900e+00   1.566324e+04   5.385133e+02
  1.008540e+00   1.613191e+04   5.485015e+02
  1.011190e+00   1.460264e+04   5.218560e+02
  1.013830e+00   1.508325e+04   5.380018e+02
  1.016470e+00   1.596737e+04   5.505991e+02
  1.019120e+00   1.471864e+04   5.314595e+02
  1.021760e+00   1.477621e+04   5.324978e+02
  1.024400e+00   1.442337e+04   5.266669e+02
  1.027050e+00   1.491392e+04   5.399202e+02
  1.029690e+00   1.524463e+04   5.420366e+02
  1.032330e+00   1.595040e+04   5.611331e+02
  1.034980e+00   1.489102e+04   5.415810e+02
  1.037620e+00   1.511379e+04   5.450171e+02
  1.040260e+00   1.406794e+04   5.261112e+02
  1.042910e+00   1.379542e+04   5.007422e+02
  1.045550e+00   1.469388e+04   5.221243e+02
  1.048190e+00   1.534286e+04   5.259464e+02
  1.050840e+00   1.363596e+04   4.923660e+02
  1.053480e+00   1.511853e+04   5.161382e+02
  1.056120e+00   1.477755e+04   5.050862e+02
  1.058770e+00   1.415458e+04   4.967284e+02
  1.061410e+00   1.474093e+04   5.032471e+02
  1.064050e+00   1.504041e+04   5.061502e+02
  1.066700e+00   1.426419e+04   4.901235e+02
  1.069340e+00   1.422441e+04   4.876064e+02
  1.071980e+00   1.387482e+04   4.845296e+02
  1.074630e+00   1.543274e+04   5.022929e+02
  1.077270e+00   1.467101e+04   4.942789e+02
  1.079910e+00   1.400335e+04   4.789044e+02
  1.082560e+00   1.424382e+04   4.779913e+02
  1.085200e+00   1.400259e+04   4.769300e+02
  1.087840e+00   1.388418e+04   4.685684e+02
  1.090490e+00   1.376757e+04   4.705659e+02
  1.093130e+00   1.452362e+04   4.798738e+02
  1.095770e+00   1.449491e+04   4.791869e+02
  1.098420e+00   1.424495e+04   4.737800e+02
  1.101060e+00   1.355444e+04   4.603328e+02
  1.103700e+00   1.448809e+04   4.784390e+02
  1.106350e+00   1.269709e+04   4.447596e+02
  1.108990e+00   1.354456e+04   4.565870e+02
  1.111630e+00   1.306861e+04   4.477232e+02
  1.114280e+00   1.376944e+04   4.589814e+02
  1.116920e+00   1.408930e+04   4.691224e+02
  1.119560e+00   1.379010e+04   4.556377e+02
  1.122210e+00   1.415512e+04   4.651660e+02
  1.124850e+00   1.410132e+04   4.628986e+02
  1.127490e+00   1.396978e+04   4.613228e+02
  1.130140e+00   1.370368e+04   4.572976e+02
  1.132780e+00   1.282234e+04   4.395441e+02
  1.135420e+00   1.381335e+04   4.564061e+02
  1.138070e+00   1.393712e+04   4.565256e+02
  1.140710e+00   1.418464e+04   4.619153e+02
  1.143350e+00   1.374382e+04   4.541087e+02
  1.146000e+00   1.379529e+04   4.521223e+02
  1.148640e+00   1.362808e+04   4.527627e+02
  1.151280e+00   1.352781e+04   4.462414e+02
  1.153930e+00   1.340264e+04   4.452728e+02
  1.156570e+00   1.332923e+04   4.425898e+02
  1.159220e+00   1.404204e+04   4.529692e+02
  1.161860e+00   1.293996e+04   4.377006e+02
  1.164500e+00   1.332380e+04   4.378474e+02
  1.167150e+00   1.312444e+04   4.384567e+02
  1.169790e+00   1.340658e+04   4.379738e+02
  1.172430e+00   1.256155e+04   4.268588e+02
  1.175080e+00   1.308374e+04   4.356408e+02
  1.177720e+00   1.281757e+04   4.265419e+02
  1.180360e+00   1.325456e+04   4.379430e+02
  1.183010e+00   1.285616e+04   4.273532e+02
  1.185650e+00   1.252667e+04   4.242064e+02
  1.188290e+00   1.258467e+04   4.223140e+02
  1.190940e+00   1.387458e+04   4.418565e+02
  1.193580e+00   1.348493e+04   4.382014e+02
  1.196220e+00   1.322845e+04   4.300940e+02
  1.198870e+00   1.298171e+04   4.270669e+02
  1.201510e+00   1.398179e+04   4.414812e+02
  1.204150e+00   1.278098e+04   4.227571e+02
  1.206800e+00   1.273287e+04   4.227879e+02
  1.209440e+00   1.266680e+04   4.176122e+02
  1.212080e+00   1.335449e+04   4.314639e+02
  1.214730e+00   1.265642e+04   4.184084e+02
  1.217370e+00   1.355797e+04   4.315548e+02
  1.220010e+00   1.293602e+04   4.217022e+02
  1.222660e+00   1.252487e+04   4.107067e+02
  1.225300e+00   1.223999e+04   4.105160e+02
  1.227940e+00   1.237875e+04   4.112565e+02
  1.230590e+00   1.252084e+04   4.123520e+02
  1.233230e+00   1.207711e+04   4.048256e+02
  1.235870e+00   1.231183e+04   4.061298e+02
  1.238520e+00   1.282934e+04   4.175596e+02
  1.241160e+00   1.244406e+04   4.093797e+02
  1.243800e+00   1.295531e+04   4.149021e+02
  1.246450e+00   1.243240e+04   4.081136e+02
  1.249090e+00   1.232613e+04   4.068230e+02
  1.251730e+00   1.193228e+04   4.004210e+02
  1.254380e+00   1.281800e+04   4.096651e+02
  1.257020e+00   1.198107e+04   3.995910e+02
  1.259660e+00   1.291182e+04   4.116139e+02
  1.262310e+00   1.223221e+04   4.024102e+02
  1.264950e+00   1.220153e+04   4.020540e+02
  1.267590e+00   1.268254e+04   4.051290e+02
  1.270240e+00   1.236379e+04   4.021942e+02
  1.272880e+00   1.198411e+04   3.951043e+02
  1.275520e+00   1.215026e+04   3.988519e+02
  1.278170e+00   1.190614e+04   3.916832e+02
  1.280810e+00   1.281778e+04   4.086160e+02
  1.283450e+00   1.257659e+04   4.040183e+02
  1.286100e+00   1.267763e+04   4.037381e+02
  1.288740e+00   1.210397e+04   3.952088e+02
  1.291380e+00   1.185591e+04   3.871091e+02
  1.294030e+00   1.174671e+04   3.896137e+02
  1.296670e+00   1.240368e+04   3.994957e+02
  1.299310e+00   1.222645e+04   3.929731e+02
  1.301960e+00   1.180105e+04   3.863490e+02
  1.304600e+00   1.216631e+04   3.910400e+02
  1.307240e+00   1.204289e+04   3.927958e+02
  1.309890e+00   1.125164e+04   3.752632e+02
  1.312530e+00   1.109799e+04   3.734770e+02
  1.315180e+00   1.195660e+04   3.863002e+02
  1.317820e+00   1.205994e+04   3.870219e+02
  1.320460e+00   1.199831e+04   3.872437e+02
  1.323110e+00   1.204125e+04   3.832772e+02
  1.325750e+00   1.203868e+04   3.857441e+02
  1.328390e+00   1.173548e+04   3.791563e+02
  1.331040e+00   1.196805e+04   3.821104e+02
  1.333680e+00   1.173008e+04   3.803738e+02
  1.336320e+00   1.179057e+04   3.772137e+02
  1.338970e+00   1.248133e+04   3.919600e+02
  1.341610e+00   1.140917e+04   3.737198e+02
  1.344250e+00   1.110726e+04   3.659966e+02
  1.346900e+00   1.165196e+04   3.762616e+02
  1.349540e+00   1.117064e+04   3.653191e+02
  1.352180e+00   1.183367e+04   3.803485e+02
  1.354830e+00   1.152240e+04   3.722718e+02
  1.357470e+00   1.238655e+04   3.868910e+02
  1.360110e+00   1.143525e+04   3.719888e+02
  1.362760e+00   1.159615e+04   3.748504e+02
  1.365400e+00   1.158625e+04   3.757098e+02
  1.368040e+00   1.159146e+04   3.706539e+02
  1.370690e+00   1.179468e+04   3.771522e+02
  1.373330e+00   1.155198e+04   3.740090e+02
  1.375970e+00   1.128443e+04   3.676665e+02
  1.378620e+00   1.144928e+04   3.714636e+02
  1.381260e+00   1.210075e+04   3.783331e+02
  1.383900e+00   1.151120e+04   3.717161e+02
  1.386550e+00   1.146687e+04   3.695146e+02
  1.389190e+00   1.161455e+04   3.713922e+02
  1.391830e+00   1.137920e+04   3.668801e+02
  1.394480e+00   1.161162e+04   3.707306e+02
  1.397120e+00   1.093901e+04   3.616324e+02
  1.399760e+00   1.140167e+04   3.662745e+02
  1.402410e+00   1.056999e+04   3.511643e+02
  1.405050e+00   1.132320e+04   3.662186e+02
  1.407690e+00   1.186056e+04   3.735726e+02
  1.410340e+00   1.134169e+04   3.656708e+02
  1.412980e+00   1.186521e+04   3.713322e+02
  1.415620e+00   1.103838e+04   3.585100e+02
  1.418270e+00   1.017289e+04   3.460887e+02
  1.420910e+00   1.183393e+04   3.714463e+02
  1.423550e+00   1.154246e+04   3.668433e+02
  1.426200e+00   1.099543e+04   3.571151e+02
  1.428840e+00   1.063588e+04   3.512276e+02
  1.431480e+00   1.106227e+04   3.579668e+02
  1.434130e+00   1.119954e+04   3.577561e+02
  1.436770e+00   1.117522e+04   3.595567e+02
  1.439410e+00   1.169447e+04   3.688906e+02
  1.442060e+00   1.235710e+04   3.772392e+02
  1.444700e+00   1.122285e+04   3.599731e+02
  1.447340e+00   1.073325e+04   3.487838e+02
  1.449990e+00   1.099025e+04   3.550790e+02
  1.452630e+00   1.186975e+04   3.691316e+02
  1.455270e+00   1.156927e+04   3.634974e+02
  1.457920e+00   1.058845e+04   3.460943e+02
  1.460560e+00   1.111310e+04   3.544530e+02
  1.463200e+00   1.123675e+04   3.585792e+02
  1.465850e+00   1.142872e+04   3.597923e+02
  1.468490e+00   1.127185e+04   3.578817e+02
  1.471140e+00   1.091913e+04   3.496921e+02
  1.473780e+00   1.096580e+04   3.535517e+02
  1.476420e+00   1.171268e+04   3.635447e+02
  1.479070e+00   1.096031e+04   3.510108e+02
  1.481710e+00   1.052582e+04   3.425863e+02
  1.484350e+00   1.122829e+04   3.538333e+02
  1.487000e+00   1.108891e+04   3.544032e+02
  1.489640e+00   1.118640e+04   3.516415e+02
  1.492280e+00   1.126922e+04   3.554764e+02
  1.494930e+00   1.098317e+04   3.485403e+02
  1.497570e+00   1.138338e+04   3.566023e+02
  1.500210e+00   1.075998e+04   3.463759e+02
  1.502860e+00   1.052835e+04   3.405111e+02
  1.505500e+00   1.077125e+04   3.470988e+02
  1.508140e+00   1.142559e+04   3.554909e+02
  1.510790e+00   1.069354e+04   3.431721e+02
  1.513430e+00   1.113676e+04   3.504275e+02
  1.516070e+00   1.089507e+04   3.452234e+02
  1.518720e+00   1.054925e+04   3.419033e+02
  1.521360e+00   1.108672e+04   3.478214e+02
  1.524000e+00   1.100698e+04   3.472044e+02
  1.526650e+00   1.089368e+04   3.460490e+02
  1.529290e+00   1.061139e+04   3.396623e+02
  1.531930e+00   1.034686e+04   3.389228e+02
  1.534580e+00   1.069211e+04   3.398174e+02
  1.537220e+00   1.085022e+04   3.429426e+02
  1.539860e+00   1.074624e+04   3.422301e+02
  1.542510e+00   1.054169e+04   3.386479e+02
  1.545150e+00   1.050440e+04   3.399144e+02
  1.547790e+00   1.121047e+04   3.552173e+02
  1.550440e+00   1.094263e+04   3.567195e+02
  1.553080e+00   1.071702e+04   3.531379e+02
  1.555720e+00   1.044766e+04   3.511942e+02
  1.558370e+00   1.056350e+04   3.554901e+02
  1.561010e+00   1.114985e+04   3.642497e+02
  1.563650e+00   1.097011e+04   3.677189e+02
  1.566300e+00   1.116908e+04   3.666431e+02
  1.568940e+00   1.082447e+04   3.648928e+02
  1.571580e+00   1.080449e+04   3.638060e+02
  1.574230e+00   1.052723e+04   3.638744e+02
  1.576870e+00   1.094095e+04   3.720035e+02
  1.579510e+00   1.041010e+04   3.598257e+02
  1.582160e+00   1.121772e+04   3.770796e+02
  1.584800e+00   1.098774e+04   3.718788e+02
  1.587440e+00   1.049770e+04   3.688517e+02
  1.590090e+00   1.045544e+04   3.669139e+02
  1.592730e+00   1.066244e+04   3.678892e+02
  1.595370e+00   1.118304e+04   3.833496e+02
  1.598020e+00   1.090008e+04   3.765370e+02
  1.600660e+00   1.040368e+04   3.675959e+02
  1.603300e+00   1.027801e+04   3.556854e+02
  1.605950e+00   1.101460e+04   3.669496e+02
  1.608590e+00   1.038207e+04   3.558928e+02
  1.611230e+00   1.119734e+04   3.640571e+02
  1.613880e+00   1.116616e+04   3.653678e+02
  1.616520e+00   1.086623e+04   3.559352e+02
  1.619160e+00   1.018286e+04   3.468296e+02
  1.621810e+00   1.054906e+04   3.530110e+02
  1.624450e+00   1.054345e+04   3.472299e+02
  1.627100e+00   1.043581e+04   3.482474e+02
  1.629740e+00   1.077670e+04   3.509376e+02
  1.632380e+00   1.094263e+04   3.567195e+02
  1.635030e+00   1.098240e+04   3.542711e+02
  1.637670e+00   1.036696e+04   3.423470e+02
  1.640310e+00   1.066419e+04   3.504470e+02
  1.642960e+00   1.075341e+04   3.472458e+02
  1.645600e+00   1.084864e+04   3.503207e+02
  1.648240e+00   1.041149e+04   3.410397e+02
  1.650890e+00   1.014154e+04   3.371163e+02
  1.653530e+00   1.057762e+04   3.453716e+02
  1.656170e+00   1.139554e+04   3.564589e+02
  1.658820e+00   1.078276e+04   3.483752e+02
  1.661460e+00   1.032763e+04   3.382928e+02
  1.664100e+00   1.033128e+04   3.415417e+02
  1.666750e+00   1.045066e+04   3.423227e+02
  1.669390e+00   1.025449e+04   3.355372e+02
  1.672030e+00   1.085433e+04   3.488714e+02
  1.674680e+00   1.033719e+04   3.362688e+02
  1.677320e+00   1.088991e+04   3.491146e+02
  1.679960e+00   1.070464e+04   3.428227e+02
  1.682610e+00   1.000161e+04   3.304625e+02
  1.685250e+00   1.040701e+04   3.398011e+02
  1.687890e+00   9.917833e+03   3.296799e+02
  1.690540e+00   1.002875e+04   3.317217e+02
  1.693180e+00   1.001860e+04   3.283463e+02
  1.695820e+00   1.073973e+04   3.425441e+02
  1.698470e+00   1.018204e+04   3.356920e+02
  1.701110e+00   1.054645e+04   3.363795e+02
  1.703750e+00   1.008924e+04   3.335401e+02
  1.706400e+00   9.720559e+03   3.218799e+02
  1.709040e+00   1.030991e+04   3.344976e+02
  1.711680e+00   1.072665e+04   3.410875e+02
  1.714330e+00   9.684581e+03   3.215712e+02
  1.716970e+00   1.074829e+04   3.409150e+02
  1.719610e+00   1.067921e+04   3.394075e+02
  1.722260e+00   1.034143e+04   3.335946e+02
  1.724900e+00   1.070123e+04   3.372244e+02
  1.727540e+00   1.017740e+04   3.291607e+02
  1.730190e+00   1.081043e+04   3.406655e+02
  1.732830e+00   1.036625e+04   3.324975e+02
  1.735470e+00   1.126764e+04   3.470665e+02
  1.738120e+00   1.004441e+04   3.262271e+02
  1.740760e+00   1.052495e+04   3.343360e+02
  1.743400e+00   1.082651e+04   3.389913e+02
  1.746050e+00   1.088144e+04   3.395480e+02
  1.748690e+00   1.044787e+04   3.322229e+02
  1.751330e+00   9.785921e+03   3.202051e+02
  1.753980e+00   1.105192e+04   3.427054e+02
  1.756620e+00   1.107863e+04   3.405990e+02
  1.759260e+00   9.945433e+03   3.231832e+02
  1.761910e+00   1.035170e+04   3.293315e+02
  1.764550e+00   1.064907e+04   3.344204e+02
  1.767190e+00   1.073310e+04   3.367273e+02
  1.769840e+00   1.057591e+04   3.306588e+02
  1.772480e+00   1.020060e+04   3.263460e+02
  1.775120e+00   9.874319e+03   3.188584e+02
  1.777770e+00   1.027325e+04   3.261759e+02
  1.780410e+00   1.054942e+04   3.317822e+02
  1.783060e+00   1.098254e+04   3.351203e+02
  1.785700e+00   1.041298e+04   3.289587e+02
  1.788340e+00   1.090447e+04   3.355617e+02
  1.790990e+00   1.065945e+04   3.300597e+02
  1.793630e+00   1.040354e+04   3.283329e+02
  1.796270e+00   1.020549e+04   3.217622e+02
  1.798920e+00   1.017091e+04   3.253962e+02
  1.801560e+00   1.043461e+04   3.265602e+02
  1.804200e+00   1.093935e+04   3.342697e+02
  1.806850e+00   1.020827e+04   3.234615e+02
  1.809490e+00   1.089228e+04   3.334544e+02
  1.812130e+00   1.012675e+04   3.264995e+02
  1.814780e+00   1.056840e+04   3.277120e+02
  1.817420e+00   1.072892e+04   3.328498e+02
  1.820060e+00   1.117811e+04   3.401391e+02
  1.822710e+00   1.000154e+04   3.214615e+02
  1.825350e+00   1.028100e+04   3.272477e+02
  1.827990e+00   1.048253e+04   3.280599e+02
  1.830640e+00   1.057556e+04   3.332640e+02
  1.833280e+00   1.043890e+04   3.276588e+02
  1.835920e+00   9.941881e+03   3.217117e+02
  1.838570e+00   1.031786e+04   3.272625e+02
  1.841210e+00   1.002379e+04   3.205253e+02
  1.843850e+00   1.042499e+04   3.316631e+02
  1.846500e+00   1.039513e+04   3.272534e+02
  1.849140e+00   1.004598e+04   3.233917e+02
  1.851780e+00   1.013029e+04   3.255997e+02
  1.854430e+00   1.051753e+04   3.301267e+02
  1.857070e+00   1.072678e+04   3.360331e+02
  1.859710e+00   1.041585e+04   3.264531e+02
  1.862360e+00   1.037538e+04   3.294186e+02
  1.865000e+00   1.047103e+04   3.299702e+02
  1.867640e+00   1.072056e+04   3.343650e+02
  1.870290e+00   1.023192e+04   3.268467e+02
  1.872930e+00   1.057956e+04   3.290086e+02
  1.875570e+00   1.018991e+04   3.275161e+02
  1.878220e+00   1.020661e+04   3.258720e+02
  1.880860e+00   1.051326e+04   3.301553e+02
  1.883500e+00   1.035225e+04   3.300175e+02
  1.886150e+00   1.019811e+04   3.226540e+02
  1.888790e+00   9.712301e+03   3.200312e+02
  1.891430e+00   1.042862e+04   3.274973e+02
  1.894080e+00   1.010480e+04   3.252851e+02
  1.896720e+00   1.061790e+04   3.334414e+02
  1.899360e+00   1.041561e+04   3.287138e+02
  1.902010e+00   1.026652e+04   3.284552e+02
  1.904650e+00   9.980410e+03   3.194651e+02
  1.907290e+00   1.033517e+04   3.289721e+02
  1.909940e+00   1.038983e+04   3.277369e+02
  1.912580e+00   1.034781e+04   3.300439e+02
  1.915220e+00   1.043290e+04   3.297525e+02
  1.917870e+00   1.076182e+04   3.325925e+02
  1.920510e+00   1.103985e+04   3.394067e+02
  1.923150e+00   1.019465e+04   3.261556e+02
  1.925800e+00   1.022295e+04   3.255650e+02
  1.928440e+00   1.039290e+04   3.293117e+02
  1.931080e+00   1.067729e+04   3.320479e+02
  1.933730e+00   1.024398e+04   3.279017e+02
  1.936370e+00   1.039921e+04   3.283596e+02
  1.939020e+00   1.063151e+04   3.319107e+02
  1.941660e+00   1.054622e+04   3.308643e+02
  1.944300e+00   1.090370e+04   3.368163e+02
  1.946950e+00   1.029329e+04   3.283048e+02
  1.949590e+00   1.006545e+04   3.220223e+02
  1.952230e+00   1.071219e+04   3.344296e+02
  1.954880e+00   1.022739e+04   3.255413e+02
  1.957520e+00   1.016784e+04   3.256316e+02
  1.960160e+00   1.005381e+04   3.231416e+02
  1.962810e+00   1.065466e+04   3.315045e+02
  1.965450e+00   1.069746e+04   3.347863e+02
  1.968090e+00   1.039680e+04   3.274685e+02
  1.970740e+00   1.023037e+04   3.259668e+02
  1.973380e+00   1.045011e+04   3.284965e+02
  1.976020e+00   1.046648e+04   3.288486e+02
  1.978670e+00   1.011484e+04   3.261156e+02
  1.981310e+00   1.005901e+04   3.224770e+02
  1.983950e+00   9.983523e+03   3.223848e+02
  1.986600e+00   9.929245e+03   3.194682e+02
  1.989240e+00   1.078098e+04   3.351107e+02
  1.991880e+00   1.111713e+04   3.397018e+02
  1.994530e+00   1.073302e+04   3.304424e+02
  1.997170e+00   9.941943e+03   3.234114e+02
  1.999810e+00   1.031904e+04   3.243762e+02
  2.002460e+00   1.055524e+04   3.303354e+02
  2.005100e+00   1.082349e+04   3.335441e+02
  2.007740e+00   1.051278e+04   3.274071e+02
  2.010390e+00   1.037037e+04   3.287628e+02
  2.013030e+00   1.049238e+04   3.270894e+02
  2.015670e+00   9.840820e+03   3.169515e+02
  2.018320e+00   9.906924e+03   3.163037e+02
  2.020960e+00   1.024191e+04   3.237159e+02
  2.023600e+00   1.068173e+04   3.310673e+02
  2.026250e+00   1.004264e+04   3.183730e+02
  2.028890e+00   1.030241e+04   3.257907e+02
  2.031530e+00   1.070266e+04   3.290402e+02
  2.034180e+00   1.005259e+04   3.214464e+02
  2.036820e+00   1.053554e+04   3.274815e+02
  2.039460e+00   9.860960e+03   3.154801e+02
  2.042110e+00   1.025665e+04   3.245062e+02
  2.044750e+00   1.026787e+04   3.229272e+02
  2.047390e+00   9.922346e+03   3.199093e+02
  2.050040e+00   1.027756e+04   3.218030e+02
  2.052680e+00   1.026054e+04   3.225374e+02
  2.055320e+00   1.039944e+04   3.272271e+02
  2.057970e+00   1.024165e+04   3.217846e+02
  2.060610e+00   1.053136e+04   3.275097e+02
  2.063250e+00   1.014191e+04   3.203950e+02
  2.065900e+00   1.012972e+04   3.212954e+02
  2.068540e+00   9.885962e+03   3.184054e+02
  2.071180e+00   9.900433e+03   3.151342e+02
  2.073830e+00   1.021559e+04   3.238559e+02
  2.076470e+00   1.017107e+04   3.200414e+02
  2.079110e+00   9.978477e+03   3.207204e+02
  2.081760e+00   1.019110e+04   3.209895e+02
  2.084400e+00   1.016419e+04   3.190362e+02
  2.087040e+00   1.031391e+04   3.255041e+02
  2.089690e+00   1.021708e+04   3.221277e+02
  2.092330e+00   1.015121e+04   3.224638e+02
  2.094980e+00   1.010189e+04   3.191307e+02
  2.097620e+00   1.050692e+04   3.256492e+02
  2.100260e+00   9.939489e+03   3.179924e+02
  2.102910e+00   1.018239e+04   3.210338e+02
  2.105550e+00   1.052723e+04   3.291368e+02
  2.108190e+00   1.049885e+04   3.328359e+02
  2.110840e+00   1.050248e+04   3.396745e+02
  2.113480e+00   9.726137e+03   3.288034e+02
  2.116120e+00   1.024832e+04   3.360557e+02
  2.118770e+00   1.101923e+04   3.536240e+02
  2.121410e+00   9.895009e+03   3.329936e+02
  2.124050e+00   1.053579e+04   3.519761e+02
  2.126700e+00   1.087802e+04   3.534881e+02
  2.129340e+00   9.287555e+03   3.296030e+02
  2.131980e+00   1.032878e+04   3.505817e+02
  2.134630e+00   1.012178e+04   3.463603e+02
  2.137270e+00   9.941546e+03   3.490949e+02
  2.139910e+00   9.966347e+03   3.434630e+02
  2.142560e+00   9.748728e+03   3.464060e+02
  2.145200e+00   1.008107e+04   3.522611e+02
  2.147840e+00   1.063464e+04   3.624277e+02
  2.150490e+00   1.010458e+04   3.543830e+02
  2.153130e+00   9.923906e+03   3.478327e+02
  2.155770e+00   1.010229e+04   3.578413e+02
  2.158420e+00   9.853946e+03   3.544218e+02
  2.161060e+00   9.942960e+03   3.504433e+02
  2.163700e+00   1.022685e+04   3.503660e+02
  2.166350e+00   1.005010e+04   3.423077e+02
  2.168990e+00   1.025374e+04   3.480345e+02
  2.171630e+00   1.067311e+04   3.515000e+02
  2.174280e+00   9.854519e+03   3.362318e+02
  2.176920e+00   1.075884e+04   3.533667e+02
  2.179560e+00   1.063401e+04   3.462909e+02
  2.182210e+00   9.934845e+03   3.347134e+02
  2.184850e+00   9.922410e+03   3.333499e+02
  2.187490e+00   9.987276e+03   3.349625e+02
  2.190140e+00   1.048586e+04   3.449595e+02
  2.192780e+00   1.052057e+04   3.431433e+02
  2.195420e+00   9.702379e+03   3.268815e+02
  2.198070e+00   1.026260e+04   3.367049e+02
  2.200710e+00   9.954635e+03   3.327468e+02
  2.203350e+00   1.052588e+04   3.444172e+02
  2.206000e+00   9.971562e+03   3.312830e+02
  2.208640e+00   1.004575e+04   3.337476e+02
  2.211280e+00   1.004987e+04   3.344386e+02
  2.213930e+00   1.010794e+04   3.341582e+02
  2.216570e+00   1.015484e+04   3.360762e+02
  2.219210e+00   9.723658e+03   3.259378e+02
  2.221860e+00   1.017880e+04   3.359505e+02
  2.224500e+00   1.056890e+04   3.425400e+02
  2.227140e+00   1.018358e+04   3.359252e+02
  2.229790e+00   1.067347e+04   3.435912e+02
  2.232430e+00   1.018848e+04   3.351765e+02
  2.235070e+00   1.082013e+04   3.472346e+02
  2.237720e+00   1.020883e+04   3.374935e+02
  2.240360e+00   1.021522e+04   3.369691e+02
  2.243010e+00   1.058000e+04   3.427199e+02
  2.245650e+00   9.802877e+03   3.298931e+02
  2.248290e+00   9.827277e+03   3.307142e+02
  2.250940e+00   9.707380e+03   3.304431e+02
  2.253580e+00   9.909244e+03   3.299417e+02
  2.256220e+00   1.040032e+04   3.408567e+02
  2.258870e+00   9.791210e+03   3.317625e+02
  2.261510e+00   9.975596e+03   3.328899e+02
  2.264150e+00   1.015275e+04   3.373025e+02
  2.266800e+00   9.907585e+03   3.324768e+02
  2.269440e+00   1.024077e+04   3.385495e+02
  2.272080e+00   1.000882e+04   3.360632e+02
  2.274730e+00   9.596276e+03   3.260947e+02
  2.277370e+00   9.670886e+03   3.292008e+02
  2.280010e+00   1.013408e+04   3.359414e+02
  2.282660e+00   1.009527e+04   3.361359e+02
  2.285300e+00   9.784856e+03   3.304111e+02
  2.287940e+00   9.718169e+03   3.281592e+02
  2.290590e+00   9.898390e+03   3.346267e+02
  2.293230e+00   9.883513e+03   3.298171e+02
  2.295870e+00   1.040478e+04   3.421071e+02
  2.298520e+00   1.028025e+04   3.378301e+02
  2.301160e+00   1.024240e+04   3.387884e+02
  2.303800e+00   9.983110e+03   3.378771e+02
  2.306450e+00   9.794415e+03   3.281253e+02
  2.309090e+00   1.043949e+04   3.434341e+02
  2.311730e+00   1.054155e+04   3.427354e+02
  2.314380e+00   1.010451e+04   3.368169e+02
  2.317020e+00   1.043007e+04   3.434962e+02
  2.319660e+00   9.864907e+03   3.301165e+02
  2.322310e+00   1.012078e+04   3.394400e+02
  2.324950e+00   1.060180e+04   3.436064e+02
  2.327590e+00   9.820969e+03   3.325800e+02
  2.330240e+00   1.034490e+04   3.427417e+02
  2.332880e+00   9.659443e+03   3.276742e+02
  2.335520e+00   1.015619e+04   3.410116e+02
  2.338170e+00   1.012104e+04   3.362491e+02
  2.340810e+00   1.011619e+04   3.362735e+02
  2.343450e+00   9.761604e+03   3.320965e+02
  2.346100e+00   1.022158e+04   3.379151e+02
  2.348740e+00   1.046787e+04   3.445542e+02
  2.351380e+00   1.048927e+04   3.410355e+02
  2.354030e+00   1.037037e+04   3.407917e+02
  2.356670e+00   1.064959e+04   3.469823e+02
  2.359310e+00   9.584828e+03   3.272206e+02
  2.361960e+00   1.059600e+04   3.452365e+02
  2.364600e+00   1.024382e+04   3.375454e+02
  2.367240e+00   1.001921e+04   3.369826e+02
  2.369890e+00   9.815472e+03   3.314449e+02
  2.372530e+00   9.915974e+03   3.350297e+02
  2.375170e+00   1.002643e+04   3.364648e+02
  2.377820e+00   1.045977e+04   3.409786e+02
  2.380460e+00   1.029948e+04   3.419885e+02
  2.383100e+00   9.795737e+03   3.294663e+02
  2.385750e+00   1.040375e+04   3.426294e+02
  2.388390e+00   1.014189e+04   3.363851e+02
  2.391030e+00   9.464554e+03   3.259766e+02
  2.393680e+00   9.988295e+03   3.342456e+02
  2.396320e+00   1.027834e+04   3.368590e+02
  2.398970e+00   1.011232e+04   3.372649e+02
  2.401610e+00   9.921432e+03   3.303476e+02
  2.404250e+00   9.552203e+03   3.284115e+02
  2.406900e+00   1.043012e+04   3.409190e+02
  2.409540e+00   9.732344e+03   3.278910e+02
  2.412180e+00   1.033833e+04   3.425243e+02
  2.414830e+00   1.007340e+04   3.333809e+02
  2.417470e+00   1.015551e+04   3.385169e+02
  2.420110e+00   1.007417e+04   3.343230e+02
  2.422760e+00   1.028525e+04   3.385433e+02
  2.425400e+00   1.039903e+04   3.426597e+02
  2.428040e+00   1.028664e+04   3.380399e+02
  2.430690e+00   1.068131e+04   3.472792e+02
  2.433330e+00   1.063132e+04   3.431243e+02
  2.435970e+00   1.013105e+04   3.386435e+02
  2.438620e+00   9.885884e+03   3.342039e+02
  2.441260e+00   9.732186e+03   3.290079e+02
  2.443900e+00   1.001243e+04   3.358062e+02
  2.446550e+00   1.067096e+04   3.444038e+02
  2.449190e+00   1.057969e+04   3.456233e+02
  2.451830e+00   1.010107e+04   3.370772e+02
  2.454480e+00   9.769668e+03   3.304640e+02
  2.457120e+00   1.020047e+04   3.407738e+02
  2.459760e+00   1.000441e+04   3.344105e+02
  2.462410e+00   1.029912e+04   3.412252e+02
  2.465050e+00   1.016549e+04   3.377257e+02
  2.467690e+00   1.026980e+04   3.398808e+02
  2.470340e+00   1.005106e+04   3.380538e+02
  2.472980e+00   1.005255e+04   3.365843e+02
  2.475620e+00   9.874934e+03   3.330732e+02
  2.478270e+00   9.711553e+03   3.302027e+02
  2.480910e+00   9.815202e+03   3.335342e+02
  2.483550e+00   9.890676e+03   3.351328e+02
  2.486200e+00   1.046678e+04   3.437740e+02
  2.488840e+00   9.844109e+03   3.341308e+02
  2.491480e+00   9.953574e+03   3.343968e+02
  2.494130e+00   9.942411e+03   3.361148e+02
  2.496770e+00   9.225478e+03   3.231544e+02
  2.499410e+00   9.839558e+03   3.332095e+02
  2.502060e+00   9.943726e+03   3.373178e+02
  2.504700e+00   1.008348e+04   3.366777e+02
  2.507340e+00   9.623388e+03   3.304685e+02
  2.509990e+00   9.683951e+03   3.298367e+02
  2.512630e+00   9.267359e+03   3.250205e+02
  2.515270e+00   9.403559e+03   3.271916e+02
  2.517920e+00   1.012874e+04   3.398981e+02
  2.520560e+00   1.004825e+04   3.375775e+02
  2.523200e+00   9.811897e+03   3.328458e+02
  2.525850e+00   1.007104e+04   3.396878e+02
  2.528490e+00   1.082212e+04   3.511159e+02
  2.531130e+00   9.915974e+03   3.350297e+02
  2.533780e+00   1.032394e+04   3.426120e+02
  2.536420e+00   1.007524e+04   3.386755e+02
  2.539060e+00   1.048668e+04   3.476301e+02
  2.541710e+00   9.967383e+03   3.350499e+02
  2.544350e+00   9.751299e+03   3.332925e+02
  2.546990e+00   9.960239e+03   3.374898e+02
  2.549640e+00   9.992184e+03   3.385722e+02
  2.552280e+00   9.269024e+03   3.258815e+02
  2.554930e+00   1.039824e+04   3.418921e+02
  2.557570e+00   9.942447e+03   3.370805e+02
  2.560210e+00   9.517403e+03   3.291663e+02
  2.562860e+00   9.791130e+03   3.362288e+02
  2.565500e+00   9.916990e+03   3.371878e+02
  2.568140e+00   1.071058e+04   3.484153e+02
  2.570790e+00   1.005163e+04   3.407823e+02
  2.573430e+00   1.038482e+04   3.427503e+02
  2.576070e+00   1.040144e+04   3.449938e+02
  2.578720e+00   9.873518e+03   3.368801e+02
  2.581360e+00   9.811579e+03   3.349618e+02
  2.584000e+00   1.019849e+04   3.435958e+02
  2.586650e+00   1.021347e+04   3.412082e+02
  2.589290e+00   1.008808e+04   3.391072e+02
  2.591930e+00   1.021020e+04   3.414801e+02
  2.594580e+00   9.594845e+03   3.328415e+02
  2.597220e+00   1.012554e+04   3.426976e+02
  2.599860e+00   1.062239e+04   3.466485e+02
  2.602510e+00   9.912991e+03   3.384239e+02
  2.605150e+00   9.825272e+03   3.356249e+02
  2.607790e+00   9.888935e+03   3.368185e+02
  2.610440e+00   9.703061e+03   3.343896e+02
  2.613080e+00   1.040249e+04   3.444607e+02
  2.615720e+00   1.013326e+04   3.439454e+02
  2.618370e+00   1.026582e+04   3.429568e+02
  2.621010e+00   9.938642e+03   3.373395e+02
  2.623650e+00   1.006824e+04   3.409535e+02
  2.626300e+00   9.580007e+03   3.317285e+02
  2.628940e+00   1.033847e+04   3.475240e+02
  2.631580e+00   9.742967e+03   3.337885e+02
  2.634230e+00   1.054018e+04   3.480675e+02
  2.636870e+00   9.674723e+03   3.340085e+02
  2.639510e+00   1.128006e+04   3.599610e+02
  2.642160e+00   9.652764e+03   3.352543e+02
  2.644800e+00   9.586530e+03   3.305700e+02
  2.647440e+00   9.369435e+03   3.310527e+02
  2.650090e+00   1.028098e+04   3.444257e+02
  2.652730e+00   9.614333e+03   3.337184e+02
  2.655370e+00   9.653301e+03   3.326747e+02
  2.658020e+00   9.870754e+03   3.373754e+02
  2.660660e+00   1.030444e+04   3.455997e+02
  2.663300e+00   9.673780e+03   3.337771e+02
  2.665950e+00   1.019479e+04   3.462332e+02
  2.668590e+00   1.034032e+04   3.552977e+02
  2.671230e+00   1.019481e+04   3.582093e+02
  2.673880e+00   1.020526e+04   3.626281e+02
  2.676520e+00   9.788053e+03   3.541193e+02
  2.679160e+00   9.493510e+03   3.550371e+02
  2.681810e+00   9.859326e+03   3.619472e+02
  2.684450e+00   1.007299e+04   3.692938e+02
  2.687090e+00   9.993743e+03   3.693794e+02
  2.689740e+00   1.003470e+04   3.701355e+02
  2.692380e+00   1.069134e+04   3.890975e+02
  2.695020e+00   9.978379e+03   3.750105e+02
  2.697670e+00   1.023633e+04   3.825494e+02
  2.700310e+00   9.832431e+03   3.756779e+02
  2.702950e+00   9.979298e+03   3.790822e+02
  2.705600e+00   9.638344e+03   3.777565e+02
  2.708240e+00   1.012605e+04   3.846569e+02
  2.710890e+00   9.128325e+03   3.683892e+02
  2.713530e+00   9.819497e+03   3.836795e+02
  2.716170e+00   9.876549e+03   3.888888e+02
  2.718820e+00   9.894805e+03   3.914324e+02
  2.721460e+00   9.874774e+03   3.837940e+02
  2.724100e+00   9.587379e+03   3.706695e+02
  2.726750e+00   1.011135e+04   3.773522e+02
  2.729390e+00   1.043641e+04   3.826173e+02
  2.732030e+00   1.035804e+04   3.754787e+02
  2.734680e+00   1.012715e+04   3.702852e+02
  2.737320e+00   1.025657e+04   3.718003e+02
  2.739960e+00   9.427843e+03   3.540701e+02
  2.742610e+00   1.043622e+04   3.722477e+02
  2.745250e+00   9.876972e+03   3.580399e+02
  2.747890e+00   9.812996e+03   3.597619e+02
  2.750540e+00   9.843975e+03   3.599314e+02
  2.753180e+00   1.024182e+04   3.612013e+02
  2.755820e+00   1.011741e+04   3.634282e+02
  2.758470e+00   1.004516e+04   3.578441e+02
  2.761110e+00   9.995310e+03   3.604401e+02
  2.763750e+00   9.903145e+03   3.573490e+02
  2.766400e+00   9.581689e+03   3.482524e+02
  2.769040e+00   9.682380e+03   3.514481e+02
  2.771680e+00   9.817228e+03   3.515132e+02
  2.774330e+00   9.974560e+03   3.576053e+02
  2.776970e+00   9.718724e+03   3.502385e+02
  2.779610e+00   9.526923e+03   3.460334e+02
  2.782260e+00   1.000020e+04   3.580647e+02
  2.784900e+00   9.422329e+03   3.426868e+02
  2.787540e+00   9.646971e+03   3.499324e+02
  2.790190e+00   9.799477e+03   3.488706e+02
  2.792830e+00   1.041500e+04   3.628236e+02
  2.795470e+00   1.009350e+04   3.573061e+02
  2.798120e+00   1.034596e+04   3.584663e+02
  2.800760e+00   9.525285e+03   3.455184e+02
  2.803400e+00   1.033161e+04   3.579692e+02
  2.806050e+00   9.455992e+03   3.441388e+02
  2.808690e+00   9.923755e+03   3.499839e+02
  2.811330e+00   9.896436e+03   3.490204e+02
  2.813980e+00   9.952727e+03   3.523227e+02
  2.816620e+00   1.015886e+04   3.524070e+02
  2.819260e+00   9.443468e+03   3.439108e+02
  2.821910e+00   1.037574e+04   3.565145e+02
  2.824550e+00   9.395118e+03   3.390171e+02
  2.827190e+00   9.904180e+03   3.517078e+02
  2.829840e+00   9.844047e+03   3.463124e+02
  2.832480e+00   1.032969e+04   3.576879e+02
  2.835120e+00   9.319654e+03   3.367328e+02
  2.837770e+00   9.676895e+03   3.456034e+02
  2.840410e+00   9.944344e+03   3.507100e+02
  2.843050e+00   9.835514e+03   3.468718e+02
  2.845700e+00   9.713924e+03   3.462640e+02
  2.848340e+00   9.661999e+03   3.418169e+02
  2.850980e+00   9.958117e+03   3.511957e+02
  2.853630e+00   9.640737e+03   3.436552e+02
  2.856270e+00   9.727771e+03   3.441438e+02
  2.858910e+00   9.660134e+03   3.472263e+02
  2.861560e+00   9.866729e+03   3.475407e+02
  2.864200e+00   1.030195e+04   3.584505e+02
  2.866850e+00   9.966063e+03   3.495251e+02
  2.869490e+00   9.346738e+03   3.383746e+02
  2.872130e+00   9.047694e+03   3.346410e+02
  2.874780e+00   9.640830e+03   3.451971e+02
  2.877420e+00   9.374195e+03   3.400378e+02
  2.880060e+00   1.000387e+04   3.493505e+02
  2.882710e+00   9.865465e+03   3.472808e+02
  2.885350e+00   9.513814e+03   3.437481e+02
  2.887990e+00   9.992018e+03   3.502201e+02
  2.890640e+00   9.816286e+03   3.488065e+02
  2.893280e+00   9.488735e+03   3.412861e+02
  2.895920e+00   9.371826e+03   3.390608e+02
  2.898570e+00   9.630372e+03   3.439419e+02
  2.901210e+00   9.907593e+03   3.479026e+02
  2.903850e+00   9.660860e+03   3.459143e+02
  2.906500e+00   9.900830e+03   3.476652e+02
  2.909140e+00   9.474407e+03   3.443532e+02
  2.911780e+00   1.035128e+04   3.537994e+02
  2.914430e+00   9.496775e+03   3.420180e+02
  2.917070e+00   9.881876e+03   3.472137e+02
  2.919710e+00   9.970290e+03   3.503203e+02
  2.922360e+00   1.023582e+04   3.550768e+02
  2.925000e+00   1.015585e+04   3.510376e+02
  2.927640e+00   9.947054e+03   3.501529e+02
  2.930290e+00   9.885737e+03   3.479944e+02
  2.932930e+00   9.884447e+03   3.477336e+02
  2.935570e+00   9.773346e+03   3.468431e+02
  2.938220e+00   9.469943e+03   3.388612e+02
  2.940860e+00   9.708987e+03   3.478606e+02
  2.943500e+00   9.477821e+03   3.395782e+02
  2.946150e+00   9.836121e+03   3.481949e+02
  2.948790e+00   9.696821e+03   3.434790e+02
  2.951430e+00   9.512503e+03   3.414790e+02
  2.954080e+00   9.962355e+03   3.520025e+02
  2.956720e+00   9.510457e+03   3.390112e+02
  2.959360e+00   1.009874e+04   3.524484e+02
  2.962010e+00   9.588199e+03   3.417824e+02
  2.964650e+00   9.624699e+03   3.439587e+02
  2.967290e+00   9.163290e+03   3.352673e+02
  2.969940e+00   9.605120e+03   3.417348e+02
  2.972580e+00   1.019013e+04   3.539180e+02
  2.975220e+00   1.039279e+04   3.581591e+02
  2.977870e+00   9.578616e+03   3.423118e+02
  2.980510e+00   9.564680e+03   3.415957e+02
  2.983150e+00   9.956334e+03   3.476903e+02
  2.985800e+00   9.120723e+03   3.348323e+02
  2.988440e+00   9.223468e+03   3.356764e+02
  2.991080e+00   9.219060e+03   3.366325e+02
  2.993730e+00   9.132233e+03   3.343548e+02
  2.996370e+00   9.907767e+03   3.468412e+02
  2.999010e+00   9.903251e+03   3.492607e+02
  3.001660e+00   9.475728e+03   3.408182e+02
  3.004300e+00   9.876414e+03   3.472362e+02
  3.006940e+00   9.594416e+03   3.435352e+02
  3.009590e+00   9.675082e+03   3.422798e+02
  3.012230e+00   1.016555e+04   3.534908e+02
  3.014870e+00   9.296284e+03   3.367688e+02
  3.017520e+00   9.876045e+03   3.483012e+02
  3.020160e+00   8.991354e+03   3.314257e+02
  3.022810e+00   9.430482e+03   3.391909e+02
  3.025450e+00   9.523964e+03   3.414507e+02
  3.028090e+00   9.381494e+03   3.359114e+02
  3.030740e+00   1.020954e+04   3.526828e+02
  3.033380e+00   9.275035e+03   3.349021e+02
  3.036020e+00   9.526487e+03   3.404489e+02
  3.038670e+00   9.699300e+03   3.427079e+02
  3.041310e+00   9.789544e+03   3.441820e+02
  3.043950e+00   9.933396e+03   3.475255e+02
  3.046600e+00   9.167531e+03   3.295201e+02
  3.049240e+00   9.807110e+03   3.443742e+02
  3.051880e+00   9.280396e+03   3.346596e+02
  3.054530e+00   9.154395e+03   3.329421e+02
  3.057170e+00   9.639618e+03   3.403867e+02
  3.059810e+00   9.851592e+03   3.421599e+02
  3.062460e+00   9.434625e+03   3.365219e+02
  3.065100e+00   9.447306e+03   3.369742e+02
  3.067740e+00   9.356882e+03   3.352451e+02
  3.070390e+00   9.712055e+03   3.404074e+02
  3.073030e+00   9.471345e+03   3.374027e+02
  3.075670e+00   9.363736e+03   3.357062e+02
  3.078320e+00   1.023885e+04   3.505715e+02
  3.080960e+00   9.372875e+03   3.347455e+02
  3.083600e+00   9.784767e+03   3.419074e+02
  3.086250e+00   9.304044e+03   3.348599e+02
  3.088890e+00   9.171474e+03   3.324657e+02
  3.091530e+00   9.204452e+03   3.310611e+02
  3.094180e+00   9.752170e+03   3.420235e+02
  3.096820e+00   9.236373e+03   3.328558e+02
  3.099460e+00   1.020106e+04   3.505126e+02
  3.102110e+00   9.641497e+03   3.408784e+02
  3.104750e+00   9.954732e+03   3.453258e+02
  3.107390e+00   9.622045e+03   3.401907e+02
  3.110040e+00   1.008281e+04   3.478898e+02
  3.112680e+00   9.889760e+03   3.432786e+02
  3.115320e+00   9.612876e+03   3.392310e+02
  3.117970e+00   9.452973e+03   3.369621e+02
  3.120610e+00   9.467098e+03   3.378952e+02
  3.123250e+00   9.688698e+03   3.414818e+02
  3.125900e+00   9.419421e+03   3.351280e+02
  3.128540e+00   9.699715e+03   3.414461e+02
  3.131180e+00   8.894410e+03   3.269650e+02
  3.133830e+00   9.093035e+03   3.309294e+02
  3.136470e+00   9.416939e+03   3.363192e+02
  3.139110e+00   9.841532e+03   3.434718e+02
  3.141760e+00   1.002716e+04   3.476291e+02
  3.144400e+00   1.007452e+04   3.473974e+02
  3.147040e+00   9.620222e+03   3.397018e+02
  3.149690e+00   9.241368e+03   3.323889e+02
  3.152330e+00   1.000020e+04   3.466946e+02
  3.154970e+00   9.604220e+03   3.414868e+02
  3.157620e+00   9.706599e+03   3.404253e+02
  3.160260e+00   9.247142e+03   3.323817e+02
  3.162900e+00   9.862596e+03   3.444168e+02
  3.165550e+00   9.545895e+03   3.394129e+02
  3.168190e+00   9.944143e+03   3.464207e+02
  3.170830e+00   9.371156e+03   3.340456e+02
  3.173480e+00   1.047807e+04   3.552397e+02
  3.176120e+00   9.476996e+03   3.373900e+02
  3.178770e+00   8.804542e+03   3.249816e+02
  3.181410e+00   9.674692e+03   3.407765e+02
  3.184050e+00   9.199353e+03   3.315217e+02
  3.186700e+00   9.964143e+03   3.460690e+02
  3.189340e+00   9.110535e+03   3.306915e+02
  3.191980e+00   9.460893e+03   3.338677e+02
  3.194630e+00   9.367751e+03   3.349901e+02
  3.197270e+00   9.202719e+03   3.299335e+02
  3.199910e+00   9.312111e+03   3.332135e+02
  3.202560e+00   9.649569e+03   3.386335e+02
  3.205200e+00   9.657651e+03   3.378784e+02
  3.207840e+00   9.682270e+03   3.385326e+02
  3.210490e+00   9.504723e+03   3.354144e+02
  3.213130e+00   9.377846e+03   3.321804e+02
  3.215770e+00   9.499561e+03   3.337806e+02
  3.218420e+00   9.030678e+03   3.258665e+02
  3.221060e+00   9.710337e+03   3.386869e+02
  3.223700e+00   9.860716e+03   3.396211e+02
  3.226350e+00   9.400011e+03   3.342259e+02
  3.228990e+00   9.958537e+03   3.545333e+02
  3.231630e+00   9.735354e+03   3.557221e+02
  3.234280e+00   9.363233e+03   3.536444e+02
  3.236920e+00   1.017986e+04   3.690195e+02
  3.239560e+00   1.019637e+04   3.748259e+02
  3.242210e+00   1.015811e+04   3.767434e+02
  3.244850e+00   9.811106e+03   3.737734e+02
  3.247490e+00   9.905747e+03   3.773789e+02
  3.250140e+00   1.018470e+04   3.846709e+02
  3.252780e+00   9.804057e+03   3.816224e+02
  3.255420e+00   8.732430e+03   3.619709e+02
  3.258070e+00   9.792363e+03   3.837930e+02
  3.260710e+00   1.073400e+04   4.019913e+02
  3.263350e+00   9.765321e+03   3.893689e+02
  3.266000e+00   9.702717e+03   3.899851e+02
  3.268640e+00   9.797168e+03   3.937814e+02
  3.271280e+00   9.211554e+03   3.818312e+02
  3.273930e+00   9.110610e+03   3.819366e+02
  3.276570e+00   9.114302e+03   3.861854e+02
  3.279210e+00   9.797712e+03   4.033654e+02
  3.281860e+00   9.510901e+03   3.902370e+02
  3.284500e+00   9.257744e+03   3.773175e+02
  3.287140e+00   1.015174e+04   3.893014e+02
  3.289790e+00   9.090298e+03   3.665562e+02
  3.292430e+00   9.799987e+03   3.758123e+02
  3.295070e+00   9.516645e+03   3.695959e+02
  3.297720e+00   9.099374e+03   3.602477e+02
  3.300360e+00   9.723182e+03   3.715037e+02
  3.303000e+00   9.507938e+03   3.643450e+02
  3.305650e+00   9.779334e+03   3.677897e+02
  3.308290e+00   9.351169e+03   3.599267e+02
  3.310930e+00   9.206730e+03   3.578297e+02
  3.313580e+00   8.587019e+03   3.459809e+02
  3.316220e+00   9.652647e+03   3.648358e+02
  3.318860e+00   8.901024e+03   3.507495e+02
  3.321510e+00   9.887740e+03   3.667160e+02
  3.324150e+00   9.791545e+03   3.661830e+02
  3.326800e+00   9.832691e+03   3.641737e+02
  3.329440e+00   9.617779e+03   3.622265e+02
  3.332080e+00   9.221728e+03   3.544198e+02
  3.334730e+00   9.105326e+03   3.515072e+02
  3.337370e+00   9.828681e+03   3.632785e+02
  3.340010e+00   9.254513e+03   3.505397e+02
  3.342660e+00   9.732319e+03   3.609517e+02
  3.345300e+00   1.001344e+04   3.661278e+02
  3.347940e+00   9.526271e+03   3.555173e+02
  3.350590e+00   9.311794e+03   3.504540e+02
  3.353230e+00   9.583598e+03   3.559259e+02
  3.355870e+00   9.708610e+03   3.581075e+02
  3.358520e+00   9.586873e+03   3.550694e+02
  3.361160e+00   9.504662e+03   3.525084e+02
  3.363800e+00   9.537772e+03   3.552052e+02
  3.366450e+00   9.962419e+03   3.620903e+02
  3.369090e+00   9.560572e+03   3.545820e+02
  3.371730e+00   9.536931e+03   3.510593e+02
  3.374380e+00   8.942488e+03   3.411772e+02
  3.377020e+00   9.960920e+03   3.617969e+02
  3.379660e+00   1.001084e+04   3.633704e+02
  3.382310e+00   9.678469e+03   3.550686e+02
  3.384950e+00   9.401575e+03   3.486851e+02
  3.387590e+00   9.182424e+03   3.450966e+02
  3.390240e+00   8.772529e+03   3.386597e+02
  3.392880e+00   9.455529e+03   3.504452e+02
  3.395520e+00   9.430260e+03   3.502311e+02
  3.398170e+00   9.537782e+03   3.532512e+02
  3.400810e+00   9.276114e+03   3.483718e+02
  3.403450e+00   9.792286e+03   3.578023e+02
  3.406100e+00   9.689843e+03   3.533522e+02
  3.408740e+00   9.719812e+03   3.563456e+02
  3.411380e+00   9.704521e+03   3.555461e+02
  3.414030e+00   8.981538e+03   3.419213e+02
  3.416670e+00   9.548207e+03   3.526711e+02
  3.419310e+00   9.460893e+03   3.501634e+02
  3.421960e+00   8.975197e+03   3.426746e+02
  3.424600e+00   9.837390e+03   3.584944e+02
  3.427240e+00   9.420627e+03   3.489121e+02
  3.429890e+00   9.511086e+03   3.505833e+02
  3.432530e+00   9.956185e+03   3.585633e+02
  3.435170e+00   9.385057e+03   3.495178e+02
  3.437820e+00   1.018700e+04   3.615229e+02
  3.440460e+00   9.353047e+03   3.464092e+02
  3.443100e+00   9.302761e+03   3.459734e+02
  3.445750e+00   9.627417e+03   3.510758e+02
  3.448390e+00   9.006730e+03   3.401795e+02
  3.451030e+00   8.999690e+03   3.382290e+02
  3.453680e+00   9.591232e+03   3.492921e+02
  3.456320e+00   9.977528e+03   3.581724e+02
  3.458960e+00   9.549616e+03   3.475461e+02
  3.461610e+00   9.131414e+03   3.391322e+02
  3.464250e+00   9.133295e+03   3.408515e+02
  3.466890e+00   9.687696e+03   3.498024e+02
  3.469540e+00   9.710438e+03   3.510816e+02
  3.472180e+00   1.004396e+04   3.535643e+02
  3.474820e+00   9.218801e+03   3.402722e+02
  3.477470e+00   9.238681e+03   3.412385e+02
  3.480110e+00   9.461077e+03   3.459312e+02
  3.482760e+00   9.910943e+03   3.530627e+02
  3.485400e+00   9.576795e+03   3.451238e+02
  3.488040e+00   9.975036e+03   3.533339e+02
  3.490690e+00   9.367114e+03   3.445748e+02
  3.493330e+00   9.416428e+03   3.426989e+02
  3.495970e+00   8.650006e+03   3.281134e+02
  3.498620e+00   9.639061e+03   3.478197e+02
  3.501260e+00   9.675684e+03   3.482355e+02
  3.503900e+00   9.248695e+03   3.399888e+02
  3.506550e+00   9.154514e+03   3.378993e+02
  3.509190e+00   9.998985e+03   3.546274e+02
  3.511830e+00   9.149577e+03   3.388732e+02
  3.514480e+00   9.173706e+03   3.386077e+02
  3.517120e+00   9.540315e+03   3.447056e+02
  3.519760e+00   9.190891e+03   3.378639e+02
  3.522410e+00   1.009313e+04   3.552950e+02
  3.525050e+00   1.010451e+04   3.572483e+02
  3.527690e+00   9.048133e+03   3.353461e+02
  3.530340e+00   9.480288e+03   3.443396e+02
  3.532980e+00   9.048872e+03   3.365312e+02
  3.535620e+00   8.767391e+03   3.311398e+02
  3.538270e+00   9.099154e+03   3.377013e+02
  3.540910e+00   8.954823e+03   3.323446e+02
  3.543550e+00   9.312739e+03   3.418814e+02
  3.546200e+00   9.211200e+03   3.392989e+02
  3.548840e+00   8.711915e+03   3.295149e+02
  3.551480e+00   9.488974e+03   3.432990e+02
  3.554130e+00   8.836697e+03   3.316353e+02
  3.556770e+00   9.143443e+03   3.388785e+02
  3.559410e+00   9.017530e+03   3.358304e+02
  3.562060e+00   9.394254e+03   3.409898e+02
  3.564700e+00   9.104625e+03   3.369773e+02
  3.567340e+00   9.128017e+03   3.360069e+02
  3.569990e+00   9.187919e+03   3.400601e+02
  3.572630e+00   9.889340e+03   3.498597e+02
  3.575270e+00   9.272768e+03   3.399562e+02
  3.577920e+00   9.562017e+03   3.459416e+02
  3.580560e+00   9.299186e+03   3.411541e+02
  3.583200e+00   8.707485e+03   3.281757e+02
  3.585850e+00   9.455430e+03   3.418618e+02
  3.588490e+00   9.269040e+03   3.411981e+02
  3.591130e+00   9.123460e+03   3.374433e+02
  3.593780e+00   8.961131e+03   3.337300e+02
  3.596420e+00   9.909914e+03   3.505876e+02
  3.599060e+00   9.858548e+03   3.505296e+02
  3.601710e+00   9.617043e+03   3.450095e+02
  3.604350e+00   9.048280e+03   3.355821e+02
  3.606990e+00   9.060726e+03   3.358128e+02
  3.609640e+00   9.104852e+03   3.372167e+02
  3.612280e+00   9.403313e+03   3.422216e+02
  3.614920e+00   9.575914e+03   3.448681e+02
  3.617570e+00   8.582804e+03   3.262693e+02
  3.620210e+00   8.730758e+03   3.297562e+02
  3.622850e+00   9.146429e+03   3.362294e+02
  3.625500e+00   9.606504e+03   3.452986e+02
  3.628140e+00   9.743030e+03   3.477437e+02
  3.630780e+00   9.041987e+03   3.353487e+02
  3.633430e+00   9.047694e+03   3.346410e+02
  3.636070e+00   9.351784e+03   3.405719e+02
  3.638720e+00   9.641901e+03   3.470196e+02
  3.641360e+00   9.484646e+03   3.438181e+02
  3.644000e+00   9.472922e+03   3.438453e+02
  3.646650e+00   8.979492e+03   3.328021e+02
  3.649290e+00   8.942488e+03   3.330357e+02
  3.651930e+00   9.178143e+03   3.373953e+02
  3.654580e+00   9.419008e+03   3.414388e+02
  3.657220e+00   8.748766e+03   3.306723e+02
  3.659860e+00   9.353494e+03   3.413138e+02
  3.662510e+00   9.016597e+03   3.337192e+02
  3.665150e+00   8.899525e+03   3.305201e+02
  3.667790e+00   9.208229e+03   3.373634e+02
  3.670440e+00   9.592288e+03   3.445652e+02
  3.673080e+00   9.418350e+03   3.411908e+02
  3.675720e+00   9.107524e+03   3.336739e+02
  3.678370e+00   9.133015e+03   3.350578e+02
  3.681010e+00   9.180223e+03   3.345459e+02
  3.683650e+00   8.930221e+03   3.309760e+02
  3.686300e+00   9.245829e+03   3.349410e+02
  3.688940e+00   9.334488e+03   3.381528e+02
  3.691580e+00   9.132233e+03   3.343548e+02
  3.694230e+00   9.087501e+03   3.313871e+02
  3.696870e+00   8.834167e+03   3.260751e+02
  3.699510e+00   9.280853e+03   3.348939e+02
  3.702160e+00   9.142829e+03   3.331832e+02
  3.704800e+00   8.693241e+03   3.251088e+02
  3.707440e+00   9.366048e+03   3.342886e+02
  3.710090e+00   9.466392e+03   3.376550e+02
  3.712730e+00   9.327629e+03   3.350583e+02
  3.715370e+00   9.057213e+03   3.307227e+02
  3.718020e+00   9.280396e+03   3.346596e+02
  3.720660e+00   9.421336e+03   3.358344e+02
  3.723300e+00   9.136363e+03   3.327267e+02
  3.725950e+00   9.377528e+03   3.366336e+02
  3.728590e+00   9.348422e+03   3.340854e+02
  3.731230e+00   9.284354e+03   3.337192e+02
  3.733880e+00   9.398004e+03   3.356430e+02
  3.736520e+00   9.637813e+03   3.413889e+02
  3.739160e+00   9.867573e+03   3.454342e+02
  3.741810e+00   9.098114e+03   3.300233e+02
  3.744450e+00   9.057058e+03   3.304967e+02
  3.747090e+00   9.189385e+03   3.326781e+02
  3.749740e+00   9.153538e+03   3.322524e+02
  3.752380e+00   9.326080e+03   3.343562e+02
  3.755020e+00   9.279033e+03   3.339597e+02
  3.757670e+00   9.306497e+03   3.360381e+02
  3.760310e+00   8.755810e+03   3.247350e+02
  3.762950e+00   9.305907e+03   3.329915e+02
  3.765600e+00   9.062845e+03   3.302684e+02
  3.768240e+00   9.039557e+03   3.311838e+02
  3.770880e+00   8.972884e+03   3.302964e+02
  3.773530e+00   9.781596e+03   3.424243e+02
  3.776170e+00   8.728154e+03   3.223817e+02
  3.778810e+00   9.069118e+03   3.307167e+02
  3.781460e+00   8.906381e+03   3.274051e+02
  3.784100e+00   9.267889e+03   3.342086e+02
  3.786740e+00   9.505987e+03   3.412451e+02
  3.789390e+00   9.342702e+03   3.501326e+02
  3.792030e+00   9.429522e+03   3.571686e+02
  3.794680e+00   9.354584e+03   3.584685e+02
  3.797320e+00   9.047201e+03   3.554076e+02
  3.799960e+00   8.480940e+03   3.497481e+02
  3.802610e+00   9.141538e+03   3.671330e+02
  3.805250e+00   9.404378e+03   3.773847e+02
  3.807890e+00   8.590186e+03   3.588602e+02
  3.810540e+00   8.774339e+03   3.662338e+02
  3.813180e+00   8.942488e+03   3.732522e+02
  3.815820e+00   9.099374e+03   3.778309e+02
  3.818470e+00   9.278431e+03   3.852659e+02
  3.821110e+00   8.910494e+03   3.775497e+02
  3.823750e+00   9.691123e+03   3.993158e+02
  3.826400e+00   9.541985e+03   3.986221e+02
  3.829040e+00   9.430873e+03   3.985271e+02
  3.831680e+00   9.035904e+03   3.917561e+02
  3.834330e+00   8.458175e+03   3.824919e+02
  3.836970e+00   9.249038e+03   4.025127e+02
  3.839610e+00   8.535207e+03   3.887680e+02
  3.842260e+00   8.728553e+03   3.865068e+02
  3.844900e+00   8.481201e+03   3.705030e+02
  3.847540e+00   9.372109e+03   3.861710e+02
  3.850190e+00   9.120564e+03   3.758063e+02
  3.852830e+00   9.203247e+03   3.757210e+02
  3.855470e+00   9.070994e+03   3.703218e+02
  3.858120e+00   8.493868e+03   3.563948e+02
  3.860760e+00   8.876029e+03   3.620608e+02
  3.863400e+00   9.364166e+03   3.689999e+02
  3.866050e+00   8.811409e+03   3.582347e+02
  3.868690e+00   9.295481e+03   3.697544e+02
  3.871330e+00   9.008403e+03   3.632539e+02
  3.873980e+00   8.784087e+03   3.556573e+02
  3.876620e+00   9.057319e+03   3.605662e+02
  3.879260e+00   8.849561e+03   3.556939e+02
  3.881910e+00   8.483899e+03   3.486861e+02
  3.884550e+00   8.360517e+03   3.444891e+02
  3.887190e+00   8.788789e+03   3.504320e+02
  3.889840e+00   8.858652e+03   3.518220e+02
  3.892480e+00   9.192433e+03   3.572741e+02
  3.895120e+00   9.115658e+03   3.553653e+02
  3.897770e+00   8.990677e+03   3.518324e+02
  3.900410e+00   9.324762e+03   3.568021e+02
  3.903050e+00   8.439172e+03   3.411333e+02
  3.905700e+00   8.888127e+03   3.475533e+02
  3.908340e+00   9.138803e+03   3.517527e+02
  3.910980e+00   8.338266e+03   3.346031e+02
  3.913630e+00   8.915472e+03   3.470343e+02
  3.916270e+00   9.210629e+03   3.514074e+02
  3.918910e+00   9.069190e+03   3.477876e+02
  3.921560e+00   8.736379e+03   3.408386e+02
  3.924200e+00   8.551379e+03   3.367102e+02
  3.926840e+00   9.431944e+03   3.532291e+02
  3.929490e+00   8.678308e+03   3.385731e+02
  3.932130e+00   8.797617e+03   3.403900e+02
  3.934770e+00   8.639576e+03   3.373188e+02
  3.937420e+00   8.856566e+03   3.421590e+02
  3.940060e+00   8.744353e+03   3.398589e+02
  3.942700e+00   8.726612e+03   3.378958e+02
  3.945350e+00   8.172957e+03   3.292978e+02
  3.947990e+00   9.048004e+03   3.454544e+02
  3.950640e+00   9.348058e+03   3.525687e+02
  3.953280e+00   9.420731e+03   3.513340e+02
  3.955920e+00   9.140039e+03   3.469512e+02
  3.958570e+00   8.647248e+03   3.368490e+02
  3.961210e+00   8.125943e+03   3.271381e+02
  3.963850e+00   8.785602e+03   3.389120e+02
  3.966500e+00   8.628717e+03   3.358723e+02
  3.969140e+00   9.759033e+03   3.585071e+02
  3.971780e+00   8.877215e+03   3.404256e+02
  3.974430e+00   8.903608e+03   3.396938e+02
  3.977070e+00   8.962113e+03   3.424247e+02
  3.979710e+00   9.394526e+03   3.508450e+02
  3.982360e+00   9.060845e+03   3.451907e+02
  3.985000e+00   8.538382e+03   3.336222e+02
  3.987640e+00   8.747804e+03   3.369528e+02
  3.990290e+00   8.650250e+03   3.351904e+02
  3.992930e+00   8.831765e+03   3.391819e+02
  3.995570e+00   8.623810e+03   3.349210e+02
  3.998220e+00   8.452842e+03   3.300280e+02
  4.000860e+00   8.799304e+03   3.384348e+02
  4.003500e+00   8.511682e+03   3.333432e+02
  4.006150e+00   8.610803e+03   3.346684e+02
  4.008790e+00   9.032816e+03   3.414084e+02
  4.011430e+00   9.019690e+03   3.406690e+02
  4.014080e+00   8.994479e+03   3.419188e+02
  4.016720e+00   8.545767e+03   3.334021e+02
  4.019360e+00   8.703936e+03   3.350146e+02
  4.022010e+00   9.839965e+03   3.564643e+02
  4.024650e+00   9.693088e+03   3.541777e+02
  4.027290e+00   8.845217e+03   3.387009e+02
  4.029940e+00   9.199088e+03   3.435462e+02
  4.032580e+00   8.627476e+03   3.330600e+02
  4.035220e+00   8.342018e+03   3.282123e+02
  4.037870e+00   9.188019e+03   3.445776e+02
  4.040510e+00   8.916717e+03   3.389627e+02
  4.043150e+00   8.846607e+03   3.362975e+02
  4.045800e+00   8.858551e+03   3.382211e+02
  4.048440e+00   8.858064e+03   3.391928e+02
  4.051080e+00   8.820691e+03   3.362857e+02
  4.053730e+00   8.463084e+03   3.289271e+02
  4.056370e+00   9.090351e+03   3.418778e+02
  4.059010e+00   8.620816e+03   3.330512e+02
  4.061660e+00   9.394782e+03   3.484332e+02
  4.064300e+00   9.282726e+03   3.452283e+02
  4.066940e+00   9.277509e+03   3.457524e+02
  4.069590e+00   8.981089e+03   3.399392e+02
  4.072230e+00   8.668413e+03   3.324185e+02
  4.074870e+00   8.718766e+03   3.338588e+02
  4.077520e+00   8.272280e+03   3.249659e+02
  4.080160e+00   8.897486e+03   3.382317e+02
  4.082800e+00   8.562094e+03   3.322737e+02
  4.085450e+00   9.237155e+03   3.440096e+02
  4.088090e+00   9.133295e+03   3.408515e+02
  4.090730e+00   8.859272e+03   3.367790e+02
  4.093380e+00   9.502601e+03   3.497956e+02
  4.096020e+00   8.699068e+03   3.338396e+02
  4.098660e+00   8.821385e+03   3.353388e+02
  4.101310e+00   8.705982e+03   3.336140e+02
  4.103950e+00   8.592426e+03   3.307226e+02
  4.106600e+00   9.045275e+03   3.409066e+02
  4.109240e+00   8.473831e+03   3.276172e+02
  4.111880e+00   8.839995e+03   3.365329e+02
  4.114530e+00   8.711549e+03   3.343186e+02
  4.117170e+00   8.596079e+03   3.320955e+02
  4.119810e+00   8.885530e+03   3.353627e+02
  4.122460e+00   7.881084e+03   3.165120e+02
  4.125100e+00   8.916938e+03   3.375111e+02
  4.127740e+00   8.697665e+03   3.347733e+02
  4.130390e+00   8.668803e+03   3.321893e+02
  4.133030e+00   8.866490e+03   3.351218e+02
  4.135670e+00   8.348027e+03   3.266835e+02
  4.138320e+00   8.415713e+03   3.268392e+02
  4.140960e+00   8.559785e+03   3.304469e+02
  4.143600e+00   9.018594e+03   3.382237e+02
  4.146250e+00   8.038048e+03   3.199897e+02
  4.148890e+00   8.775938e+03   3.353113e+02
  4.151530e+00   8.795681e+03   3.350887e+02
  4.154180e+00   9.163368e+03   3.400845e+02
  4.156820e+00   8.904381e+03   3.363138e+02
  4.159460e+00   8.541508e+03   3.297413e+02
  4.162110e+00   8.519706e+03   3.303800e+02
  4.164750e+00   8.866382e+03   3.353574e+02
  4.167390e+00   8.929858e+03   3.358419e+02
  4.170040e+00   8.860563e+03   3.341824e+02
  4.172680e+00   8.637631e+03   3.312380e+02
  4.175320e+00   9.049320e+03   3.372483e+02
  4.177970e+00   8.188908e+03   3.207024e+02
  4.180610e+00   8.848224e+03   3.334800e+02
  4.183250e+00   8.417929e+03   3.242465e+02
  4.185900e+00   8.699790e+03   3.290563e+02
  4.188540e+00   8.892808e+03   3.323398e+02
  4.191180e+00   9.578565e+03   3.456367e+02
  4.193830e+00   8.731052e+03   3.295323e+02
  4.196470e+00   8.717363e+03   3.301937e+02
  4.199110e+00   8.837428e+03   3.305011e+02
  4.201760e+00   9.034679e+03   3.332491e+02
  4.204400e+00   8.402008e+03   3.212588e+02
  4.207040e+00   8.997955e+03   3.330293e+02
  4.209690e+00   8.814302e+03   3.280344e+02
  4.212330e+00   8.222412e+03   3.181347e+02
  4.214970e+00   9.083267e+03   3.334572e+02
  4.217620e+00   8.493827e+03   3.231204e+02
  4.220260e+00   8.516655e+03   3.218993e+02
  4.222900e+00   9.255936e+03   3.373051e+02
  4.225550e+00   8.647681e+03   3.259217e+02
  4.228190e+00   8.979289e+03   3.318841e+02
  4.230830e+00   8.489239e+03   3.224795e+02
  4.233480e+00   9.217924e+03   3.359198e+02
  4.236120e+00   9.058624e+03   3.327769e+02
  4.238760e+00   8.600892e+03   3.239283e+02
  4.241410e+00   8.917785e+03   3.318856e+02
  4.244050e+00   8.942488e+03   3.316585e+02
  4.246690e+00   8.856738e+03   3.293856e+02
  4.249340e+00   8.728845e+03   3.264403e+02
  4.251980e+00   8.771690e+03   3.271288e+02
  4.254620e+00   8.202884e+03   3.166688e+02
  4.257270e+00   8.481535e+03   3.228865e+02
  4.259910e+00   8.302860e+03   3.195772e+02
  4.262560e+00   8.238596e+03   3.175745e+02
  4.265200e+00   8.783890e+03   3.273563e+02
  4.267840e+00   9.119025e+03   3.332019e+02
  4.270490e+00   9.429817e+03   3.389478e+02
  4.273130e+00   8.917921e+03   3.309751e+02
  4.275770e+00   8.567064e+03   3.247337e+02
  4.278420e+00   8.837862e+03   3.298261e+02
  4.281060e+00   8.942488e+03   3.305239e+02
  4.283700e+00   8.985275e+03   3.314269e+02
  4.286350e+00   8.585773e+03   3.249763e+02
  4.288990e+00   9.216798e+03   3.352117e+02
  4.291630e+00   8.282796e+03   3.180989e+02
  4.294280e+00   8.930205e+03   3.312030e+02
  4.296920e+00   9.345633e+03   3.378921e+02
  4.299560e+00   8.979088e+03   3.309736e+02
  4.302210e+00   8.618529e+03   3.245926e+02
  4.304850e+00   8.665916e+03   3.263773e+02
  4.307490e+00   9.378258e+03   3.392935e+02
  4.310140e+00   8.820156e+03   3.284798e+02
  4.312780e+00   9.260988e+03   3.368189e+02
  4.315420e+00   9.009542e+03   3.314213e+02
  4.318070e+00   8.477626e+03   3.220384e+02
  4.320710e+00   9.814626e+03   3.472165e+02
  4.323350e+00   8.698158e+03   3.259772e+02
  4.326000e+00   9.509092e+03   3.422397e+02
  4.328640e+00   8.745950e+03   3.277683e+02
  4.331280e+00   9.230560e+03   3.363803e+02
  4.333930e+00   8.863673e+03   3.278348e+02
  4.336570e+00   8.399224e+03   3.202174e+02
  4.339210e+00   8.223401e+03   3.179351e+02
  4.341860e+00   8.702463e+03   3.272898e+02
  4.344500e+00   8.997350e+03   3.311970e+02
  4.347140e+00   8.854447e+03   3.337145e+02
  4.349790e+00   8.188945e+03   3.304789e+02
  4.352430e+00   9.357132e+03   3.596238e+02
  4.355070e+00   8.864850e+03   3.537460e+02
  4.357720e+00   9.044273e+03   3.626423e+02
  4.360360e+00   9.347601e+03   3.745037e+02
  4.363000e+00   8.677469e+03   3.625065e+02
  4.365650e+00   8.604456e+03   3.636046e+02
  4.368290e+00   8.560464e+03   3.653517e+02
  4.370930e+00   8.444365e+03   3.654234e+02
  4.373580e+00   8.926462e+03   3.782263e+02
  4.376220e+00   9.493681e+03   3.952271e+02
  4.378860e+00   9.194733e+03   3.868253e+02
  4.381510e+00   8.601426e+03   3.782903e+02
  4.384150e+00   8.959457e+03   3.899103e+02
  4.386790e+00   9.244891e+03   3.996915e+02
  4.389440e+00   8.916767e+03   3.910261e+02
  4.392080e+00   8.044719e+03   3.763161e+02
  4.394720e+00   8.836451e+03   3.951781e+02
  4.397370e+00   9.470623e+03   4.117662e+02
  4.400010e+00   8.773089e+03   3.955214e+02
  4.402650e+00   8.548102e+03   3.959832e+02
  4.405300e+00   9.378029e+03   4.169042e+02
  4.407940e+00   8.726213e+03   4.051043e+02
  4.410590e+00   9.169359e+03   4.163591e+02
  4.413230e+00   9.114459e+03   4.173224e+02
  4.415870e+00   8.476936e+03   4.055068e+02
  4.418520e+00   9.398535e+03   4.316890e+02
  4.421160e+00   9.081594e+03   4.248190e+02
  4.423800e+00   8.262299e+03   4.065612e+02
  4.426450e+00   9.257866e+03   4.340155e+02
  4.429090e+00   8.484966e+03   4.200684e+02
  4.431730e+00   8.879807e+03   4.307339e+02
  4.434380e+00   8.444531e+03   4.185798e+02
  4.437020e+00   8.315132e+03   4.205143e+02
  4.439660e+00   9.341610e+03   4.489291e+02
  4.442310e+00   8.239632e+03   4.221292e+02
  4.444950e+00   8.844697e+03   4.384153e+02
  4.447590e+00   9.019295e+03   4.448890e+02
  4.450240e+00   8.919963e+03   4.482450e+02
  4.452880e+00   9.149384e+03   4.586172e+02
  4.455520e+00   9.022639e+03   4.545540e+02
  4.458170e+00   8.861087e+03   4.539672e+02
  4.460810e+00   9.083315e+03   4.617308e+02
  4.463450e+00   9.001867e+03   4.623949e+02
  4.466100e+00   9.244192e+03   4.723561e+02
  4.468740e+00   8.112028e+03   4.418903e+02
  4.471380e+00   9.329123e+03   4.823975e+02
  4.474030e+00   8.891823e+03   4.746104e+02
  4.476670e+00   9.739344e+03   4.963629e+02
  4.479310e+00   9.030778e+03   4.772914e+02
  4.481960e+00   9.457905e+03   4.936986e+02
  4.484600e+00   8.623114e+03   4.790619e+02
  4.487240e+00   7.922024e+03   4.612381e+02
  4.489890e+00   8.447911e+03   4.752321e+02
  4.492530e+00   8.861193e+03   4.900251e+02
  4.495170e+00   8.832427e+03   4.929780e+02
  4.497820e+00   9.197179e+03   5.101677e+02
  4.500460e+00   9.306916e+03   5.107834e+02
  4.503100e+00   9.115012e+03   5.119501e+02
  4.505750e+00   8.767716e+03   5.053628e+02
  4.508390e+00   9.520858e+03   5.314025e+02
  4.511030e+00   8.691212e+03   5.068818e+02
  4.513680e+00   8.556268e+03   5.041829e+02
  4.516320e+00   8.034387e+03   4.973161e+02
  4.518960e+00   8.958260e+03   5.315749e+02
  4.521610e+00   8.575862e+03   5.228795e+02
  4.524250e+00   9.285232e+03   5.378790e+02
  4.526890e+00   8.974655e+03   5.372986e+02
  4.529540e+00   9.220408e+03   5.490673e+02
  4.532180e+00   8.539068e+03   5.357888e+02
  4.534820e+00   9.042219e+03   5.482650e+02
  4.537470e+00   9.148853e+03   5.609522e+02
  4.540110e+00   9.185114e+03   5.642371e+02
  4.542750e+00   8.871233e+03   5.621916e+02
  4.545400e+00   7.921972e+03   5.234987e+02
  4.548040e+00   8.870661e+03   5.644266e+02
  4.550680e+00   7.965268e+03   5.419678e+02
  4.553330e+00   8.449893e+03   5.658467e+02
  4.555970e+00   8.923502e+03   5.821051e+02
  4.558610e+00   9.676714e+03   6.036168e+02
  4.561260e+00   9.287906e+03   5.970492e+02
  4.563900e+00   8.723407e+03   5.894732e+02
  4.566550e+00   8.758318e+03   5.987063e+02
  4.569190e+00   9.122538e+03   6.041549e+02
  4.571830e+00   8.110629e+03   5.808142e+02
  4.574480e+00   9.342270e+03   6.270121e+02
  4.577120e+00   9.584294e+03   6.403775e+02
  4.579760e+00   9.390680e+03   6.331195e+02
  4.582410e+00   8.125520e+03   5.990213e+02
  4.585050e+00   9.915974e+03   6.700594e+02
  4.587690e+00   7.293354e+03   5.820730e+02
  4.590340e+00   7.724103e+03   5.959275e+02
  4.592980e+00   9.644778e+03   6.719835e+02
  4.595620e+00   9.282692e+03   6.716720e+02
  4.598270e+00   8.942488e+03   6.702678e+02
  4.600910e+00   8.285695e+03   6.470041e+02
  4.603550e+00   9.504587e+03   6.969102e+02
  4.606200e+00   1.096000e+04   7.730588e+02
  4.608840e+00   9.523888e+03   7.261897e+02
  4.611480e+00   9.311543e+03   7.271094e+02
  4.614130e+00   9.954845e+03   7.482520e+02
  4.616770e+00   7.982221e+03   6.921463e+02
  4.619410e+00   9.654174e+03   7.729525e+02
  4.622060e+00   8.942488e+03   7.584919e+02
  4.624700e+00   8.278911e+03   7.233318e+02
  4.627340e+00   8.141668e+03   7.371120e+02
  4.629990e+00   8.148368e+03   7.501180e+02
  4.632630e+00   1.083277e+04   8.874551e+02
  4.635270e+00   9.514807e+03   8.250384e+02
  4.637920e+00   8.115872e+03   7.809501e+02
  4.640560e+00   1.063431e+04   9.255979e+02
  4.643200e+00   8.694086e+03   8.484559e+02
  4.645850e+00   9.963320e+03   9.020366e+02
  4.648490e+00   9.853297e+03   9.032503e+02
  4.651130e+00   1.025631e+04   9.323921e+02
  4.653780e+00   8.634127e+03   8.721785e+02
  4.656420e+00   9.342898e+03   9.117735e+02
  4.659060e+00   8.726486e+03   8.683178e+02
  4.661710e+00   8.717803e+03   8.851587e+02
  4.664350e+00   1.004878e+04   9.624981e+02
  4.666990e+00   8.024070e+03   8.807562e+02
  4.669640e+00   9.526671e+03   9.253121e+02
  4.672280e+00   8.942488e+03   9.174799e+02
  4.674920e+00   8.588830e+03   9.315895e+02
  4.677570e+00   9.755442e+03   9.956606e+02
  4.680210e+00   8.698158e+03   9.220029e+02
  4.682850e+00   8.790921e+03   9.424856e+02
  4.685500e+00   8.626871e+03   9.526785e+02
  4.688140e+00   8.887626e+03   9.875140e+02
  4.690780e+00   1.136222e+04   1.093330e+03
  4.693430e+00   7.649598e+03   9.078403e+02
  4.696070e+00   9.054269e+03   1.006030e+03
  4.698710e+00   9.407033e+03   1.045226e+03
  4.701360e+00   8.299564e+03   9.849771e+02
  4.704000e+00   7.936458e+03   9.418843e+02
  4.706640e+00   1.155832e+04   1.185858e+03
  4.709290e+00   9.386441e+03   1.091152e+03
  4.711930e+00   8.683286e+03   1.060832e+03
  4.714570e+00   8.282304e+03   9.970723e+02
  4.717220e+00   8.942488e+03   1.076549e+03
  4.719860e+00   8.464645e+03   1.075011e+03
  4.722510e+00   7.381101e+03   1.023575e+03
  4.725150e+00   1.049770e+04   1.166412e+03
  4.727790e+00   8.374711e+03   1.090295e+03
  4.730440e+00   8.572964e+03   1.125685e+03
  4.733080e+00   8.171584e+03   1.122453e+03
  4.735720e+00   1.030175e+04   1.214072e+03
  4.738370e+00   8.336218e+03   1.124055e+03
  4.741010e+00   1.017311e+04   1.291986e+03
  4.743650e+00   8.605036e+03   1.204946e+03
  4.746300e+00   7.875953e+03   1.136796e+03
  4.748940e+00   9.708987e+03   1.285987e+03
  4.751580e+00   6.752491e+03   1.110103e+03
  4.754230e+00   1.242535e+04   1.529455e+03
  4.756870e+00   9.720096e+03   1.374629e+03
  4.759510e+00   9.956585e+03   1.354920e+03
  4.762160e+00   9.889340e+03   1.442508e+03
  4.764800e+00   9.273691e+03   1.430962e+03
  4.767440e+00   6.878837e+03   1.255898e+03
  4.770090e+00   8.942488e+03   1.363717e+03
  4.772730e+00   1.001559e+04   1.545439e+03
  4.775370e+00   8.197281e+03   1.426963e+03
  4.778020e+00   1.010890e+04   1.618719e+03
  4.780660e+00   1.200176e+04   1.680583e+03
  4.783300e+00   1.062730e+04   1.659706e+03
  4.785950e+00   7.545224e+03   1.452079e+03
  4.788590e+00   9.397191e+03   1.687785e+03
  4.791230e+00   7.844288e+03   1.568858e+03
  4.793880e+00   8.598546e+03   1.719709e+03
  4.796520e+00   9.936098e+03   1.987220e+03
  4.799160e+00   1.035446e+04   2.207578e+03
  4.801810e+00   8.416459e+03   2.104115e+03
  4.804450e+00   9.807890e+03   2.378763e+03
  4.807090e+00   4.665646e+03   1.904742e+03
  4.809740e+00   1.311565e+04   3.954517e+03
  4.812380e+00   8.254604e+03   3.369928e+03
creator: radaver
creator-version: 6572
working-directory: /dataInt/p12/vives/2015-10-17/NEW
header-file: images/header/img_0009_00005.txt
image-file: images/pilatus2m/img_0009_00005.tiff
angular-axis-file: etc/radial-averaging/saxs-2/saxis-saxs2-20150921.dat
beamstop-mask-file: etc/radial-averaging/saxs-2/mask-saxs2-20151008.msk
detector-response-file: none
beam-center-x: 656.1000
beam-center-y: 1645.9000
unit-time: 100.0000
channel-first: 8
channel-last: 1819
angular-unit: nanometer
Run Number: 9
Frame Number: 5
Sample: ADR
Buffer: NAPI
Code: ADR_NAPI
Concentration [mg/ml]: 3
Plate Row: 2
Plate Column: 1
Well Row: 1
Well Column: 2
Load Volume: 20
Load Viscosity: low
Exposure time [s]: 0.035
Exposure period [s]: 0.04
Detector Position: saxs-2
Detector Distance [m]: 3
Timestamp (begin): 2015-10-17 03:33:01.881
Timestamp (end): 2015-10-17 03:33:01.916
PETRA Current: 94.1409
Transmitted Beam: 0.159751
Wavelength [nm]: 0.123987
Flytube Vacuum [mbar]: 0.000285457
Crystal Temperature 1 [C]: -181.4
Crystal Temperature 2 [C]: -156.3
Cell Target Temperature [C]: 20
Cell Temperature [C]: 20
Storage Temperature [C]: 20.1
