
Sample:   c= 3.0000 mg/ml  Code: ADR_NAPI
  2.520060e-02   4.927454e+07   2.832993e+05
  2.784400e-02   7.446433e+06   6.087703e+04
  3.048740e-02   3.169531e+06   3.721655e+04
  3.313080e-02   1.450882e+06   2.351785e+04
  3.577420e-02   6.751990e+05   1.496751e+04
  3.841750e-02   4.844305e+05   1.279701e+04
  4.106090e-02   3.483828e+05   9.953793e+03
  4.370430e-02   2.771509e+05   8.808435e+03
  4.634770e-02   2.619731e+05   7.964216e+03
  4.899110e-02   2.139094e+05   6.836576e+03
  5.163450e-02   1.808350e+05   6.137939e+03
  5.427790e-02   1.683096e+05   5.519089e+03
  5.692130e-02   1.472539e+05   5.242379e+03
  5.956470e-02   1.374740e+05   4.797875e+03
  6.220810e-02   1.230289e+05   4.285914e+03
  6.485140e-02   1.153592e+05   4.257987e+03
  6.749480e-02   1.191264e+05   4.036444e+03
  7.013820e-02   1.148621e+05   3.994148e+03
  7.278160e-02   9.956637e+04   3.569627e+03
  7.542500e-02   1.039421e+05   3.571494e+03
  7.806840e-02   9.162834e+04   3.319345e+03
  8.071180e-02   9.395410e+04   3.203808e+03
  8.335520e-02   9.236626e+04   3.206080e+03
  8.599860e-02   8.718829e+04   3.013668e+03
  8.864200e-02   8.836757e+04   3.126220e+03
  9.128530e-02   8.446505e+04   3.065887e+03
  9.392870e-02   8.441794e+04   3.046170e+03
  9.657210e-02   8.544087e+04   3.093167e+03
  9.921550e-02   8.289231e+04   2.991119e+03
  1.018590e-01   7.719720e+04   2.921957e+03
  1.045020e-01   7.427150e+04   2.781490e+03
  1.071460e-01   7.556686e+04   2.822096e+03
  1.097890e-01   7.309626e+04   2.834551e+03
  1.124320e-01   7.572582e+04   2.737873e+03
  1.150760e-01   7.197099e+04   2.699123e+03
  1.177190e-01   7.478328e+04   2.698509e+03
  1.203630e-01   7.166731e+04   2.693423e+03
  1.230060e-01   7.428438e+04   2.734446e+03
  1.256490e-01   6.929736e+04   2.563056e+03
  1.282930e-01   7.298059e+04   2.616481e+03
  1.309360e-01   7.019721e+04   2.539646e+03
  1.335800e-01   6.932218e+04   2.550058e+03
  1.362230e-01   7.210645e+04   2.516532e+03
  1.388660e-01   6.967655e+04   2.510969e+03
  1.415100e-01   7.078471e+04   2.499495e+03
  1.441530e-01   6.889147e+04   2.407263e+03
  1.467970e-01   6.679672e+04   2.410319e+03
  1.494400e-01   6.626772e+04   2.328410e+03
  1.520830e-01   6.806720e+04   2.387221e+03
  1.547270e-01   6.320202e+04   2.279123e+03
  1.573700e-01   6.660561e+04   2.313308e+03
  1.600130e-01   6.648086e+04   2.285659e+03
  1.626570e-01   6.533924e+04   2.231946e+03
  1.653000e-01   6.569504e+04   2.272110e+03
  1.679440e-01   6.199672e+04   2.155837e+03
  1.705870e-01   6.206631e+04   2.166129e+03
  1.732300e-01   6.488399e+04   2.187239e+03
  1.758740e-01   6.530501e+04   2.185349e+03
  1.785170e-01   6.406180e+04   2.164448e+03
  1.811610e-01   6.121002e+04   2.065738e+03
  1.838040e-01   6.528399e+04   2.176133e+03
  1.864470e-01   5.815970e+04   2.017538e+03
  1.890910e-01   6.356046e+04   2.080876e+03
  1.917340e-01   6.219405e+04   2.066259e+03
  1.943780e-01   5.875666e+04   1.967318e+03
  1.970210e-01   6.246864e+04   2.070815e+03
  1.996640e-01   6.118265e+04   2.014943e+03
  2.023080e-01   6.099626e+04   2.004462e+03
  2.049510e-01   5.925849e+04   1.936924e+03
  2.075950e-01   6.193395e+04   1.959503e+03
  2.102380e-01   5.980869e+04   1.963317e+03
  2.128810e-01   6.279939e+04   1.946391e+03
  2.155250e-01   6.124184e+04   1.955302e+03
  2.181680e-01   6.009218e+04   1.923504e+03
  2.208110e-01   5.804810e+04   1.874471e+03
  2.234550e-01   5.824508e+04   1.893711e+03
  2.260980e-01   6.137959e+04   1.883483e+03
  2.287420e-01   5.767345e+04   1.837629e+03
  2.313850e-01   5.966534e+04   1.851034e+03
  2.340280e-01   5.957060e+04   1.843664e+03
  2.366720e-01   5.831639e+04   1.835883e+03
  2.393150e-01   5.807715e+04   1.794866e+03
  2.419590e-01   5.849816e+04   1.818327e+03
  2.446020e-01   5.136879e+04   1.667502e+03
  2.472450e-01   5.484968e+04   1.736236e+03
  2.498890e-01   5.720235e+04   1.770368e+03
  2.525320e-01   5.433015e+04   1.692044e+03
  2.551760e-01   5.875181e+04   1.796935e+03
  2.578190e-01   5.685539e+04   1.701160e+03
  2.604620e-01   5.265990e+04   1.653716e+03
  2.631060e-01   5.611488e+04   1.717087e+03
  2.657490e-01   5.543979e+04   1.684641e+03
  2.683920e-01   5.282108e+04   1.651465e+03
  2.710360e-01   5.355360e+04   1.623582e+03
  2.736790e-01   5.450541e+04   1.656248e+03
  2.763230e-01   5.424271e+04   1.633994e+03
  2.789660e-01   5.243235e+04   1.599916e+03
  2.816090e-01   5.184131e+04   1.593045e+03
  2.842530e-01   5.490023e+04   1.621742e+03
  2.868960e-01   5.135832e+04   1.583445e+03
  2.895400e-01   5.337722e+04   1.578131e+03
  2.921830e-01   5.065491e+04   1.541380e+03
  2.948260e-01   5.229269e+04   1.568153e+03
  2.974700e-01   5.116455e+04   1.537090e+03
  3.001130e-01   4.812216e+04   1.502351e+03
  3.027570e-01   5.316964e+04   1.541311e+03
  3.054000e-01   4.973857e+04   1.505847e+03
  3.080430e-01   5.277482e+04   1.529865e+03
  3.106870e-01   5.130728e+04   1.523605e+03
  3.133300e-01   5.092616e+04   1.499126e+03
  3.159740e-01   5.115446e+04   1.475473e+03
  3.186170e-01   4.757227e+04   1.448920e+03
  3.212600e-01   4.927128e+04   1.449782e+03
  3.239040e-01   4.878558e+04   1.451283e+03
  3.265470e-01   4.763464e+04   1.432338e+03
  3.291900e-01   4.626100e+04   1.383548e+03
  3.318340e-01   4.912126e+04   1.451033e+03
  3.344770e-01   4.733988e+04   1.394764e+03
  3.371210e-01   4.655881e+04   1.391211e+03
  3.397640e-01   4.788680e+04   1.396407e+03
  3.424070e-01   4.749763e+04   1.379789e+03
  3.450510e-01   4.667479e+04   1.389722e+03
  3.476940e-01   4.625586e+04   1.343716e+03
  3.503380e-01   4.632549e+04   1.367254e+03
  3.529810e-01   4.467263e+04   1.333660e+03
  3.556240e-01   4.652850e+04   1.355071e+03
  3.582680e-01   4.669353e+04   1.353009e+03
  3.609110e-01   4.632342e+04   1.331705e+03
  3.635550e-01   4.551108e+04   1.329960e+03
  3.661980e-01   4.428286e+04   1.292414e+03
  3.688410e-01   4.590230e+04   1.325638e+03
  3.714850e-01   4.612550e+04   1.316261e+03
  3.741280e-01   4.384222e+04   1.277922e+03
  3.767710e-01   4.481101e+04   1.302844e+03
  3.794150e-01   4.627598e+04   1.302129e+03
  3.820580e-01   4.369322e+04   1.275748e+03
  3.847020e-01   4.062830e+04   1.210227e+03
  3.873450e-01   4.407760e+04   1.270823e+03
  3.899880e-01   4.192683e+04   1.233142e+03
  3.926320e-01   4.237136e+04   1.223666e+03
  3.952750e-01   4.280533e+04   1.243480e+03
  3.979190e-01   4.177101e+04   1.207840e+03
  4.005620e-01   4.197249e+04   1.223943e+03
  4.032050e-01   4.393068e+04   1.230305e+03
  4.058490e-01   4.205958e+04   1.206141e+03
  4.084920e-01   4.263214e+04   1.228638e+03
  4.111360e-01   4.200006e+04   1.199512e+03
  4.137790e-01   4.054679e+04   1.185396e+03
  4.164220e-01   4.150053e+04   1.186699e+03
  4.190660e-01   4.068332e+04   1.170531e+03
  4.217090e-01   4.095760e+04   1.178911e+03
  4.243530e-01   3.977069e+04   1.151927e+03
  4.269960e-01   3.916530e+04   1.204089e+03
  4.296390e-01   3.583366e+04   1.151737e+03
  4.322830e-01   3.983764e+04   1.269333e+03
  4.349260e-01   3.693754e+04   1.252300e+03
  4.375690e-01   3.959701e+04   1.272696e+03
  4.402130e-01   3.917408e+04   1.303632e+03
  4.428560e-01   3.634925e+04   1.249713e+03
  4.455000e-01   3.806189e+04   1.315611e+03
  4.481430e-01   3.637797e+04   1.284551e+03
  4.507860e-01   3.801089e+04   1.313064e+03
  4.534300e-01   3.827686e+04   1.354138e+03
  4.560730e-01   3.661867e+04   1.300367e+03
  4.587170e-01   3.564895e+04   1.283034e+03
  4.613600e-01   3.763434e+04   1.301611e+03
  4.640030e-01   3.711659e+04   1.281407e+03
  4.666470e-01   3.426766e+04   1.256313e+03
  4.692900e-01   3.652777e+04   1.258830e+03
  4.719340e-01   3.693623e+04   1.302640e+03
  4.745770e-01   3.623181e+04   1.266042e+03
  4.772200e-01   3.439846e+04   1.261957e+03
  4.798640e-01   3.445885e+04   1.236204e+03
  4.825070e-01   3.446165e+04   1.179253e+03
  4.851500e-01   3.550566e+04   1.206531e+03
  4.877940e-01   3.434059e+04   1.146599e+03
  4.904370e-01   3.583366e+04   1.185272e+03
  4.930810e-01   3.409020e+04   1.124532e+03
  4.957240e-01   3.452798e+04   1.119058e+03
  4.983670e-01   3.119680e+04   1.075752e+03
  5.010110e-01   3.403838e+04   1.105515e+03
  5.036540e-01   3.360752e+04   1.098496e+03
  5.062980e-01   3.196721e+04   1.050508e+03
  5.089410e-01   3.313054e+04   1.071518e+03
  5.115840e-01   3.328905e+04   1.077208e+03
  5.142280e-01   3.325959e+04   1.061356e+03
  5.168710e-01   3.397306e+04   1.081923e+03
  5.195150e-01   3.210643e+04   1.024557e+03
  5.221580e-01   3.183734e+04   1.029693e+03
  5.248010e-01   3.170155e+04   1.023696e+03
  5.274450e-01   3.209561e+04   1.016988e+03
  5.300880e-01   3.115970e+04   1.005675e+03
  5.327320e-01   3.261052e+04   1.015121e+03
  5.353750e-01   3.212673e+04   1.022087e+03
  5.380180e-01   3.138534e+04   9.846457e+02
  5.406620e-01   3.112034e+04   9.855912e+02
  5.433050e-01   3.145751e+04   9.987770e+02
  5.459480e-01   3.028723e+04   9.714633e+02
  5.485920e-01   3.100390e+04   9.828898e+02
  5.512350e-01   2.961212e+04   9.411350e+02
  5.538790e-01   3.183544e+04   9.782793e+02
  5.565220e-01   3.035823e+04   9.609728e+02
  5.591650e-01   3.003003e+04   9.453883e+02
  5.618090e-01   2.969160e+04   9.431848e+02
  5.644520e-01   3.028032e+04   9.407637e+02
  5.670960e-01   3.076118e+04   9.552424e+02
  5.697390e-01   3.037440e+04   9.391648e+02
  5.723820e-01   3.074365e+04   9.456228e+02
  5.750260e-01   2.894922e+04   9.131745e+02
  5.776690e-01   2.789619e+04   8.956925e+02
  5.803130e-01   2.874823e+04   9.136788e+02
  5.829560e-01   2.933604e+04   9.006246e+02
  5.855990e-01   2.748766e+04   8.848591e+02
  5.882430e-01   2.750612e+04   8.782027e+02
  5.908860e-01   2.866130e+04   8.978603e+02
  5.935290e-01   2.974193e+04   9.054375e+02
  5.961730e-01   2.863395e+04   8.870486e+02
  5.988160e-01   2.705304e+04   8.602367e+02
  6.014600e-01   2.722922e+04   8.610636e+02
  6.041030e-01   2.756228e+04   8.617421e+02
  6.067460e-01   2.913502e+04   8.853217e+02
  6.093900e-01   2.602711e+04   8.305584e+02
  6.120330e-01   2.648691e+04   8.422348e+02
  6.146770e-01   2.631453e+04   8.284189e+02
  6.173200e-01   2.723668e+04   8.385479e+02
  6.199630e-01   2.653020e+04   8.234586e+02
  6.226070e-01   2.832936e+04   8.576783e+02
  6.252500e-01   2.807055e+04   8.494536e+02
  6.278940e-01   2.610449e+04   8.122039e+02
  6.305370e-01   2.696369e+04   8.254620e+02
  6.331800e-01   2.540297e+04   7.961787e+02
  6.358240e-01   2.688788e+04   8.243008e+02
  6.384670e-01   2.579427e+04   8.006165e+02
  6.411110e-01   2.592963e+04   8.032718e+02
  6.437540e-01   2.480983e+04   7.857352e+02
  6.463970e-01   2.616702e+04   8.063806e+02
  6.490410e-01   2.554259e+04   7.939528e+02
  6.516840e-01   2.462024e+04   7.789498e+02
  6.543270e-01   2.396284e+04   7.674249e+02
  6.569710e-01   2.475417e+04   7.859457e+02
  6.596140e-01   2.438342e+04   7.699174e+02
  6.622580e-01   2.391368e+04   7.666374e+02
  6.649010e-01   2.424041e+04   7.619909e+02
  6.675440e-01   2.504477e+04   7.792321e+02
  6.701880e-01   2.380695e+04   7.659762e+02
  6.728310e-01   2.416633e+04   7.577924e+02
  6.754750e-01   2.425179e+04   7.657613e+02
  6.781180e-01   2.323255e+04   7.425155e+02
  6.807610e-01   2.443636e+04   7.625202e+02
  6.834050e-01   2.357477e+04   7.454998e+02
  6.860480e-01   2.396637e+04   7.453185e+02
  6.886920e-01   2.199643e+04   7.244137e+02
  6.913350e-01   2.220129e+04   7.132081e+02
  6.939780e-01   2.329188e+04   7.410133e+02
  6.966220e-01   2.241333e+04   7.189079e+02
  6.992650e-01   2.145005e+04   6.992515e+02
  7.019080e-01   2.322115e+04   7.398874e+02
  7.045520e-01   2.326948e+04   7.219031e+02
  7.071950e-01   2.317577e+04   7.263740e+02
  7.098390e-01   2.202325e+04   7.107972e+02
  7.124820e-01   2.251891e+04   7.092789e+02
  7.151250e-01   2.293446e+04   7.248888e+02
  7.177690e-01   2.261560e+04   7.046762e+02
  7.204120e-01   2.129863e+04   6.906554e+02
  7.230560e-01   2.236286e+04   7.033179e+02
  7.256990e-01   2.192806e+04   6.990410e+02
  7.283420e-01   2.219218e+04   6.993351e+02
  7.309860e-01   2.091757e+04   6.768766e+02
  7.336290e-01   2.203106e+04   6.980809e+02
  7.362730e-01   2.221687e+04   6.946163e+02
  7.389160e-01   2.163050e+04   6.853886e+02
  7.415590e-01   2.176709e+04   6.900630e+02
  7.442030e-01   2.072898e+04   6.645407e+02
  7.468460e-01   2.081931e+04   6.740501e+02
  7.494900e-01   2.092753e+04   6.637809e+02
  7.521330e-01   2.150446e+04   6.776632e+02
  7.547760e-01   2.055787e+04   6.590551e+02
  7.574200e-01   2.263628e+04   6.952678e+02
  7.600630e-01   2.036390e+04   6.582714e+02
  7.627060e-01   2.026455e+04   6.460103e+02
  7.653500e-01   2.015116e+04   6.517352e+02
  7.679930e-01   2.033071e+04   6.504370e+02
  7.706370e-01   1.962019e+04   6.423361e+02
  7.732800e-01   1.978659e+04   6.376139e+02
  7.759230e-01   1.845351e+04   6.171776e+02
  7.785670e-01   2.044675e+04   6.511572e+02
  7.812100e-01   2.065129e+04   6.491677e+02
  7.838540e-01   2.036190e+04   6.468171e+02
  7.864970e-01   1.990982e+04   6.330956e+02
  7.891400e-01   2.014889e+04   6.365277e+02
  7.917840e-01   2.016666e+04   6.422372e+02
  7.944270e-01   1.959653e+04   6.259882e+02
  7.970710e-01   1.940822e+04   6.254211e+02
  7.997140e-01   1.991639e+04   6.279304e+02
  8.023570e-01   1.870638e+04   6.153948e+02
  8.050010e-01   1.952221e+04   6.220293e+02
  8.076440e-01   1.905753e+04   6.122160e+02
  8.102870e-01   1.763966e+04   5.909509e+02
  8.129310e-01   2.038676e+04   6.321667e+02
  8.155740e-01   1.901338e+04   6.101683e+02
  8.182180e-01   1.781998e+04   5.875074e+02
  8.208610e-01   1.934863e+04   6.118573e+02
  8.235040e-01   1.896505e+04   6.067457e+02
  8.261480e-01   1.778080e+04   5.878151e+02
  8.287910e-01   1.883958e+04   6.018084e+02
  8.314350e-01   1.897744e+04   5.995202e+02
  8.340780e-01   1.901378e+04   6.049088e+02
  8.367210e-01   1.885478e+04   6.007633e+02
  8.393650e-01   1.729182e+04   5.722758e+02
  8.420080e-01   1.862207e+04   5.957726e+02
  8.446520e-01   1.880343e+04   5.893364e+02
  8.472950e-01   1.912148e+04   6.046743e+02
  8.499380e-01   1.898397e+04   5.961673e+02
  8.525820e-01   1.725187e+04   5.644986e+02
  8.552250e-01   1.821638e+04   5.839903e+02
  8.578690e-01   1.812298e+04   5.827959e+02
  8.605120e-01   1.892874e+04   6.128407e+02
  8.631550e-01   1.901338e+04   6.101683e+02
  8.657990e-01   1.655858e+04   5.751034e+02
  8.684420e-01   1.755365e+04   5.951244e+02
  8.710850e-01   1.805572e+04   5.985412e+02
  8.737290e-01   1.871359e+04   6.183143e+02
  8.763720e-01   1.752305e+04   5.873740e+02
  8.790160e-01   1.759254e+04   5.971298e+02
  8.816590e-01   1.762785e+04   6.032125e+02
  8.843020e-01   1.717696e+04   5.860703e+02
  8.869460e-01   1.739105e+04   5.930300e+02
  8.895890e-01   1.740868e+04   5.723940e+02
  8.922330e-01   1.759107e+04   5.805918e+02
  8.948760e-01   1.694633e+04   5.623838e+02
  8.975190e-01   1.742169e+04   5.652341e+02
  9.001630e-01   1.666377e+04   5.582574e+02
  9.028060e-01   1.660584e+04   5.498743e+02
  9.054500e-01   1.664102e+04   5.547006e+02
  9.080930e-01   1.716130e+04   5.556176e+02
  9.107360e-01   1.784502e+04   5.660096e+02
  9.133800e-01   1.677088e+04   5.523195e+02
  9.160230e-01   1.668057e+04   5.466835e+02
  9.186660e-01   1.661021e+04   5.452567e+02
  9.213100e-01   1.656561e+04   5.391646e+02
  9.239530e-01   1.657709e+04   5.441695e+02
  9.265970e-01   1.568170e+04   5.295332e+02
  9.292400e-01   1.701404e+04   5.434936e+02
  9.318830e-01   1.552200e+04   5.247395e+02
  9.345270e-01   1.781306e+04   5.550345e+02
  9.371700e-01   1.652232e+04   5.400488e+02
  9.398140e-01   1.653728e+04   5.340168e+02
  9.424570e-01   1.592418e+04   5.207763e+02
  9.451000e-01   1.696381e+04   5.421656e+02
  9.477440e-01   1.564736e+04   5.167215e+02
  9.503870e-01   1.699220e+04   5.444652e+02
  9.530310e-01   1.590202e+04   5.145772e+02
  9.556740e-01   1.552564e+04   5.149530e+02
  9.583170e-01   1.559303e+04   5.124187e+02
  9.609610e-01   1.709863e+04   5.343323e+02
  9.636040e-01   1.607095e+04   5.216853e+02
  9.662480e-01   1.631038e+04   5.170738e+02
  9.688910e-01   1.543116e+04   5.073734e+02
  9.715340e-01   1.675663e+04   5.270005e+02
  9.741780e-01   1.516289e+04   4.956144e+02
  9.768210e-01   1.618873e+04   5.137337e+02
  9.794640e-01   1.616496e+04   5.073897e+02
  9.821080e-01   1.520413e+04   4.969624e+02
  9.847510e-01   1.573465e+04   5.080984e+02
  9.873950e-01   1.608136e+04   5.203807e+02
  9.900380e-01   1.658836e+04   5.384810e+02
  9.926810e-01   1.525540e+04   5.151381e+02
  9.953250e-01   1.553992e+04   5.289851e+02
  9.979680e-01   1.525521e+04   5.220224e+02
  1.000610e+00   1.535467e+04   5.301020e+02
  1.003250e+00   1.528363e+04   5.305024e+02
  1.005900e+00   1.455974e+04   5.196595e+02
  1.008540e+00   1.530123e+04   5.346683e+02
  1.011190e+00   1.518914e+04   5.327063e+02
  1.013830e+00   1.434115e+04   5.250669e+02
  1.016470e+00   1.479755e+04   5.305179e+02
  1.019120e+00   1.495632e+04   5.362101e+02
  1.021760e+00   1.422581e+04   5.229511e+02
  1.024400e+00   1.408301e+04   5.208790e+02
  1.027050e+00   1.552792e+04   5.514125e+02
  1.029690e+00   1.492425e+04   5.367881e+02
  1.032330e+00   1.431764e+04   5.321110e+02
  1.034980e+00   1.408878e+04   5.272595e+02
  1.037620e+00   1.439253e+04   5.323269e+02
  1.040260e+00   1.531504e+04   5.494242e+02
  1.042910e+00   1.491248e+04   5.210843e+02
  1.045550e+00   1.386510e+04   5.076373e+02
  1.048190e+00   1.416007e+04   5.057169e+02
  1.050840e+00   1.387397e+04   4.970864e+02
  1.053480e+00   1.345086e+04   4.872733e+02
  1.056120e+00   1.445798e+04   5.000397e+02
  1.058770e+00   1.496562e+04   5.112157e+02
  1.061410e+00   1.500814e+04   5.082398e+02
  1.064050e+00   1.469180e+04   5.006952e+02
  1.066700e+00   1.383409e+04   4.831072e+02
  1.069340e+00   1.366367e+04   4.783243e+02
  1.071980e+00   1.389953e+04   4.853925e+02
  1.074630e+00   1.354407e+04   4.709736e+02
  1.077270e+00   1.404653e+04   4.840753e+02
  1.079910e+00   1.470099e+04   4.911255e+02
  1.082560e+00   1.338540e+04   4.637765e+02
  1.085200e+00   1.373461e+04   4.727647e+02
  1.087840e+00   1.405148e+04   4.718026e+02
  1.090490e+00   1.417878e+04   4.779667e+02
  1.093130e+00   1.488304e+04   4.862077e+02
  1.095770e+00   1.342572e+04   4.615857e+02
  1.098420e+00   1.444396e+04   4.775027e+02
  1.101060e+00   1.360990e+04   4.616842e+02
  1.103700e+00   1.435562e+04   4.766706e+02
  1.106350e+00   1.384340e+04   4.648160e+02
  1.108990e+00   1.404667e+04   4.653869e+02
  1.111630e+00   1.381409e+04   4.607257e+02
  1.114280e+00   1.374799e+04   4.590319e+02
  1.116920e+00   1.398921e+04   4.678691e+02
  1.119560e+00   1.366384e+04   4.539508e+02
  1.122210e+00   1.333808e+04   4.519437e+02
  1.124850e+00   1.394377e+04   4.607151e+02
  1.127490e+00   1.382679e+04   4.593642e+02
  1.130140e+00   1.268854e+04   4.404256e+02
  1.132780e+00   1.393196e+04   4.585759e+02
  1.135420e+00   1.303729e+04   4.437944e+02
  1.138070e+00   1.348256e+04   4.494188e+02
  1.140710e+00   1.398387e+04   4.590429e+02
  1.143350e+00   1.325725e+04   4.463948e+02
  1.146000e+00   1.445815e+04   4.632691e+02
  1.148640e+00   1.410442e+04   4.610173e+02
  1.151280e+00   1.302104e+04   4.381928e+02
  1.153930e+00   1.296710e+04   4.383680e+02
  1.156570e+00   1.311741e+04   4.394499e+02
  1.159220e+00   1.324733e+04   4.403561e+02
  1.161860e+00   1.345245e+04   4.466814e+02
  1.164500e+00   1.370789e+04   4.445087e+02
  1.167150e+00   1.313314e+04   4.389924e+02
  1.169790e+00   1.414713e+04   4.503080e+02
  1.172430e+00   1.288907e+04   4.327727e+02
  1.175080e+00   1.410968e+04   4.528013e+02
  1.177720e+00   1.278351e+04   4.263541e+02
  1.180360e+00   1.327817e+04   4.387230e+02
  1.183010e+00   1.266559e+04   4.245515e+02
  1.185650e+00   1.336926e+04   4.386313e+02
  1.188290e+00   1.361509e+04   4.396541e+02
  1.190940e+00   1.370193e+04   4.394897e+02
  1.193580e+00   1.266731e+04   4.250871e+02
  1.196220e+00   1.339209e+04   4.331313e+02
  1.198870e+00   1.327225e+04   4.322038e+02
  1.201510e+00   1.255435e+04   4.187110e+02
  1.204150e+00   1.316796e+04   4.294914e+02
  1.206800e+00   1.289618e+04   4.258693e+02
  1.209440e+00   1.304798e+04   4.242263e+02
  1.212080e+00   1.336431e+04   4.320067e+02
  1.214730e+00   1.277596e+04   4.207538e+02
  1.217370e+00   1.290782e+04   4.214553e+02
  1.220010e+00   1.211899e+04   4.085311e+02
  1.222660e+00   1.211545e+04   4.042977e+02
  1.225300e+00   1.251006e+04   4.153896e+02
  1.227940e+00   1.286617e+04   4.196482e+02
  1.230590e+00   1.312812e+04   4.226093e+02
  1.233230e+00   1.305019e+04   4.211932e+02
  1.235870e+00   1.268270e+04   4.125682e+02
  1.238520e+00   1.255267e+04   4.134002e+02
  1.241160e+00   1.242575e+04   4.094425e+02
  1.243800e+00   1.319136e+04   4.190375e+02
  1.246450e+00   1.308532e+04   4.190658e+02
  1.249090e+00   1.327621e+04   4.225864e+02
  1.251730e+00   1.216891e+04   4.047318e+02
  1.254380e+00   1.311627e+04   4.147730e+02
  1.257020e+00   1.209586e+04   4.018581e+02
  1.259660e+00   1.193579e+04   3.961031e+02
  1.262310e+00   1.172352e+04   3.943047e+02
  1.264950e+00   1.293993e+04   4.144095e+02
  1.267590e+00   1.190134e+04   3.928027e+02
  1.270240e+00   1.225474e+04   4.007730e+02
  1.272880e+00   1.217509e+04   3.985946e+02
  1.275520e+00   1.154232e+04   3.890915e+02
  1.278170e+00   1.173372e+04   3.891828e+02
  1.280810e+00   1.221424e+04   3.992349e+02
  1.283450e+00   1.240396e+04   4.015930e+02
  1.286100e+00   1.179857e+04   3.898358e+02
  1.288740e+00   1.259090e+04   4.034385e+02
  1.291380e+00   1.172508e+04   3.853099e+02
  1.294030e+00   1.171585e+04   3.894479e+02
  1.296670e+00   1.175550e+04   3.892636e+02
  1.299310e+00   1.217231e+04   3.924510e+02
  1.301960e+00   1.109982e+04   3.750281e+02
  1.304600e+00   1.167175e+04   3.833506e+02
  1.307240e+00   1.165364e+04   3.867396e+02
  1.309890e+00   1.236249e+04   3.937018e+02
  1.312530e+00   1.193616e+04   3.876684e+02
  1.315180e+00   1.216544e+04   3.900061e+02
  1.317820e+00   1.204409e+04   3.871117e+02
  1.320460e+00   1.180683e+04   3.844832e+02
  1.323110e+00   1.187937e+04   3.810310e+02
  1.325750e+00   1.212203e+04   3.874217e+02
  1.328390e+00   1.132687e+04   3.728285e+02
  1.331040e+00   1.195270e+04   3.822052e+02
  1.333680e+00   1.219580e+04   3.881966e+02
  1.336320e+00   1.195664e+04   3.801991e+02
  1.338970e+00   1.215829e+04   3.871988e+02
  1.341610e+00   1.189550e+04   3.819414e+02
  1.344250e+00   1.211772e+04   3.826224e+02
  1.346900e+00   1.162403e+04   3.761448e+02
  1.349540e+00   1.113069e+04   3.649899e+02
  1.352180e+00   1.098523e+04   3.667862e+02
  1.354830e+00   1.175980e+04   3.764221e+02
  1.357470e+00   1.198491e+04   3.809053e+02
  1.360110e+00   1.151623e+04   3.736358e+02
  1.362760e+00   1.245438e+04   3.888199e+02
  1.365400e+00   1.169232e+04   3.777616e+02
  1.368040e+00   1.129152e+04   3.661526e+02
  1.370690e+00   1.173111e+04   3.764693e+02
  1.373330e+00   1.182729e+04   3.787764e+02
  1.375970e+00   1.185655e+04   3.772070e+02
  1.378620e+00   1.092637e+04   3.632048e+02
  1.381260e+00   1.116247e+04   3.636929e+02
  1.383900e+00   1.171207e+04   3.752791e+02
  1.386550e+00   1.167815e+04   3.732352e+02
  1.389190e+00   1.219439e+04   3.808887e+02
  1.391830e+00   1.173126e+04   3.728438e+02
  1.394480e+00   1.194060e+04   3.762802e+02
  1.397120e+00   1.100639e+04   3.630674e+02
  1.399760e+00   1.117444e+04   3.629290e+02
  1.402410e+00   1.086931e+04   3.564187e+02
  1.405050e+00   1.099927e+04   3.612635e+02
  1.407690e+00   1.152806e+04   3.686269e+02
  1.410340e+00   1.156267e+04   3.695446e+02
  1.412980e+00   1.152545e+04   3.663027e+02
  1.415620e+00   1.193289e+04   3.730850e+02
  1.418270e+00   1.134693e+04   3.658398e+02
  1.420910e+00   1.142285e+04   3.652626e+02
  1.423550e+00   1.117758e+04   3.613198e+02
  1.426200e+00   1.171217e+04   3.688986e+02
  1.428840e+00   1.143331e+04   3.644805e+02
  1.431480e+00   1.162737e+04   3.673226e+02
  1.434130e+00   1.096762e+04   3.543476e+02
  1.436770e+00   1.112559e+04   3.590767e+02
  1.439410e+00   1.165701e+04   3.686271e+02
  1.442060e+00   1.129464e+04   3.609782e+02
  1.444700e+00   1.125441e+04   3.607997e+02
  1.447340e+00   1.034362e+04   3.426994e+02
  1.449990e+00   1.142356e+04   3.623333e+02
  1.452630e+00   1.120089e+04   3.588998e+02
  1.455270e+00   1.122376e+04   3.583471e+02
  1.457920e+00   1.135526e+04   3.587262e+02
  1.460560e+00   1.060060e+04   3.464915e+02
  1.463200e+00   1.146310e+04   3.624951e+02
  1.465850e+00   1.156254e+04   3.622147e+02
  1.468490e+00   1.150820e+04   3.619362e+02
  1.471140e+00   1.130881e+04   3.561939e+02
  1.473780e+00   1.117946e+04   3.572971e+02
  1.476420e+00   1.186919e+04   3.662912e+02
  1.479070e+00   1.027036e+04   3.400857e+02
  1.481710e+00   1.099137e+04   3.503921e+02
  1.484350e+00   1.076797e+04   3.468129e+02
  1.487000e+00   1.104058e+04   3.539447e+02
  1.489640e+00   1.119525e+04   3.520936e+02
  1.492280e+00   1.110956e+04   3.532634e+02
  1.494930e+00   1.177835e+04   3.612582e+02
  1.497570e+00   1.098958e+04   3.506917e+02
  1.500210e+00   1.084616e+04   3.480698e+02
  1.502860e+00   1.063536e+04   3.425418e+02
  1.505500e+00   1.123864e+04   3.548650e+02
  1.508140e+00   1.081436e+04   3.461593e+02
  1.510790e+00   1.074568e+04   3.443139e+02
  1.513430e+00   1.132229e+04   3.536488e+02
  1.516070e+00   1.042135e+04   3.379354e+02
  1.518720e+00   1.108978e+04   3.508652e+02
  1.521360e+00   1.092063e+04   3.455134e+02
  1.524000e+00   1.114727e+04   3.497211e+02
  1.526650e+00   1.071486e+04   3.435026e+02
  1.529290e+00   1.070653e+04   3.414853e+02
  1.531930e+00   1.125502e+04   3.537984e+02
  1.534580e+00   1.052722e+04   3.374871e+02
  1.537220e+00   1.070666e+04   3.409696e+02
  1.539860e+00   1.130038e+04   3.512552e+02
  1.542510e+00   1.120347e+04   3.494265e+02
  1.545150e+00   1.111813e+04   3.500146e+02
  1.547790e+00   1.132064e+04   3.572762e+02
  1.550440e+00   1.113686e+04   3.601917e+02
  1.553080e+00   1.046800e+04   3.493216e+02
  1.555720e+00   1.030070e+04   3.490258e+02
  1.558370e+00   1.048644e+04   3.545063e+02
  1.561010e+00   1.175382e+04   3.743179e+02
  1.563650e+00   1.065625e+04   3.627431e+02
  1.566300e+00   1.098400e+04   3.639163e+02
  1.568940e+00   1.117645e+04   3.711080e+02
  1.571580e+00   1.093417e+04   3.663086e+02
  1.574230e+00   1.050818e+04   3.638686e+02
  1.576870e+00   1.096044e+04   3.726660e+02
  1.579510e+00   1.066537e+04   3.645349e+02
  1.582160e+00   1.072978e+04   3.691157e+02
  1.584800e+00   1.023819e+04   3.592899e+02
  1.587440e+00   9.867239e+03   3.579224e+02
  1.590090e+00   1.049985e+04   3.680197e+02
  1.592730e+00   1.119007e+04   3.772172e+02
  1.595370e+00   1.129511e+04   3.856085e+02
  1.598020e+00   1.075010e+04   3.742703e+02
  1.600660e+00   1.079954e+04   3.748575e+02
  1.603300e+00   1.111016e+04   3.701331e+02
  1.605950e+00   1.039739e+04   3.568376e+02
  1.608590e+00   1.052278e+04   3.586152e+02
  1.611230e+00   1.039911e+04   3.511531e+02
  1.613880e+00   9.832698e+03   3.431635e+02
  1.616520e+00   1.080382e+04   3.552275e+02
  1.619160e+00   1.094654e+04   3.599201e+02
  1.621810e+00   1.062702e+04   3.546283e+02
  1.624450e+00   9.955066e+03   3.377025e+02
  1.627100e+00   1.094335e+04   3.569328e+02
  1.629740e+00   1.100196e+04   3.549020e+02
  1.632380e+00   1.065923e+04   3.523833e+02
  1.635030e+00   1.100196e+04   3.549020e+02
  1.637670e+00   1.088374e+04   3.510883e+02
  1.640310e+00   9.979431e+03   3.393108e+02
  1.642960e+00   1.059283e+04   3.449501e+02
  1.645600e+00   1.104928e+04   3.538601e+02
  1.648240e+00   1.050837e+04   3.429277e+02
  1.650890e+00   1.092298e+04   3.501746e+02
  1.653530e+00   1.091277e+04   3.511127e+02
  1.656170e+00   1.053340e+04   3.430146e+02
  1.658820e+00   1.039605e+04   3.423755e+02
  1.661460e+00   1.032382e+04   3.385315e+02
  1.664100e+00   1.083606e+04   3.500973e+02
  1.666750e+00   1.052543e+04   3.438510e+02
  1.669390e+00   1.111965e+04   3.497161e+02
  1.672030e+00   1.025584e+04   3.394188e+02
  1.674680e+00   9.917266e+03   3.296611e+02
  1.677320e+00   1.030386e+04   3.398929e+02
  1.679960e+00   1.017377e+04   3.345114e+02
  1.682610e+00   1.047883e+04   3.385556e+02
  1.685250e+00   1.090348e+04   3.481213e+02
  1.687890e+00   1.060518e+04   3.412161e+02
  1.690540e+00   1.038736e+04   3.379010e+02
  1.693180e+00   1.067248e+04   3.391936e+02
  1.695820e+00   1.036484e+04   3.368119e+02
  1.698470e+00   1.055496e+04   3.420883e+02
  1.701110e+00   1.078019e+04   3.403894e+02
  1.703750e+00   1.065952e+04   3.431420e+02
  1.706400e+00   1.029310e+04   3.315184e+02
  1.709040e+00   1.039350e+04   3.361498e+02
  1.711680e+00   1.033287e+04   3.350663e+02
  1.714330e+00   1.086776e+04   3.409519e+02
  1.716970e+00   1.032330e+04   3.344045e+02
  1.719610e+00   1.049291e+04   3.367334e+02
  1.722260e+00   1.068326e+04   3.393649e+02
  1.724900e+00   1.096514e+04   3.416612e+02
  1.727540e+00   1.014220e+04   3.288835e+02
  1.730190e+00   1.063610e+04   3.382083e+02
  1.732830e+00   1.040608e+04   3.334322e+02
  1.735470e+00   1.039883e+04   3.337143e+02
  1.738120e+00   1.046564e+04   3.332937e+02
  1.740760e+00   1.059689e+04   3.357753e+02
  1.743400e+00   1.043110e+04   3.330395e+02
  1.746050e+00   1.004107e+04   3.264632e+02
  1.748690e+00   1.038181e+04   3.314658e+02
  1.751330e+00   1.014972e+04   3.263930e+02
  1.753980e+00   1.041156e+04   3.329250e+02
  1.756620e+00   1.000741e+04   3.240018e+02
  1.759260e+00   1.079428e+04   3.369924e+02
  1.761910e+00   1.109437e+04   3.412441e+02
  1.764550e+00   1.065751e+04   3.348507e+02
  1.767190e+00   1.082629e+04   3.384870e+02
  1.769840e+00   1.021156e+04   3.252022e+02
  1.772480e+00   1.079403e+04   3.360034e+02
  1.775120e+00   1.065520e+04   3.315213e+02
  1.777770e+00   1.069615e+04   3.331180e+02
  1.780410e+00   1.099679e+04   3.390457e+02
  1.783060e+00   1.018258e+04   3.229717e+02
  1.785700e+00   1.035865e+04   3.283914e+02
  1.788340e+00   1.027218e+04   3.259777e+02
  1.790990e+00   1.034057e+04   3.253747e+02
  1.793630e+00   1.065044e+04   3.325018e+02
  1.796270e+00   1.082327e+04   3.316528e+02
  1.798920e+00   1.088776e+04   3.369677e+02
  1.801560e+00   1.026890e+04   3.242452e+02
  1.804200e+00   1.047792e+04   3.274349e+02
  1.806850e+00   1.065769e+04   3.307991e+02
  1.809490e+00   1.049239e+04   3.275674e+02
  1.812130e+00   1.056661e+04   3.338117e+02
  1.814780e+00   1.012912e+04   3.211146e+02
  1.817420e+00   1.065493e+04   3.319952e+02
  1.820060e+00   1.083512e+04   3.351780e+02
  1.822710e+00   1.075424e+04   3.336352e+02
  1.825350e+00   1.063323e+04   3.331025e+02
  1.827990e+00   1.029549e+04   3.254093e+02
  1.830640e+00   1.098366e+04   3.399357e+02
  1.833280e+00   1.013810e+04   3.231909e+02
  1.835920e+00   1.082518e+04   3.359980e+02
  1.838570e+00   1.068978e+04   3.334052e+02
  1.841210e+00   1.035993e+04   3.261454e+02
  1.843850e+00   1.042241e+04   3.319173e+02
  1.846500e+00   1.046524e+04   3.286475e+02
  1.849140e+00   1.084604e+04   3.363215e+02
  1.851780e+00   9.991069e+03   3.236425e+02
  1.854430e+00   1.020408e+04   3.254596e+02
  1.857070e+00   1.068261e+04   3.356390e+02
  1.859710e+00   1.003465e+04   3.207089e+02
  1.862360e+00   1.018430e+04   3.266617e+02
  1.865000e+00   1.082301e+04   3.357689e+02
  1.867640e+00   1.011282e+04   3.250384e+02
  1.870290e+00   1.036519e+04   3.292612e+02
  1.872930e+00   1.075215e+04   3.319766e+02
  1.875570e+00   1.020806e+04   3.280994e+02
  1.878220e+00   1.082931e+04   3.359642e+02
  1.880860e+00   1.045927e+04   3.295997e+02
  1.883500e+00   1.058147e+04   3.339482e+02
  1.886150e+00   1.051284e+04   3.278865e+02
  1.888790e+00   1.023668e+04   3.288495e+02
  1.891430e+00   1.039568e+04   3.272707e+02
  1.894080e+00   1.029064e+04   3.285548e+02
  1.896720e+00   1.004937e+04   3.246804e+02
  1.899360e+00   9.914533e+03   3.209948e+02
  1.902010e+00   1.073746e+04   3.362031e+02
  1.904650e+00   1.016209e+04   3.226466e+02
  1.907290e+00   1.090954e+04   3.382906e+02
  1.909940e+00   1.083295e+04   3.349507e+02
  1.912580e+00   1.023969e+04   3.286074e+02
  1.915220e+00   9.845903e+03   3.206267e+02
  1.917870e+00   1.018376e+04   3.238247e+02
  1.920510e+00   1.102815e+04   3.395287e+02
  1.923150e+00   9.951471e+03   3.225290e+02
  1.925800e+00   1.002304e+04   3.226530e+02
  1.928440e+00   1.012918e+04   3.253960e+02
  1.931080e+00   1.022045e+04   3.251560e+02
  1.933730e+00   1.025171e+04   3.283174e+02
  1.936370e+00   1.030347e+04   3.271356e+02
  1.939020e+00   1.049474e+04   3.300623e+02
  1.941660e+00   1.012826e+04   3.245304e+02
  1.944300e+00   1.086058e+04   3.364489e+02
  1.946950e+00   1.058436e+04   3.332106e+02
  1.949590e+00   1.012466e+04   3.232555e+02
  1.952230e+00   1.072081e+04   3.348619e+02
  1.954880e+00   1.014180e+04   3.244648e+02
  1.957520e+00   1.046802e+04   3.306975e+02
  1.960160e+00   1.035264e+04   3.282007e+02
  1.962810e+00   9.816025e+03   3.184739e+02
  1.965450e+00   9.971287e+03   3.235113e+02
  1.968090e+00   1.034299e+04   3.269107e+02
  1.970740e+00   9.894834e+03   3.208620e+02
  1.973380e+00   1.018942e+04   3.246619e+02
  1.976020e+00   1.005040e+04   3.225326e+02
  1.978670e+00   1.107030e+04   3.414744e+02
  1.981310e+00   1.027370e+04   3.261902e+02
  1.983950e+00   1.057489e+04   3.320909e+02
  1.986600e+00   1.063683e+04   3.309497e+02
  1.989240e+00   9.944518e+03   3.221345e+02
  1.991880e+00   1.080417e+04   3.351843e+02
  1.994530e+00   9.885850e+03   3.174155e+02
  1.997170e+00   1.072902e+04   3.362684e+02
  1.999810e+00   1.031699e+04   3.246327e+02
  2.002460e+00   1.000443e+04   3.218871e+02
  2.005100e+00   9.916038e+03   3.195398e+02
  2.007740e+00   1.034763e+04   3.251144e+02
  2.010390e+00   1.035751e+04   3.288514e+02
  2.013030e+00   1.000033e+04   3.196119e+02
  2.015670e+00   1.027763e+04   3.241978e+02
  2.018320e+00   1.058216e+04   3.271963e+02
  2.020960e+00   1.015765e+04   3.226685e+02
  2.023600e+00   1.020735e+04   3.239205e+02
  2.026250e+00   1.018185e+04   3.208575e+02
  2.028890e+00   1.016594e+04   3.239139e+02
  2.031530e+00   1.106628e+04   3.348808e+02
  2.034180e+00   1.000871e+04   3.210296e+02
  2.036820e+00   1.094181e+04   3.340329e+02
  2.039460e+00   1.035374e+04   3.235545e+02
  2.042110e+00   1.044977e+04   3.278384e+02
  2.044750e+00   1.048964e+04   3.266864e+02
  2.047390e+00   1.016734e+04   3.241228e+02
  2.050040e+00   1.016465e+04   3.203152e+02
  2.052680e+00   1.052258e+04   3.269207e+02
  2.055320e+00   1.005694e+04   3.220799e+02
  2.057970e+00   1.056374e+04   3.270962e+02
  2.060610e+00   1.073377e+04   3.309364e+02
  2.063250e+00   1.048444e+04   3.260505e+02
  2.065900e+00   1.019881e+04   3.226761e+02
  2.068540e+00   1.078708e+04   3.328966e+02
  2.071180e+00   1.026977e+04   3.212442e+02
  2.073830e+00   1.075833e+04   3.326433e+02
  2.076470e+00   1.079449e+04   3.299971e+02
  2.079110e+00   1.069846e+04   3.323851e+02
  2.081760e+00   1.027002e+04   3.225168e+02
  2.084400e+00   9.971628e+03   3.162808e+02
  2.087040e+00   1.033228e+04   3.260838e+02
  2.089690e+00   1.047946e+04   3.265280e+02
  2.092330e+00   1.027190e+04   3.246638e+02
  2.094980e+00   1.042287e+04   3.244497e+02
  2.097620e+00   1.050541e+04   3.259156e+02
  2.100260e+00   1.041581e+04   3.258125e+02
  2.102910e+00   1.019039e+04   3.214457e+02
  2.105550e+00   1.058722e+04   3.303669e+02
  2.108190e+00   1.045413e+04   3.324219e+02
  2.110840e+00   9.794826e+03   3.283233e+02
  2.113480e+00   1.041158e+04   3.404951e+02
  2.116120e+00   1.021138e+04   3.357480e+02
  2.118770e+00   9.890635e+03   3.353239e+02
  2.121410e+00   1.006980e+04   3.362207e+02
  2.124050e+00   1.053100e+04   3.522092e+02
  2.126700e+00   1.004585e+04   3.400006e+02
  2.129340e+00   1.025325e+04   3.466232e+02
  2.131980e+00   1.038294e+04   3.518125e+02
  2.134630e+00   9.997329e+03   3.445307e+02
  2.137270e+00   9.996092e+03   3.503628e+02
  2.139910e+00   1.010267e+04   3.461118e+02
  2.142560e+00   1.074023e+04   3.639189e+02
  2.145200e+00   1.032098e+04   3.567453e+02
  2.147840e+00   9.688451e+03   3.462370e+02
  2.150490e+00   9.985612e+03   3.526042e+02
  2.153130e+00   1.068659e+04   3.612726e+02
  2.155770e+00   9.218722e+03   3.421389e+02
  2.158420e+00   9.756562e+03   3.529800e+02
  2.161060e+00   9.799812e+03   3.482212e+02
  2.163700e+00   9.932416e+03   3.455930e+02
  2.166350e+00   1.050015e+04   3.501996e+02
  2.168990e+00   1.059152e+04   3.540355e+02
  2.171630e+00   1.069211e+04   3.521260e+02
  2.174280e+00   9.676696e+03   3.334810e+02
  2.176920e+00   1.015016e+04   3.435307e+02
  2.179560e+00   9.907351e+03   3.345475e+02
  2.182210e+00   9.647523e+03   3.301314e+02
  2.184850e+00   1.020934e+04   3.384363e+02
  2.187490e+00   9.802486e+03   3.321446e+02
  2.190140e+00   1.043633e+04   3.444501e+02
  2.192780e+00   9.743256e+03   3.305173e+02
  2.195420e+00   1.077878e+04   3.448438e+02
  2.198070e+00   9.716476e+03   3.279152e+02
  2.200710e+00   1.021749e+04   3.374114e+02
  2.203350e+00   1.012690e+04   3.381274e+02
  2.206000e+00   1.013266e+04   3.342455e+02
  2.208640e+00   1.050795e+04   3.416428e+02
  2.211280e+00   9.889376e+03   3.320527e+02
  2.213930e+00   1.048007e+04   3.405566e+02
  2.216570e+00   1.037349e+04   3.399773e+02
  2.219210e+00   1.010216e+04   3.325166e+02
  2.221860e+00   9.830374e+03   3.304444e+02
  2.224500e+00   1.004277e+04   3.342023e+02
  2.227140e+00   9.868687e+03   3.309851e+02
  2.229790e+00   1.021603e+04   3.364469e+02
  2.232430e+00   1.006303e+04   3.334030e+02
  2.235070e+00   1.041520e+04   3.409784e+02
  2.237720e+00   1.046173e+04   3.419523e+02
  2.240360e+00   9.910489e+03   3.322004e+02
  2.243010e+00   1.010950e+04   3.353108e+02
  2.245650e+00   1.045426e+04   3.409805e+02
  2.248290e+00   1.003432e+04   3.344772e+02
  2.250940e+00   1.055853e+04   3.449323e+02
  2.253580e+00   9.981918e+03   3.314442e+02
  2.256220e+00   1.027336e+04   3.390714e+02
  2.258870e+00   9.876215e+03   3.334961e+02
  2.261510e+00   1.014916e+04   3.360723e+02
  2.264150e+00   1.041780e+04   3.419812e+02
  2.266800e+00   1.005935e+04   3.353118e+02
  2.269440e+00   9.586288e+03   3.278441e+02
  2.272080e+00   1.007186e+04   3.374199e+02
  2.274730e+00   1.016841e+04   3.359737e+02
  2.277370e+00   1.072091e+04   3.469205e+02
  2.280010e+00   9.650097e+03   3.281132e+02
  2.282660e+00   1.108870e+04   3.526002e+02
  2.285300e+00   1.045055e+04   3.417696e+02
  2.287940e+00   9.435752e+03   3.236436e+02
  2.290590e+00   1.019933e+04   3.399778e+02
  2.293230e+00   1.059574e+04   3.417980e+02
  2.295870e+00   1.043458e+04   3.429016e+02
  2.298520e+00   9.642390e+03   3.274727e+02
  2.301160e+00   1.073214e+04   3.471021e+02
  2.303800e+00   1.027583e+04   3.430999e+02
  2.306450e+00   1.025235e+04   3.360071e+02
  2.309090e+00   1.024304e+04   3.404901e+02
  2.311730e+00   9.555642e+03   3.266051e+02
  2.314380e+00   1.095480e+04   3.510143e+02
  2.317020e+00   1.023333e+04   3.405439e+02
  2.319660e+00   1.025874e+04   3.369412e+02
  2.322310e+00   9.454520e+03   3.283690e+02
  2.324950e+00   9.906690e+03   3.324467e+02
  2.327590e+00   1.023335e+04   3.397929e+02
  2.330240e+00   1.007893e+04   3.386082e+02
  2.332880e+00   9.955031e+03   3.329460e+02
  2.335520e+00   1.010546e+04   3.404615e+02
  2.338170e+00   9.859292e+03   3.321680e+02
  2.340810e+00   9.977434e+03   3.342566e+02
  2.343450e+00   1.055995e+04   3.457172e+02
  2.346100e+00   1.069862e+04   3.460180e+02
  2.348740e+00   9.816195e+03   3.339537e+02
  2.351380e+00   1.000810e+04   3.334181e+02
  2.354030e+00   1.120783e+04   3.546002e+02
  2.356670e+00   1.030614e+04   3.416452e+02
  2.359310e+00   9.243785e+03   3.216324e+02
  2.361960e+00   9.871158e+03   3.335155e+02
  2.364600e+00   1.048491e+04   3.417983e+02
  2.367240e+00   1.017331e+04   3.398663e+02
  2.369890e+00   1.056173e+04   3.441199e+02
  2.372530e+00   1.006971e+04   3.379174e+02
  2.375170e+00   9.851993e+03   3.338221e+02
  2.377820e+00   9.665511e+03   3.280688e+02
  2.380460e+00   1.022681e+04   3.410833e+02
  2.383100e+00   1.015731e+04   3.357903e+02
  2.385750e+00   1.015099e+04   3.387428e+02
  2.388390e+00   9.712866e+03   3.294864e+02
  2.391030e+00   9.818827e+03   3.323169e+02
  2.393680e+00   9.781983e+03   3.310700e+02
  2.396320e+00   9.588821e+03   3.256534e+02
  2.398970e+00   1.024302e+04   3.397394e+02
  2.401610e+00   9.806874e+03   3.287272e+02
  2.404250e+00   1.022526e+04   3.400871e+02
  2.406900e+00   9.912862e+03   3.326539e+02
  2.409540e+00   1.081207e+04   3.459088e+02
  2.412180e+00   9.697370e+03   3.320316e+02
  2.414830e+00   1.067715e+04   3.435316e+02
  2.417470e+00   9.800562e+03   3.328445e+02
  2.420110e+00   9.647523e+03   3.274583e+02
  2.422760e+00   9.432847e+03   3.244998e+02
  2.425400e+00   9.784127e+03   3.326703e+02
  2.428040e+00   9.614994e+03   3.271087e+02
  2.430690e+00   9.704949e+03   3.313215e+02
  2.433330e+00   9.873670e+03   3.309662e+02
  2.435970e+00   1.030785e+04   3.418897e+02
  2.438620e+00   1.041281e+04   3.433003e+02
  2.441260e+00   9.816372e+03   3.307220e+02
  2.443900e+00   1.035746e+04   3.418472e+02
  2.446550e+00   1.026682e+04   3.381198e+02
  2.449190e+00   1.049673e+04   3.445720e+02
  2.451830e+00   1.005145e+04   3.365476e+02
  2.454480e+00   1.030218e+04   3.396527e+02
  2.457120e+00   9.522948e+03   3.295552e+02
  2.459760e+00   1.004462e+04   3.353802e+02
  2.462410e+00   1.013626e+04   3.388178e+02
  2.465050e+00   9.700265e+03   3.302009e+02
  2.467690e+00   9.983843e+03   3.354138e+02
  2.470340e+00   9.750035e+03   3.332493e+02
  2.472980e+00   1.055591e+04   3.452153e+02
  2.475620e+00   9.611163e+03   3.288872e+02
  2.478270e+00   9.818827e+03   3.323169e+02
  2.480910e+00   9.912162e+03   3.354758e+02
  2.483550e+00   9.885539e+03   3.353439e+02
  2.486200e+00   1.024788e+04   3.404631e+02
  2.488840e+00   9.963892e+03   3.364567e+02
  2.491480e+00   9.723706e+03   3.308072e+02
  2.494130e+00   1.014225e+04   3.397780e+02
  2.496770e+00   9.854256e+03   3.342827e+02
  2.499410e+00   9.981425e+03   3.359017e+02
  2.502060e+00   9.995825e+03   3.385013e+02
  2.504700e+00   9.988829e+03   3.353920e+02
  2.507340e+00   1.000432e+04   3.372456e+02
  2.509990e+00   1.028642e+04   3.402445e+02
  2.512630e+00   1.053998e+04   3.469277e+02
  2.515270e+00   1.023004e+04   3.415711e+02
  2.517920e+00   9.849685e+03   3.354816e+02
  2.520560e+00   1.035018e+04   3.429167e+02
  2.523200e+00   1.012346e+04   3.383900e+02
  2.525850e+00   9.790554e+03   3.352222e+02
  2.528490e+00   1.006538e+04   3.389189e+02
  2.531130e+00   9.842916e+03   3.340903e+02
  2.533780e+00   9.362767e+03   3.265640e+02
  2.536420e+00   1.061780e+04   3.479844e+02
  2.539060e+00   9.581809e+03   3.325894e+02
  2.541710e+00   1.056055e+04   3.451823e+02
  2.544350e+00   9.574662e+03   3.305540e+02
  2.546990e+00   1.048203e+04   3.465253e+02
  2.549640e+00   9.803114e+03   3.356522e+02
  2.552280e+00   1.031853e+04   3.441423e+02
  2.554930e+00   1.013523e+04   3.378409e+02
  2.557570e+00   1.004029e+04   3.390366e+02
  2.560210e+00   9.956328e+03   3.369706e+02
  2.562860e+00   1.053727e+04   3.491153e+02
  2.565500e+00   9.727919e+03   3.342553e+02
  2.568140e+00   1.052529e+04   3.456957e+02
  2.570790e+00   9.733884e+03   3.356512e+02
  2.573430e+00   9.383386e+03   3.260952e+02
  2.576070e+00   1.067215e+04   3.497655e+02
  2.578720e+00   1.000625e+04   3.394388e+02
  2.581360e+00   1.017273e+04   3.413743e+02
  2.584000e+00   9.509255e+03   3.320776e+02
  2.586650e+00   1.001470e+04   3.381723e+02
  2.589290e+00   1.030018e+04   3.429584e+02
  2.591930e+00   1.041144e+04   3.451358e+02
  2.594580e+00   1.024810e+04   3.442917e+02
  2.597220e+00   9.318610e+03   3.290516e+02
  2.599860e+00   9.451382e+03   3.272746e+02
  2.602510e+00   1.064824e+04   3.510622e+02
  2.605150e+00   1.022178e+04   3.426349e+02
  2.607790e+00   1.013640e+04   3.413102e+02
  2.610440e+00   9.858873e+03   3.373637e+02
  2.613080e+00   1.074096e+04   3.503313e+02
  2.615720e+00   9.531472e+03   3.338729e+02
  2.618370e+00   1.027262e+04   3.433758e+02
  2.621010e+00   1.036928e+04   3.448771e+02
  2.623650e+00   1.012087e+04   3.421478e+02
  2.626300e+00   9.332401e+03   3.277049e+02
  2.628940e+00   9.958995e+03   3.413899e+02
  2.631580e+00   9.863420e+03   3.361445e+02
  2.634230e+00   1.005231e+04   3.402191e+02
  2.636870e+00   9.819023e+03   3.367897e+02
  2.639510e+00   1.032203e+04   3.446424e+02
  2.642160e+00   1.001989e+04   3.418743e+02
  2.644800e+00   9.843407e+03   3.352678e+02
  2.647440e+00   9.503301e+03   3.337060e+02
  2.650090e+00   1.041488e+04   3.469699e+02
  2.652730e+00   1.001439e+04   3.408939e+02
  2.655370e+00   1.063525e+04   3.494959e+02
  2.658020e+00   9.484021e+03   3.309946e+02
  2.660660e+00   9.835096e+03   3.379379e+02
  2.663300e+00   1.038322e+04   3.461074e+02
  2.665950e+00   9.777099e+03   3.393681e+02
  2.668590e+00   9.722784e+03   3.448316e+02
  2.671230e+00   1.030123e+04   3.603944e+02
  2.673880e+00   1.027507e+04   3.641902e+02
  2.676520e+00   9.754147e+03   3.538201e+02
  2.679160e+00   9.656732e+03   3.583949e+02
  2.681810e+00   9.757084e+03   3.603861e+02
  2.684450e+00   1.068771e+04   3.807338e+02
  2.687090e+00   1.021670e+04   3.738093e+02
  2.689740e+00   9.888448e+03   3.677553e+02
  2.692380e+00   1.007201e+04   3.779958e+02
  2.695020e+00   1.009498e+04   3.775309e+02
  2.697670e+00   9.166083e+03   3.623213e+02
  2.700310e+00   9.073450e+03   3.612083e+02
  2.702950e+00   9.708555e+03   3.742373e+02
  2.705600e+00   9.284714e+03   3.710918e+02
  2.708240e+00   9.822052e+03   3.791761e+02
  2.710890e+00   9.710534e+03   3.802938e+02
  2.713530e+00   1.015237e+04   3.904757e+02
  2.716170e+00   9.848120e+03   3.886743e+02
  2.718820e+00   1.028472e+04   3.994256e+02
  2.721460e+00   1.035560e+04   3.933766e+02
  2.724100e+00   9.977721e+03   3.784765e+02
  2.726750e+00   1.010114e+04   3.774974e+02
  2.729390e+00   9.808585e+03   3.712604e+02
  2.732030e+00   9.790169e+03   3.653659e+02
  2.734680e+00   1.028081e+04   3.734160e+02
  2.737320e+00   9.883284e+03   3.652967e+02
  2.739960e+00   1.012401e+04   3.672363e+02
  2.742610e+00   9.324199e+03   3.521702e+02
  2.745250e+00   1.020661e+04   3.642896e+02
  2.747890e+00   9.936176e+03   3.623351e+02
  2.750540e+00   9.413256e+03   3.522823e+02
  2.753180e+00   1.000484e+04   3.573157e+02
  2.755820e+00   1.021390e+04   3.654821e+02
  2.758470e+00   9.654399e+03   3.511271e+02
  2.761110e+00   9.674566e+03   3.549254e+02
  2.763750e+00   1.019205e+04   3.628467e+02
  2.766400e+00   9.535354e+03   3.477186e+02
  2.769040e+00   9.891316e+03   3.555360e+02
  2.771680e+00   1.013732e+04   3.575157e+02
  2.774330e+00   9.722609e+03   3.533742e+02
  2.776970e+00   9.824542e+03   3.524535e+02
  2.779610e+00   9.783117e+03   3.509674e+02
  2.782260e+00   1.012076e+04   3.605372e+02
  2.784900e+00   9.876105e+03   3.511539e+02
  2.787540e+00   9.854891e+03   3.539981e+02
  2.790190e+00   9.207259e+03   3.384656e+02
  2.792830e+00   9.990373e+03   3.556667e+02
  2.795470e+00   9.845386e+03   3.532012e+02
  2.798120e+00   9.879140e+03   3.505976e+02
  2.800760e+00   1.018258e+04   3.575589e+02
  2.803400e+00   9.952413e+03   3.516512e+02
  2.806050e+00   1.022564e+04   3.581886e+02
  2.808690e+00   9.595210e+03   3.444480e+02
  2.811330e+00   1.014835e+04   3.537492e+02
  2.813980e+00   9.458186e+03   3.437636e+02
  2.816620e+00   1.064233e+04   3.610162e+02
  2.819260e+00   9.472833e+03   3.447517e+02
  2.821910e+00   9.670179e+03   3.444858e+02
  2.824550e+00   9.448615e+03   3.402835e+02
  2.827190e+00   9.821725e+03   3.505524e+02
  2.829840e+00   1.006906e+04   3.505597e+02
  2.832480e+00   9.740104e+03   3.476392e+02
  2.835120e+00   1.027475e+04   3.538813e+02
  2.837770e+00   9.248991e+03   3.381766e+02
  2.840410e+00   9.528382e+03   3.436023e+02
  2.843050e+00   9.828520e+03   3.470571e+02
  2.845700e+00   1.002798e+04   3.521301e+02
  2.848340e+00   9.691320e+03   3.426399e+02
  2.850980e+00   1.039772e+04   3.591831e+02
  2.853630e+00   9.805168e+03   3.468819e+02
  2.856270e+00   9.781686e+03   3.454033e+02
  2.858910e+00   1.049003e+04   3.621562e+02
  2.861560e+00   9.663560e+03   3.442501e+02
  2.864200e+00   8.933426e+03   3.340912e+02
  2.866850e+00   9.725927e+03   3.455958e+02
  2.869490e+00   9.167035e+03   3.354043e+02
  2.872130e+00   9.348989e+03   3.404701e+02
  2.874780e+00   1.016566e+04   3.547841e+02
  2.877420e+00   1.016934e+04   3.544811e+02
  2.880060e+00   9.557271e+03   3.417673e+02
  2.882710e+00   1.022594e+04   3.538833e+02
  2.885350e+00   8.983299e+03   3.343238e+02
  2.887990e+00   9.739278e+03   3.460702e+02
  2.890640e+00   9.771687e+03   3.483230e+02
  2.893280e+00   1.010819e+04   3.525636e+02
  2.895920e+00   9.179610e+03   3.358643e+02
  2.898570e+00   9.524468e+03   3.423499e+02
  2.901210e+00   9.986429e+03   3.495949e+02
  2.903850e+00   9.281016e+03   3.393476e+02
  2.906500e+00   9.857313e+03   3.472090e+02
  2.909140e+00   1.046925e+04   3.623032e+02
  2.911780e+00   9.582293e+03   3.407071e+02
  2.914430e+00   9.686440e+03   3.457239e+02
  2.917070e+00   9.679487e+03   3.439456e+02
  2.919710e+00   1.002504e+04   3.515935e+02
  2.922360e+00   9.970246e+03   3.507520e+02
  2.925000e+00   9.748505e+03   3.442317e+02
  2.927640e+00   1.008825e+04   3.529431e+02
  2.930290e+00   9.719266e+03   3.453591e+02
  2.932930e+00   8.995179e+03   3.320181e+02
  2.935570e+00   1.002504e+04   3.515935e+02
  2.938220e+00   1.014275e+04   3.510042e+02
  2.940860e+00   9.189398e+03   3.387257e+02
  2.943500e+00   9.189992e+03   3.346798e+02
  2.946150e+00   9.372069e+03   3.401846e+02
  2.948790e+00   9.214369e+03   3.351234e+02
  2.951430e+00   9.443482e+03   3.405407e+02
  2.954080e+00   9.818123e+03   3.497561e+02
  2.956720e+00   9.285275e+03   3.352719e+02
  2.959360e+00   9.697761e+03   3.456878e+02
  2.962010e+00   9.263537e+03   3.362451e+02
  2.964650e+00   1.047919e+04   3.592220e+02
  2.967290e+00   9.990659e+03   3.503877e+02
  2.969940e+00   9.756206e+03   3.447186e+02
  2.972580e+00   1.004820e+04   3.517574e+02
  2.975220e+00   9.854874e+03   3.490775e+02
  2.977870e+00   1.022068e+04   3.539132e+02
  2.980510e+00   9.887254e+03   3.476173e+02
  2.983150e+00   9.779450e+03   3.448946e+02
  2.985800e+00   9.937375e+03   3.498122e+02
  2.988440e+00   9.888523e+03   3.478770e+02
  2.991080e+00   1.006051e+04   3.519729e+02
  2.993730e+00   9.332448e+03   3.383010e+02
  2.996370e+00   9.305074e+03   3.364257e+02
  2.999010e+00   1.019236e+04   3.546374e+02
  3.001660e+00   9.517164e+03   3.418666e+02
  3.004300e+00   9.551565e+03   3.417819e+02
  3.006940e+00   9.549891e+03   3.430422e+02
  3.009590e+00   9.279874e+03   3.355145e+02
  3.012230e+00   9.149281e+03   3.356546e+02
  3.014870e+00   9.618379e+03   3.428582e+02
  3.017520e+00   9.807495e+03   3.473993e+02
  3.020160e+00   9.386754e+03   3.389360e+02
  3.022810e+00   9.532828e+03   3.413300e+02
  3.025450e+00   9.675823e+03   3.444684e+02
  3.028090e+00   9.976553e+03   3.467092e+02
  3.030740e+00   9.031644e+03   3.320098e+02
  3.033380e+00   9.836690e+03   3.452001e+02
  3.036020e+00   9.543453e+03   3.410552e+02
  3.038670e+00   1.021393e+04   3.519952e+02
  3.041310e+00   9.903957e+03   3.464956e+02
  3.043950e+00   9.342085e+03   3.373231e+02
  3.046600e+00   9.255050e+03   3.313840e+02
  3.049240e+00   9.812462e+03   3.447748e+02
  3.051880e+00   9.357372e+03   3.363438e+02
  3.054530e+00   1.011688e+04   3.503190e+02
  3.057170e+00   9.500254e+03   3.382180e+02
  3.059810e+00   9.071510e+03   3.286261e+02
  3.062460e+00   9.583699e+03   3.394721e+02
  3.065100e+00   9.452090e+03   3.373596e+02
  3.067740e+00   1.001128e+04   3.470788e+02
  3.070390e+00   9.490301e+03   3.367982e+02
  3.073030e+00   9.476172e+03   3.377890e+02
  3.075670e+00   9.983266e+03   3.469425e+02
  3.078320e+00   9.607749e+03   3.398977e+02
  3.080960e+00   9.844674e+03   3.433724e+02
  3.083600e+00   9.359359e+03   3.346900e+02
  3.086250e+00   9.682814e+03   3.419121e+02
  3.088890e+00   9.598301e+03   3.404167e+02
  3.091530e+00   9.602561e+03   3.384458e+02
  3.094180e+00   9.781555e+03   3.428433e+02
  3.096820e+00   9.601305e+03   3.396698e+02
  3.099460e+00   9.857272e+03   3.448623e+02
  3.102110e+00   9.972574e+03   3.469902e+02
  3.104750e+00   9.480438e+03   3.372989e+02
  3.107390e+00   9.301810e+03   3.347795e+02
  3.110040e+00   9.355230e+03   3.354012e+02
  3.112680e+00   9.704451e+03   3.403500e+02
  3.115320e+00   1.014567e+04   3.488155e+02
  3.117970e+00   9.505906e+03   3.382050e+02
  3.120610e+00   9.689343e+03   3.421426e+02
  3.123250e+00   9.464812e+03   3.378136e+02
  3.125900e+00   9.077860e+03   3.292886e+02
  3.128540e+00   9.993930e+03   3.468944e+02
  3.131180e+00   9.512295e+03   3.384323e+02
  3.133830e+00   9.857272e+03   3.448623e+02
  3.136470e+00   9.854857e+03   3.443566e+02
  3.139110e+00   9.702947e+03   3.413485e+02
  3.141760e+00   9.682814e+03   3.419121e+02
  3.144400e+00   9.804453e+03   3.430144e+02
  3.147040e+00   9.421055e+03   3.364663e+02
  3.149690e+00   1.010816e+04   3.479371e+02
  3.152330e+00   9.704949e+03   3.418422e+02
  3.154970e+00   9.694306e+03   3.433899e+02
  3.157620e+00   9.568400e+03   3.382940e+02
  3.160260e+00   9.730382e+03   3.412594e+02
  3.162900e+00   9.337957e+03   3.354293e+02
  3.165550e+00   9.792598e+03   3.440768e+02
  3.168190e+00   9.635433e+03   3.413046e+02
  3.170830e+00   9.590632e+03   3.382355e+02
  3.173480e+00   9.471185e+03   3.380411e+02
  3.176120e+00   8.976463e+03   3.286517e+02
  3.178770e+00   9.793571e+03   3.430538e+02
  3.181410e+00   9.403329e+03   3.362623e+02
  3.184050e+00   9.371327e+03   3.349039e+02
  3.186700e+00   9.006578e+03   3.293131e+02
  3.189340e+00   9.511551e+03   3.381918e+02
  3.191980e+00   1.030395e+04   3.487358e+02
  3.194630e+00   9.672447e+03   3.406974e+02
  3.197270e+00   1.006044e+04   3.452735e+02
  3.199910e+00   9.567586e+03   3.380540e+02
  3.202560e+00   9.595325e+03   3.379809e+02
  3.205200e+00   9.319593e+03   3.322076e+02
  3.207840e+00   9.794375e+03   3.407899e+02
  3.210490e+00   9.343786e+03   3.328586e+02
  3.213130e+00   9.736382e+03   3.387720e+02
  3.215770e+00   9.774952e+03   3.388855e+02
  3.218420e+00   9.294134e+03   3.308799e+02
  3.221060e+00   9.455446e+03   3.345096e+02
  3.223700e+00   9.315813e+03   3.303978e+02
  3.226350e+00   9.345322e+03   3.335489e+02
  3.228990e+00   9.837186e+03   3.526802e+02
  3.231630e+00   9.557378e+03   3.527693e+02
  3.234280e+00   1.011585e+04   3.679099e+02
  3.236920e+00   1.062681e+04   3.773691e+02
  3.239560e+00   9.703798e+03   3.659857e+02
  3.242210e+00   9.266360e+03   3.601473e+02
  3.244850e+00   8.887089e+03   3.560537e+02
  3.247490e+00   9.347284e+03   3.669130e+02
  3.250140e+00   9.198567e+03   3.658993e+02
  3.252780e+00   8.779841e+03   3.614603e+02
  3.255420e+00   9.634804e+03   3.805519e+02
  3.258070e+00   9.357738e+03   3.755131e+02
  3.260710e+00   1.060230e+04   3.998733e+02
  3.263350e+00   9.160601e+03   3.774560e+02
  3.266000e+00   9.405942e+03   3.843164e+02
  3.268640e+00   8.673013e+03   3.708313e+02
  3.271280e+00   9.656061e+03   3.912833e+02
  3.273930e+00   9.367438e+03   3.876273e+02
  3.276570e+00   1.044192e+04   4.137240e+02
  3.279210e+00   9.349357e+03   3.943788e+02
  3.281860e+00   9.688240e+03   3.942089e+02
  3.284500e+00   9.320448e+03   3.789301e+02
  3.287140e+00   9.676284e+03   3.804140e+02
  3.289790e+00   9.432248e+03   3.737193e+02
  3.292430e+00   1.000513e+04   3.800633e+02
  3.295070e+00   8.929655e+03   3.583347e+02
  3.297720e+00   9.558499e+03   3.695529e+02
  3.300360e+00   9.157490e+03   3.608557e+02
  3.303000e+00   8.965407e+03   3.541123e+02
  3.305650e+00   9.935318e+03   3.710412e+02
  3.308290e+00   9.173527e+03   3.568089e+02
  3.310930e+00   9.446042e+03   3.627730e+02
  3.313580e+00   9.873108e+03   3.713164e+02
  3.316220e+00   9.987561e+03   3.714414e+02
  3.318860e+00   9.373797e+03   3.602643e+02
  3.321510e+00   9.373976e+03   3.573795e+02
  3.324150e+00   9.740389e+03   3.655503e+02
  3.326800e+00   9.269189e+03   3.538993e+02
  3.329440e+00   9.812573e+03   3.662020e+02
  3.332080e+00   9.729397e+03   3.643688e+02
  3.334730e+00   9.230293e+03   3.542261e+02
  3.337370e+00   9.698223e+03   3.611807e+02
  3.340010e+00   9.882853e+03   3.625667e+02
  3.342660e+00   9.400971e+03   3.550698e+02
  3.345300e+00   9.266863e+03   3.525281e+02
  3.347940e+00   8.732460e+03   3.406857e+02
  3.350590e+00   1.037221e+04   3.701999e+02
  3.353230e+00   9.560939e+03   3.558213e+02
  3.355870e+00   8.931949e+03   3.437909e+02
  3.358520e+00   9.379987e+03   3.515299e+02
  3.361160e+00   9.744240e+03   3.572412e+02
  3.363800e+00   9.342725e+03   3.518674e+02
  3.366450e+00   9.202315e+03   3.483128e+02
  3.369090e+00   9.103330e+03   3.463070e+02
  3.371730e+00   9.307948e+03   3.471279e+02
  3.374380e+00   9.193132e+03   3.462334e+02
  3.377020e+00   9.175628e+03   3.475517e+02
  3.379660e+00   9.037692e+03   3.455648e+02
  3.382310e+00   9.069334e+03   3.440194e+02
  3.384950e+00   9.340588e+03   3.478617e+02
  3.387590e+00   8.899947e+03   3.400495e+02
  3.390240e+00   9.626366e+03   3.550739e+02
  3.392880e+00   9.251173e+03   3.469461e+02
  3.395520e+00   1.018979e+04   3.643861e+02
  3.398170e+00   9.279528e+03   3.487460e+02
  3.400810e+00   8.794581e+03   3.395110e+02
  3.403450e+00   8.840540e+03   3.402726e+02
  3.406100e+00   9.526383e+03   3.506710e+02
  3.408740e+00   9.553897e+03   3.536056e+02
  3.411380e+00   9.578261e+03   3.535401e+02
  3.414030e+00   9.493050e+03   3.518358e+02
  3.416670e+00   9.108482e+03   3.447611e+02
  3.419310e+00   8.854548e+03   3.390582e+02
  3.421960e+00   9.882435e+03   3.598971e+02
  3.424600e+00   9.108921e+03   3.452727e+02
  3.427240e+00   1.020120e+04   3.634027e+02
  3.429890e+00   1.012353e+04   3.620165e+02
  3.432530e+00   9.844553e+03   3.568648e+02
  3.435170e+00   9.297452e+03   3.481923e+02
  3.437820e+00   9.511085e+03   3.496344e+02
  3.440460e+00   9.601055e+03   3.512842e+02
  3.443100e+00   9.113092e+03   3.427331e+02
  3.445750e+00   8.631371e+03   3.327149e+02
  3.448390e+00   9.099998e+03   3.422407e+02
  3.451030e+00   9.537814e+03   3.485041e+02
  3.453680e+00   9.353451e+03   3.452422e+02
  3.456320e+00   8.951974e+03   3.395677e+02
  3.458960e+00   8.996427e+03   3.376299e+02
  3.461610e+00   1.004352e+04   3.559831e+02
  3.464250e+00   9.073102e+03   3.400289e+02
  3.466890e+00   8.781270e+03   3.333325e+02
  3.469540e+00   9.587856e+03   3.491691e+02
  3.472180e+00   8.989585e+03   3.347896e+02
  3.474820e+00   9.272965e+03   3.415741e+02
  3.477470e+00   9.608673e+03   3.483141e+02
  3.480110e+00   9.490597e+03   3.467789e+02
  3.482760e+00   9.563202e+03   3.471222e+02
  3.485400e+00   9.456796e+03   3.432599e+02
  3.488040e+00   9.591584e+03   3.467845e+02
  3.490690e+00   9.320306e+03   3.440188e+02
  3.493330e+00   9.882992e+03   3.513988e+02
  3.495970e+00   9.251417e+03   3.396302e+02
  3.498620e+00   9.203592e+03   3.401745e+02
  3.501260e+00   9.504582e+03   3.454499e+02
  3.503900e+00   9.640781e+03   3.474296e+02
  3.506550e+00   9.733061e+03   3.487231e+02
  3.509190e+00   9.903395e+03   3.532424e+02
  3.511830e+00   9.668801e+03   3.486659e+02
  3.514480e+00   9.165002e+03   3.387482e+02
  3.517120e+00   1.015620e+04   3.559745e+02
  3.519760e+00   9.331681e+03   3.407448e+02
  3.522410e+00   9.008531e+03   3.359615e+02
  3.525050e+00   9.426580e+03   3.453632e+02
  3.527690e+00   9.251010e+03   3.393866e+02
  3.530340e+00   9.472113e+03   3.444974e+02
  3.532980e+00   8.626157e+03   3.288691e+02
  3.535620e+00   9.284175e+03   3.410627e+02
  3.538270e+00   9.579916e+03   3.468162e+02
  3.540910e+00   9.119048e+03   3.356768e+02
  3.543550e+00   8.826395e+03   3.331308e+02
  3.546200e+00   9.478015e+03   3.444843e+02
  3.548840e+00   9.464081e+03   3.437509e+02
  3.551480e+00   9.269470e+03   3.396071e+02
  3.554130e+00   9.076862e+03   3.364109e+02
  3.556770e+00   9.033906e+03   3.371424e+02
  3.559410e+00   8.933356e+03   3.345568e+02
  3.562060e+00   9.150602e+03   3.368383e+02
  3.564700e+00   9.645601e+03   3.471528e+02
  3.567340e+00   9.169055e+03   3.370612e+02
  3.569990e+00   9.141239e+03   3.394971e+02
  3.572630e+00   8.977013e+03   3.336281e+02
  3.575270e+00   9.826163e+03   3.502649e+02
  3.577920e+00   9.102601e+03   3.378292e+02
  3.580560e+00   9.428590e+03   3.438253e+02
  3.583200e+00   9.218617e+03   3.379709e+02
  3.585850e+00   9.905641e+03   3.502173e+02
  3.588490e+00   8.820012e+03   3.331272e+02
  3.591130e+00   9.389768e+03   3.426375e+02
  3.593780e+00   9.163854e+03   3.377841e+02
  3.596420e+00   9.231764e+03   3.386806e+02
  3.599060e+00   9.626393e+03   3.466861e+02
  3.601710e+00   9.014210e+03   3.343186e+02
  3.604350e+00   9.463377e+03   3.434988e+02
  3.606990e+00   9.450909e+03   3.432725e+02
  3.609640e+00   8.983438e+03   3.352589e+02
  3.612280e+00   9.145568e+03   3.377992e+02
  3.614920e+00   9.194817e+03   3.382368e+02
  3.617570e+00   9.008114e+03   3.345530e+02
  3.620210e+00   9.382629e+03   3.421493e+02
  3.622850e+00   9.001751e+03   3.338565e+02
  3.625500e+00   9.051666e+03   3.354771e+02
  3.628140e+00   9.387374e+03   3.416415e+02
  3.630780e+00   9.357120e+03   3.414461e+02
  3.633430e+00   9.671368e+03   3.462905e+02
  3.636070e+00   8.896289e+03   3.324699e+02
  3.638720e+00   8.970926e+03   3.350254e+02
  3.641360e+00   9.439110e+03   3.432971e+02
  3.644000e+00   8.877145e+03   3.331533e+02
  3.646650e+00   9.279681e+03   3.386204e+02
  3.649290e+00   9.244189e+03   3.389084e+02
  3.651930e+00   8.945989e+03   3.333973e+02
  3.654580e+00   8.704231e+03   3.285200e+02
  3.657220e+00   8.714264e+03   3.303133e+02
  3.659860e+00   9.719505e+03   3.482374e+02
  3.662510e+00   8.797559e+03   3.299342e+02
  3.665150e+00   9.579416e+03   3.432182e+02
  3.667790e+00   9.620854e+03   3.451462e+02
  3.670440e+00   8.915017e+03   3.324740e+02
  3.673080e+00   9.014133e+03   3.340860e+02
  3.675720e+00   8.952291e+03   3.311124e+02
  3.678370e+00   9.703409e+03   3.456696e+02
  3.681010e+00   8.952308e+03   3.306610e+02
  3.683650e+00   9.167321e+03   3.356395e+02
  3.686300e+00   9.055656e+03   3.317736e+02
  3.688940e+00   9.093404e+03   3.340545e+02
  3.691580e+00   9.001336e+03   3.322454e+02
  3.694230e+00   9.248957e+03   3.346155e+02
  3.696870e+00   9.633611e+03   3.408127e+02
  3.699510e+00   8.849460e+03   3.273091e+02
  3.702160e+00   9.195602e+03   3.344408e+02
  3.704800e+00   9.305545e+03   3.366628e+02
  3.707440e+00   9.705447e+03   3.405944e+02
  3.710090e+00   9.254012e+03   3.341430e+02
  3.712730e+00   1.005561e+04   3.481973e+02
  3.715370e+00   8.662018e+03   3.237148e+02
  3.718020e+00   9.212296e+03   3.337263e+02
  3.720660e+00   9.186272e+03   3.319135e+02
  3.723300e+00   9.492520e+03   3.394518e+02
  3.725950e+00   9.442653e+03   3.381012e+02
  3.728590e+00   9.735847e+03   3.412412e+02
  3.731230e+00   9.312905e+03   3.345294e+02
  3.733880e+00   9.462775e+03   3.370974e+02
  3.736520e+00   9.364238e+03   3.368082e+02
  3.739160e+00   1.007897e+04   3.494255e+02
  3.741810e+00   1.000176e+04   3.463327e+02
  3.744450e+00   8.928210e+03   3.284295e+02
  3.747090e+00   9.121294e+03   3.317383e+02
  3.749740e+00   8.891966e+03   3.277622e+02
  3.752380e+00   9.690939e+03   3.411372e+02
  3.755020e+00   9.175150e+03   3.323806e+02
  3.757670e+00   9.554021e+03   3.407806e+02
  3.760310e+00   9.531511e+03   3.391160e+02
  3.762950e+00   9.119558e+03   3.299340e+02
  3.765600e+00   9.066928e+03   3.306368e+02
  3.768240e+00   9.116432e+03   3.328850e+02
  3.770880e+00   8.574743e+03   3.231728e+02
  3.773530e+00   8.994440e+03   3.286497e+02
  3.776170e+00   9.256630e+03   3.322937e+02
  3.778810e+00   9.206084e+03   3.335013e+02
  3.781460e+00   8.958414e+03   3.286523e+02
  3.784100e+00   9.163661e+03   3.326198e+02
  3.786740e+00   9.522917e+03   3.418528e+02
  3.789390e+00   9.096438e+03   3.457947e+02
  3.792030e+00   9.243023e+03   3.539337e+02
  3.794680e+00   8.655672e+03   3.451242e+02
  3.797320e+00   9.357032e+03   3.617638e+02
  3.799960e+00   9.030659e+03   3.612264e+02
  3.802610e+00   9.024882e+03   3.651077e+02
  3.805250e+00   9.254247e+03   3.746935e+02
  3.807890e+00   9.146143e+03   3.706204e+02
  3.810540e+00   9.172804e+03   3.747906e+02
  3.813180e+00   9.020842e+03   3.752176e+02
  3.815820e+00   8.706950e+03   3.699229e+02
  3.818470e+00   9.310981e+03   3.862846e+02
  3.821110e+00   9.294956e+03   3.859520e+02
  3.823750e+00   9.345760e+03   3.924850e+02
  3.826400e+00   8.341168e+03   3.730284e+02
  3.829040e+00   9.059639e+03   3.909523e+02
  3.831680e+00   9.494388e+03   4.019295e+02
  3.834330e+00   9.304968e+03   4.015390e+02
  3.836970e+00   9.072478e+03   3.990071e+02
  3.839610e+00   9.384161e+03   4.080070e+02
  3.842260e+00   9.104149e+03   3.950864e+02
  3.844900e+00   9.825880e+03   3.991491e+02
  3.847540e+00   8.767131e+03   3.738317e+02
  3.850190e+00   8.361187e+03   3.601418e+02
  3.852830e+00   8.574263e+03   3.629775e+02
  3.855470e+00   9.056858e+03   3.703625e+02
  3.858120e+00   9.063279e+03   3.684747e+02
  3.860760e+00   9.143353e+03   3.677996e+02
  3.863400e+00   9.147779e+03   3.650361e+02
  3.866050e+00   9.089726e+03   3.641722e+02
  3.868690e+00   8.899477e+03   3.621146e+02
  3.871330e+00   9.846185e+03   3.801078e+02
  3.873980e+00   9.434465e+03   3.689168e+02
  3.876620e+00   9.044691e+03   3.606354e+02
  3.879260e+00   9.094473e+03   3.609032e+02
  3.881910e+00   9.073266e+03   3.609151e+02
  3.884550e+00   8.546043e+03   3.486004e+02
  3.887190e+00   9.182374e+03   3.585115e+02
  3.889840e+00   9.070394e+03   3.563187e+02
  3.892480e+00   8.777577e+03   3.494298e+02
  3.895120e+00   9.173527e+03   3.568089e+02
  3.897770e+00   9.185995e+03   3.559501e+02
  3.900410e+00   8.630167e+03   3.435615e+02
  3.903050e+00   9.586954e+03   3.639158e+02
  3.905700e+00   8.849497e+03   3.471058e+02
  3.908340e+00   8.748186e+03   3.444595e+02
  3.910980e+00   9.267789e+03   3.530746e+02
  3.913630e+00   9.229061e+03   3.533990e+02
  3.916270e+00   9.307618e+03   3.535672e+02
  3.918910e+00   8.657796e+03   3.401104e+02
  3.921560e+00   8.418911e+03   3.348863e+02
  3.924200e+00   8.672861e+03   3.393953e+02
  3.926840e+00   8.666868e+03   3.389014e+02
  3.929490e+00   8.865787e+03   3.425152e+02
  3.932130e+00   8.602189e+03   3.368877e+02
  3.934770e+00   9.235479e+03   3.490683e+02
  3.937420e+00   9.004762e+03   3.453169e+02
  3.940060e+00   8.945182e+03   3.440454e+02
  3.942700e+00   9.135354e+03   3.460262e+02
  3.945350e+00   8.612837e+03   3.383442e+02
  3.947990e+00   8.918775e+03   3.432838e+02
  3.950640e+00   9.204854e+03   3.501691e+02
  3.953280e+00   9.266872e+03   3.487633e+02
  3.955920e+00   8.773705e+03   3.402297e+02
  3.958570e+00   8.978132e+03   3.435387e+02
  3.961210e+00   8.747317e+03   3.397177e+02
  3.963850e+00   8.814346e+03   3.397681e+02
  3.966500e+00   9.167968e+03   3.465166e+02
  3.969140e+00   8.773705e+03   3.402297e+02
  3.971780e+00   9.429221e+03   3.511626e+02
  3.974430e+00   8.841565e+03   3.388095e+02
  3.977070e+00   9.096034e+03   3.452807e+02
  3.979710e+00   9.739404e+03   3.575448e+02
  3.982360e+00   8.457797e+03   3.338026e+02
  3.985000e+00   9.363240e+03   3.496766e+02
  3.987640e+00   8.360320e+03   3.296988e+02
  3.990290e+00   9.316230e+03   3.481639e+02
  3.992930e+00   9.030186e+03   3.432762e+02
  3.995570e+00   8.626138e+03   3.352644e+02
  3.998220e+00   8.958414e+03   3.400568e+02
  4.000860e+00   8.658496e+03   3.360148e+02
  4.003500e+00   8.997648e+03   3.430321e+02
  4.006150e+00   9.251599e+03   3.472063e+02
  4.008790e+00   9.734034e+03   3.547279e+02
  4.011430e+00   9.216210e+03   3.446667e+02
  4.014080e+00   8.854247e+03   3.395449e+02
  4.016720e+00   8.326439e+03   3.293888e+02
  4.019360e+00   9.274897e+03   3.461361e+02
  4.022010e+00   8.913137e+03   3.395635e+02
  4.024650e+00   8.906556e+03   3.398063e+02
  4.027290e+00   8.938925e+03   3.407933e+02
  4.029940e+00   8.598535e+03   3.324386e+02
  4.032580e+00   8.874691e+03   3.380988e+02
  4.035220e+00   9.120118e+03   3.434835e+02
  4.037870e+00   8.867794e+03   3.388210e+02
  4.040510e+00   8.687338e+03   3.348723e+02
  4.043150e+00   9.131307e+03   3.419701e+02
  4.045800e+00   8.887264e+03   3.390703e+02
  4.048440e+00   8.717701e+03   3.367942e+02
  4.051080e+00   8.862087e+03   3.373739e+02
  4.053730e+00   9.092886e+03   3.412499e+02
  4.056370e+00   9.286868e+03   3.458610e+02
  4.059010e+00   9.190431e+03   3.441843e+02
  4.061660e+00   9.631590e+03   3.531112e+02
  4.064300e+00   9.106328e+03   3.422368e+02
  4.066940e+00   9.022956e+03   3.412795e+02
  4.069590e+00   8.584610e+03   3.326469e+02
  4.072230e+00   8.862636e+03   3.364211e+02
  4.074870e+00   8.952011e+03   3.385961e+02
  4.077520e+00   9.220580e+03   3.433924e+02
  4.080160e+00   8.681483e+03   3.343982e+02
  4.082800e+00   9.313650e+03   3.468585e+02
  4.085450e+00   8.573382e+03   3.317141e+02
  4.088090e+00   8.920185e+03   3.371513e+02
  4.090730e+00   8.785274e+03   3.356681e+02
  4.093380e+00   8.900368e+03   3.388312e+02
  4.096020e+00   9.279274e+03   3.450999e+02
  4.098660e+00   8.505066e+03   3.295646e+02
  4.101310e+00   8.759907e+03   3.349434e+02
  4.103950e+00   9.258091e+03   3.436000e+02
  4.106600e+00   8.057424e+03   3.220394e+02
  4.109240e+00   8.552367e+03   3.294249e+02
  4.111880e+00   8.291025e+03   3.262060e+02
  4.114530e+00   8.945561e+03   3.390806e+02
  4.117170e+00   8.457154e+03   3.296942e+02
  4.119810e+00   9.040834e+03   3.385819e+02
  4.122460e+00   8.570025e+03   3.303502e+02
  4.125100e+00   8.638471e+03   3.324949e+02
  4.127740e+00   8.674430e+03   3.346234e+02
  4.130390e+00   8.186907e+03   3.231114e+02
  4.133030e+00   8.565056e+03   3.296692e+02
  4.135670e+00   9.003238e+03   3.395636e+02
  4.138320e+00   8.952056e+03   3.373933e+02
  4.140960e+00   9.137327e+03   3.417166e+02
  4.143600e+00   9.085484e+03   3.397778e+02
  4.146250e+00   9.200878e+03   3.426586e+02
  4.148890e+00   8.919911e+03   3.383515e+02
  4.151530e+00   9.015963e+03   3.395608e+02
  4.154180e+00   8.737141e+03   3.323765e+02
  4.156820e+00   9.492865e+03   3.475585e+02
  4.159460e+00   8.837268e+03   3.357001e+02
  4.162110e+00   8.586216e+03   3.319623e+02
  4.164750e+00   8.856758e+03   3.354736e+02
  4.167390e+00   8.882495e+03   3.352482e+02
  4.170040e+00   9.608673e+03   3.483141e+02
  4.172680e+00   9.072939e+03   3.397842e+02
  4.175320e+00   9.493527e+03   3.457339e+02
  4.177970e+00   8.593535e+03   3.288225e+02
  4.180610e+00   9.140982e+03   3.392537e+02
  4.183250e+00   9.258696e+03   3.403564e+02
  4.185900e+00   8.852434e+03   3.322259e+02
  4.188540e+00   8.809107e+03   3.310665e+02
  4.191180e+00   8.895943e+03   3.333895e+02
  4.193830e+00   8.821359e+03   3.315270e+02
  4.196470e+00   9.234058e+03   3.401409e+02
  4.199110e+00   8.692200e+03   3.280659e+02
  4.201760e+00   9.247792e+03   3.374567e+02
  4.204400e+00   8.146250e+03   3.166130e+02
  4.207040e+00   9.174503e+03   3.365799e+02
  4.209690e+00   8.291884e+03   3.184479e+02
  4.212330e+00   8.680968e+03   3.271763e+02
  4.214970e+00   9.038126e+03   3.329237e+02
  4.217620e+00   9.001513e+03   3.329330e+02
  4.220260e+00   8.799966e+03   3.275008e+02
  4.222900e+00   8.903001e+03   3.311062e+02
  4.225550e+00   8.380055e+03   3.211244e+02
  4.228190e+00   8.786373e+03   3.285917e+02
  4.230830e+00   8.712978e+03   3.269922e+02
  4.233480e+00   9.111707e+03   3.342761e+02
  4.236120e+00   9.527883e+03   3.415911e+02
  4.238760e+00   8.787312e+03   3.277114e+02
  4.241410e+00   8.673824e+03   3.276058e+02
  4.244050e+00   8.527129e+03   3.241528e+02
  4.246690e+00   8.909327e+03   3.306561e+02
  4.249340e+00   8.622091e+03   3.247267e+02
  4.251980e+00   8.860642e+03   3.290760e+02
  4.254620e+00   8.695111e+03   3.263217e+02
  4.257270e+00   9.309362e+03   3.385782e+02
  4.259910e+00   8.810545e+03   3.294957e+02
  4.262560e+00   8.903229e+03   3.304298e+02
  4.265200e+00   8.946193e+03   3.306608e+02
  4.267840e+00   9.037692e+03   3.320079e+02
  4.270490e+00   8.836365e+03   3.284009e+02
  4.273130e+00   8.515416e+03   3.237075e+02
  4.275770e+00   8.989241e+03   3.329349e+02
  4.278420e+00   8.952249e+03   3.322491e+02
  4.281060e+00   8.395454e+03   3.205399e+02
  4.283700e+00   8.646125e+03   3.254012e+02
  4.286350e+00   8.638031e+03   3.262539e+02
  4.288990e+00   8.756896e+03   3.270323e+02
  4.291630e+00   9.031844e+03   3.324668e+02
  4.294280e+00   8.970720e+03   3.322489e+02
  4.296920e+00   8.713649e+03   3.265578e+02
  4.299560e+00   8.897306e+03   3.297561e+02
  4.302210e+00   9.258457e+03   3.367268e+02
  4.304850e+00   8.792176e+03   3.290389e+02
  4.307490e+00   9.382663e+03   3.396752e+02
  4.310140e+00   9.166749e+03   3.351696e+02
  4.312780e+00   9.142491e+03   3.349550e+02
  4.315420e+00   8.622550e+03   3.245139e+02
  4.318070e+00   8.848119e+03   3.292929e+02
  4.320710e+00   8.601554e+03   3.253407e+02
  4.323350e+00   8.946176e+03   3.308863e+02
  4.326000e+00   8.785662e+03   3.292566e+02
  4.328640e+00   8.995331e+03   3.327043e+02
  4.331280e+00   9.283840e+03   3.376500e+02
  4.333930e+00   8.697254e+03   3.250316e+02
  4.336570e+00   9.612715e+03   3.428742e+02
  4.339210e+00   8.644408e+03   3.262622e+02
  4.341860e+00   8.939918e+03   3.320202e+02
  4.344500e+00   8.634763e+03   3.247437e+02
  4.347140e+00   8.782018e+03   3.326426e+02
  4.349790e+00   9.245671e+03   3.514677e+02
  4.352430e+00   8.750723e+03   3.480851e+02
  4.355070e+00   9.403860e+03   3.646661e+02
  4.357720e+00   8.987547e+03   3.618250e+02
  4.360360e+00   8.086622e+03   3.486390e+02
  4.363000e+00   9.952108e+03   3.885645e+02
  4.365650e+00   8.789097e+03   3.678123e+02
  4.368290e+00   9.216154e+03   3.794231e+02
  4.370930e+00   8.934652e+03   3.762167e+02
  4.373580e+00   8.894196e+03   3.778782e+02
  4.376220e+00   8.983138e+03   3.847954e+02
  4.378860e+00   8.885051e+03   3.805938e+02
  4.381510e+00   8.750079e+03   3.818848e+02
  4.384150e+00   8.839422e+03   3.876343e+02
  4.386790e+00   9.053624e+03   3.958874e+02
  4.389440e+00   9.310567e+03   3.999231e+02
  4.392080e+00   8.729163e+03   3.923467e+02
  4.394720e+00   9.542659e+03   4.110314e+02
  4.397370e+00   9.487490e+03   4.124996e+02
  4.400010e+00   8.824440e+03   3.970303e+02
  4.402650e+00   9.022731e+03   4.071901e+02
  4.405300e+00   8.856298e+03   4.055020e+02
  4.407940e+00   8.798274e+03   4.071356e+02
  4.410590e+00   8.276590e+03   3.959230e+02
  4.413230e+00   9.609239e+03   4.288813e+02
  4.415870e+00   8.938982e+03   4.167822e+02
  4.418520e+00   8.402238e+03   4.085308e+02
  4.421160e+00   8.858876e+03   4.199510e+02
  4.423800e+00   8.577631e+03   4.146155e+02
  4.426450e+00   8.234811e+03   4.096971e+02
  4.429090e+00   8.937581e+03   4.315105e+02
  4.431730e+00   8.602589e+03   4.243344e+02
  4.434380e+00   9.332547e+03   4.404301e+02
  4.437020e+00   9.459063e+03   4.489073e+02
  4.439660e+00   8.472131e+03   4.279072e+02
  4.442310e+00   8.557614e+03   4.305803e+02
  4.444950e+00   9.513553e+03   4.550949e+02
  4.447590e+00   8.793535e+03   4.396768e+02
  4.450240e+00   8.913284e+03   4.484760e+02
  4.452880e+00   9.188708e+03   4.600108e+02
  4.455520e+00   8.946944e+03   4.530461e+02
  4.458170e+00   9.412742e+03   4.683014e+02
  4.460810e+00   8.911388e+03   4.577473e+02
  4.463450e+00   8.827548e+03   4.583034e+02
  4.466100e+00   9.357372e+03   4.756619e+02
  4.468740e+00   9.525097e+03   4.792596e+02
  4.471380e+00   1.014537e+04   5.035064e+02
  4.474030e+00   9.085304e+03   4.801732e+02
  4.476670e+00   8.590954e+03   4.665966e+02
  4.479310e+00   9.350108e+03   4.860890e+02
  4.481960e+00   8.958414e+03   4.809129e+02
  4.484600e+00   9.571639e+03   5.051718e+02
  4.487240e+00   8.527980e+03   4.789791e+02
  4.489890e+00   9.480654e+03   5.038911e+02
  4.492530e+00   8.876974e+03   4.908978e+02
  4.495170e+00   9.592394e+03   5.142063e+02
  4.497820e+00   9.440354e+03   5.173282e+02
  4.500460e+00   8.031682e+03   4.749233e+02
  4.503100e+00   7.892622e+03   4.768107e+02
  4.505750e+00   9.075136e+03   5.146038e+02
  4.508390e+00   8.200737e+03   4.936264e+02
  4.511030e+00   8.617846e+03   5.051871e+02
  4.513680e+00   8.720317e+03   5.094463e+02
  4.516320e+00   8.727130e+03   5.187740e+02
  4.518960e+00   8.531823e+03   5.192302e+02
  4.521610e+00   9.197944e+03   5.419940e+02
  4.524250e+00   8.458990e+03   5.138471e+02
  4.526890e+00   8.056128e+03   5.095143e+02
  4.529540e+00   9.957433e+03   5.710979e+02
  4.532180e+00   9.059449e+03   5.523643e+02
  4.534820e+00   9.091625e+03   5.502502e+02
  4.537470e+00   9.096236e+03   5.598346e+02
  4.540110e+00   1.003481e+04   5.902831e+02
  4.542750e+00   8.565814e+03   5.529209e+02
  4.545400e+00   9.287640e+03   5.673329e+02
  4.548040e+00   1.025361e+04   6.073712e+02
  4.550680e+00   9.789607e+03   6.013708e+02
  4.553330e+00   8.616780e+03   5.719158e+02
  4.555970e+00   9.281754e+03   5.942034e+02
  4.558610e+00   8.826395e+03   5.769995e+02
  4.561260e+00   8.074107e+03   5.571663e+02
  4.563900e+00   8.379808e+03   5.782617e+02
  4.566550e+00   8.363920e+03   5.855915e+02
  4.569190e+00   9.699938e+03   6.235357e+02
  4.571830e+00   7.666736e+03   5.651993e+02
  4.574480e+00   8.262820e+03   5.902014e+02
  4.577120e+00   8.872688e+03   6.166944e+02
  4.579760e+00   8.381142e+03   5.986530e+02
  4.582410e+00   8.316947e+03   6.065757e+02
  4.585050e+00   9.343966e+03   6.510250e+02
  4.587690e+00   9.167832e+03   6.531810e+02
  4.590340e+00   8.382681e+03   6.213656e+02
  4.592980e+00   8.301776e+03   6.239997e+02
  4.595620e+00   8.471544e+03   6.422261e+02
  4.598270e+00   8.404804e+03   6.503833e+02
  4.600910e+00   9.464539e+03   6.921157e+02
  4.603550e+00   8.548887e+03   6.615327e+02
  4.606200e+00   1.037865e+04   7.529464e+02
  4.608840e+00   8.986149e+03   7.060186e+02
  4.611480e+00   8.702459e+03   7.035521e+02
  4.614130e+00   8.394992e+03   6.877445e+02
  4.616770e+00   7.635695e+03   6.775584e+02
  4.619410e+00   7.935481e+03   7.014041e+02
  4.622060e+00   7.411638e+03   6.911388e+02
  4.624700e+00   9.053380e+03   7.570816e+02
  4.627340e+00   8.958414e+03   7.738891e+02
  4.629990e+00   9.684772e+03   8.185126e+02
  4.632630e+00   8.230088e+03   7.742215e+02
  4.635270e+00   8.098406e+03   7.618340e+02
  4.637920e+00   8.356168e+03   7.931323e+02
  4.640560e+00   9.200533e+03   8.617089e+02
  4.643200e+00   8.128931e+03   8.211461e+02
  4.645850e+00   7.608516e+03   7.889664e+02
  4.648490e+00   9.622000e+03   8.933803e+02
  4.651130e+00   7.472421e+03   7.965628e+02
  4.653780e+00   9.708626e+03   9.256812e+02
  4.656420e+00   1.025092e+04   9.559034e+02
  4.659060e+00   8.655473e+03   8.655473e+02
  4.661710e+00   9.543637e+03   9.269600e+02
  4.664350e+00   8.219576e+03   8.712733e+02
  4.666990e+00   1.045955e+04   1.006471e+03
  4.669640e+00   8.823363e+03   8.912942e+02
  4.672280e+00   9.618508e+03   9.523742e+02
  4.674920e+00   1.133720e+04   1.071265e+03
  4.677570e+00   9.060214e+03   9.603808e+02
  4.680210e+00   8.909461e+03   9.339653e+02
  4.682850e+00   9.920052e+03   1.002077e+03
  4.685500e+00   9.379987e+03   9.942766e+02
  4.688140e+00   8.024101e+03   9.391500e+02
  4.690780e+00   7.693697e+03   9.004791e+02
  4.693430e+00   1.068534e+04   1.073917e+03
  4.696070e+00   7.390692e+03   9.097313e+02
  4.698710e+00   8.027670e+03   9.664179e+02
  4.701360e+00   8.665656e+03   1.007362e+03
  4.704000e+00   1.041416e+04   1.079898e+03
  4.706640e+00   8.775589e+03   1.034213e+03
  4.709290e+00   8.894879e+03   1.063141e+03
  4.711930e+00   9.737407e+03   1.124379e+03
  4.714570e+00   9.619774e+03   1.075523e+03
  4.717220e+00   9.347910e+03   1.101662e+03
  4.719860e+00   8.069411e+03   1.050548e+03
  4.722510e+00   8.105232e+03   1.073564e+03
  4.725150e+00   8.698750e+03   1.062721e+03
  4.727790e+00   9.385005e+03   1.155214e+03
  4.730440e+00   7.255575e+03   1.036511e+03
  4.733080e+00   1.050297e+04   1.273672e+03
  4.735720e+00   7.740070e+03   1.053290e+03
  4.738370e+00   8.502902e+03   1.136248e+03
  4.741010e+00   1.051997e+04   1.314997e+03
  4.743650e+00   8.451334e+03   1.195199e+03
  4.746300e+00   1.134185e+04   1.365398e+03
  4.748940e+00   7.849277e+03   1.157313e+03
  4.751580e+00   1.023819e+04   1.368135e+03
  4.754230e+00   8.109722e+03   1.236721e+03
  4.756870e+00   9.542659e+03   1.363237e+03
  4.759510e+00   9.050769e+03   1.292967e+03
  4.762160e+00   9.485380e+03   1.413997e+03
  4.764800e+00   9.953793e+03   1.483824e+03
  4.767440e+00   8.499008e+03   1.397228e+03
  4.770090e+00   7.500068e+03   1.250011e+03
  4.772730e+00   7.405622e+03   1.330089e+03
  4.775370e+00   1.045148e+04   1.612699e+03
  4.778020e+00   8.309254e+03   1.468882e+03
  4.780660e+00   6.129441e+03   1.202082e+03
  4.783300e+00   9.088246e+03   1.536194e+03
  4.785950e+00   1.007822e+04   1.679703e+03
  4.788590e+00   8.502902e+03   1.606897e+03
  4.791230e+00   9.429910e+03   1.721658e+03
  4.793880e+00   7.924751e+03   1.652425e+03
  4.796520e+00   5.574124e+03   1.489747e+03
  4.799160e+00   9.901405e+03   2.160664e+03
  4.801810e+00   1.106628e+04   2.414859e+03
  4.804450e+00   7.513509e+03   2.083872e+03
  4.807090e+00   7.789925e+03   2.463391e+03
  4.809740e+00   3.583366e+03   2.068857e+03
  4.812380e+00   8.269305e+03   3.375930e+03
creator: radaver
creator-version: 6572
working-directory: /dataInt/p12/vives/2015-10-17/NEW
header-file: images/header/img_0009_00010.txt
image-file: images/pilatus2m/img_0009_00010.tiff
angular-axis-file: etc/radial-averaging/saxs-2/saxis-saxs2-20150921.dat
beamstop-mask-file: etc/radial-averaging/saxs-2/mask-saxs2-20151008.msk
detector-response-file: none
beam-center-x: 656.1000
beam-center-y: 1645.9000
unit-time: 100.0000
channel-first: 8
channel-last: 1819
angular-unit: nanometer
Run Number: 9
Frame Number: 10
Sample: ADR
Buffer: NAPI
Code: ADR_NAPI
Concentration [mg/ml]: 3
Plate Row: 2
Plate Column: 1
Well Row: 1
Well Column: 2
Load Volume: 20
Load Viscosity: low
Exposure time [s]: 0.035
Exposure period [s]: 0.04
Detector Position: saxs-2
Detector Distance [m]: 3
Timestamp (begin): 2015-10-17 03:33:02.076
Timestamp (end): 2015-10-17 03:33:02.111
PETRA Current: 94.1409
Transmitted Beam: 0.159467
Wavelength [nm]: 0.123987
Flytube Vacuum [mbar]: 0.000285457
Crystal Temperature 1 [C]: -181.4
Crystal Temperature 2 [C]: -156.3
Cell Target Temperature [C]: 20
Cell Temperature [C]: 20
Storage Temperature [C]: 20.1
