
Sample:   c= .0000 mg/ml  Code: NAPI
  2.520060e-02   4.772525e+07   2.788520e+05
  2.784400e-02   7.463112e+06   6.095435e+04
  3.048740e-02   3.187096e+06   3.732515e+04
  3.313080e-02   1.402128e+06   2.312282e+04
  3.577420e-02   6.558206e+05   1.475338e+04
  3.841750e-02   4.294570e+05   1.205086e+04
  4.106090e-02   2.913072e+05   9.103351e+03
  4.370430e-02   2.153467e+05   7.765601e+03
  4.634770e-02   1.794644e+05   6.592790e+03
  4.899110e-02   1.494976e+05   5.716182e+03
  5.163450e-02   1.283731e+05   5.172301e+03
  5.427790e-02   1.046368e+05   4.352318e+03
  5.692130e-02   9.670533e+04   4.248988e+03
  5.956470e-02   8.944362e+04   3.870604e+03
  6.220810e-02   7.542269e+04   3.356266e+03
  6.485140e-02   6.728694e+04   3.252437e+03
  6.749480e-02   5.937591e+04   2.850135e+03
  7.013820e-02   5.362774e+04   2.729580e+03
  7.278160e-02   4.954214e+04   2.518369e+03
  7.542500e-02   4.676964e+04   2.396081e+03
  7.806840e-02   4.342230e+04   2.285384e+03
  8.071180e-02   4.076213e+04   2.110583e+03
  8.335520e-02   3.528786e+04   1.981963e+03
  8.599860e-02   2.875892e+04   1.731083e+03
  8.864200e-02   3.318930e+04   1.916185e+03
  9.128530e-02   3.061249e+04   1.846003e+03
  9.392870e-02   3.001697e+04   1.816710e+03
  9.657210e-02   2.598722e+04   1.706145e+03
  9.921550e-02   2.537182e+04   1.655075e+03
  1.018590e-01   2.588766e+04   1.692329e+03
  1.045020e-01   2.334057e+04   1.559507e+03
  1.071460e-01   1.908190e+04   1.418346e+03
  1.097890e-01   2.067103e+04   1.507590e+03
  1.124320e-01   1.841731e+04   1.350423e+03
  1.150760e-01   1.842850e+04   1.366011e+03
  1.177190e-01   1.685079e+04   1.281142e+03
  1.203630e-01   1.528958e+04   1.244248e+03
  1.230060e-01   1.741879e+04   1.324326e+03
  1.256490e-01   1.621534e+04   1.240018e+03
  1.282930e-01   1.857906e+04   1.320356e+03
  1.309360e-01   1.635977e+04   1.226217e+03
  1.335800e-01   1.773456e+04   1.289999e+03
  1.362230e-01   1.581373e+04   1.178686e+03
  1.388660e-01   1.656448e+04   1.224482e+03
  1.415100e-01   1.271330e+04   1.059442e+03
  1.441530e-01   1.321028e+04   1.054295e+03
  1.467970e-01   1.383317e+04   1.097042e+03
  1.494400e-01   1.276651e+04   1.022139e+03
  1.520830e-01   1.306480e+04   1.046021e+03
  1.547270e-01   1.150968e+04   9.727459e+02
  1.573700e-01   1.342158e+04   1.038593e+03
  1.600130e-01   1.273421e+04   1.000494e+03
  1.626570e-01   1.487163e+04   1.064980e+03
  1.653000e-01   1.462076e+04   1.072046e+03
  1.679440e-01   1.214812e+04   9.544463e+02
  1.705870e-01   1.376306e+04   1.020186e+03
  1.732300e-01   1.194815e+04   9.387352e+02
  1.758740e-01   1.250898e+04   9.565856e+02
  1.785170e-01   1.250898e+04   9.565856e+02
  1.811610e-01   1.143675e+04   8.930601e+02
  1.838040e-01   1.298817e+04   9.707814e+02
  1.864470e-01   1.176146e+04   9.074162e+02
  1.890910e-01   1.192543e+04   9.014780e+02
  1.917340e-01   1.373350e+04   9.711054e+02
  1.943780e-01   1.304632e+04   9.271619e+02
  1.970210e-01   1.242882e+04   9.238270e+02
  1.996640e-01   1.055420e+04   8.370023e+02
  2.023080e-01   1.087194e+04   8.463791e+02
  2.049510e-01   1.108265e+04   8.377693e+02
  2.075950e-01   1.227889e+04   8.726229e+02
  2.102380e-01   1.199113e+04   8.792321e+02
  2.128810e-01   1.116367e+04   8.207697e+02
  2.155250e-01   1.192733e+04   8.630315e+02
  2.181680e-01   1.108591e+04   8.262950e+02
  2.208110e-01   1.095920e+04   8.145907e+02
  2.234550e-01   1.114750e+04   8.285871e+02
  2.260980e-01   1.115803e+04   8.031725e+02
  2.287420e-01   1.071819e+04   7.923116e+02
  2.313850e-01   1.114395e+04   8.000887e+02
  2.340280e-01   1.010265e+04   7.593620e+02
  2.366720e-01   1.092677e+04   7.948059e+02
  2.393150e-01   1.187417e+04   8.117013e+02
  2.419590e-01   1.204238e+04   8.251301e+02
  2.446020e-01   1.028768e+04   7.463468e+02
  2.472450e-01   1.165494e+04   8.004647e+02
  2.498890e-01   1.140007e+04   7.904525e+02
  2.525320e-01   1.186029e+04   7.906863e+02
  2.551760e-01   1.099523e+04   7.774801e+02
  2.578190e-01   9.470266e+03   6.943936e+02
  2.604620e-01   1.096113e+04   7.545951e+02
  2.631060e-01   1.066924e+04   7.488339e+02
  2.657490e-01   1.075333e+04   7.420505e+02
  2.683920e-01   1.069135e+04   7.431005e+02
  2.710360e-01   1.073364e+04   7.269738e+02
  2.736790e-01   1.137759e+04   7.568261e+02
  2.763230e-01   1.107830e+04   7.385531e+02
  2.789660e-01   1.005989e+04   7.009054e+02
  2.816090e-01   9.695629e+03   6.890383e+02
  2.842530e-01   1.025496e+04   7.010148e+02
  2.868960e-01   1.030406e+04   7.093606e+02
  2.895400e-01   1.162144e+04   7.364789e+02
  2.921830e-01   1.069703e+04   7.084284e+02
  2.948260e-01   1.086623e+04   7.149454e+02
  2.974700e-01   9.099685e+03   6.483257e+02
  3.001130e-01   9.289529e+03   6.601781e+02
  3.027570e-01   9.877335e+03   6.644214e+02
  3.054000e-01   1.135530e+04   7.196130e+02
  3.080430e-01   1.135666e+04   7.097910e+02
  3.106870e-01   1.040937e+04   6.863737e+02
  3.133300e-01   1.028541e+04   6.738199e+02
  3.159740e-01   1.042980e+04   6.663353e+02
  3.186170e-01   1.032956e+04   6.752643e+02
  3.212600e-01   1.071066e+04   6.760510e+02
  3.239040e-01   1.010554e+04   6.606200e+02
  3.265470e-01   1.158913e+04   7.066017e+02
  3.291900e-01   1.038909e+04   6.557538e+02
  3.318340e-01   1.114779e+04   6.913568e+02
  3.344770e-01   1.015319e+04   6.460318e+02
  3.371210e-01   1.126896e+04   6.845407e+02
  3.397640e-01   1.075333e+04   6.618219e+02
  3.424070e-01   1.022409e+04   6.402572e+02
  3.450510e-01   1.171360e+04   6.963013e+02
  3.476940e-01   1.042535e+04   6.380208e+02
  3.503380e-01   1.081792e+04   6.608095e+02
  3.529810e-01   1.143040e+04   6.747149e+02
  3.556240e-01   1.121126e+04   6.652658e+02
  3.582680e-01   1.102001e+04   6.573987e+02
  3.609110e-01   1.099076e+04   6.487643e+02
  3.635550e-01   1.003022e+04   6.244545e+02
  3.661980e-01   1.113064e+04   6.480511e+02
  3.688410e-01   1.007168e+04   6.210462e+02
  3.714850e-01   1.003194e+04   6.139445e+02
  3.741280e-01   1.140166e+04   6.517897e+02
  3.767710e-01   1.095036e+04   6.441391e+02
  3.794150e-01   1.117848e+04   6.400781e+02
  3.820580e-01   1.192331e+04   6.665332e+02
  3.847020e-01   1.081824e+04   6.245916e+02
  3.873450e-01   1.029886e+04   6.143787e+02
  3.899880e-01   9.976946e+03   6.016325e+02
  3.926320e-01   9.509030e+03   5.797758e+02
  3.952750e-01   1.065939e+04   6.206135e+02
  3.979190e-01   1.023628e+04   5.980098e+02
  4.005620e-01   1.153163e+04   6.416370e+02
  4.032050e-01   1.164944e+04   6.336463e+02
  4.058490e-01   9.722287e+03   5.799830e+02
  4.084920e-01   9.527822e+03   5.809216e+02
  4.111360e-01   1.034897e+04   5.955163e+02
  4.137790e-01   1.039974e+04   6.004294e+02
  4.164220e-01   1.082801e+04   6.062522e+02
  4.190660e-01   1.047709e+04   5.941012e+02
  4.217090e-01   9.775758e+03   5.760421e+02
  4.243530e-01   1.021266e+04   5.838191e+02
  4.269960e-01   1.044229e+04   6.218291e+02
  4.296390e-01   1.088664e+04   6.349217e+02
  4.322830e-01   9.992752e+03   6.358236e+02
  4.349260e-01   1.049002e+04   6.674641e+02
  4.375690e-01   1.031142e+04   6.495581e+02
  4.402130e-01   1.080541e+04   6.847649e+02
  4.428560e-01   1.143240e+04   7.009655e+02
  4.455000e-01   9.143063e+03   6.449019e+02
  4.481430e-01   1.048110e+04   6.896056e+02
  4.507860e-01   1.098020e+04   7.058338e+02
  4.534300e-01   9.104873e+03   6.605369e+02
  4.560730e-01   1.043923e+04   6.944074e+02
  4.587170e-01   1.080876e+04   7.065910e+02
  4.613600e-01   1.166295e+04   7.247007e+02
  4.640030e-01   9.779781e+03   6.578593e+02
  4.666470e-01   1.032025e+04   6.895508e+02
  4.692900e-01   1.110917e+04   6.943234e+02
  4.719340e-01   1.038570e+04   6.908464e+02
  4.745770e-01   1.079759e+04   6.912446e+02
  4.772200e-01   9.076888e+03   6.483491e+02
  4.798640e-01   1.020325e+04   6.727821e+02
  4.825070e-01   1.013171e+04   6.395077e+02
  4.851500e-01   9.514773e+03   6.246754e+02
  4.877940e-01   9.688723e+03   6.091248e+02
  4.904370e-01   1.023567e+04   6.335719e+02
  4.930810e-01   1.057522e+04   6.264222e+02
  4.957240e-01   1.037602e+04   6.135471e+02
  4.983670e-01   1.046391e+04   6.231166e+02
  5.010110e-01   1.020022e+04   6.052719e+02
  5.036540e-01   1.084672e+04   6.241584e+02
  5.062980e-01   1.022154e+04   5.941148e+02
  5.089410e-01   1.095440e+04   6.162329e+02
  5.115840e-01   1.119267e+04   6.247140e+02
  5.142280e-01   1.104470e+04   6.117092e+02
  5.168710e-01   1.054654e+04   6.029055e+02
  5.195150e-01   9.746026e+03   5.645721e+02
  5.221580e-01   1.042687e+04   5.893615e+02
  5.248010e-01   1.041605e+04   5.868780e+02
  5.274450e-01   1.108857e+04   5.978556e+02
  5.300880e-01   9.837742e+03   5.651635e+02
  5.327320e-01   9.767137e+03   5.556330e+02
  5.353750e-01   1.037602e+04   5.809458e+02
  5.380180e-01   1.059883e+04   5.722831e+02
  5.406620e-01   1.008515e+04   5.611529e+02
  5.433050e-01   1.021408e+04   5.692085e+02
  5.459480e-01   9.724754e+03   5.505558e+02
  5.485920e-01   1.094035e+04   5.839526e+02
  5.512350e-01   1.056184e+04   5.621502e+02
  5.538790e-01   1.055487e+04   5.633771e+02
  5.565220e-01   1.055859e+04   5.668150e+02
  5.591650e-01   1.027104e+04   5.529743e+02
  5.618090e-01   1.141867e+04   5.849964e+02
  5.644520e-01   1.020368e+04   5.461905e+02
  5.670960e-01   1.008867e+04   5.471349e+02
  5.697390e-01   1.103800e+04   5.662373e+02
  5.723820e-01   1.192875e+04   5.891191e+02
  5.750260e-01   1.138148e+04   5.726642e+02
  5.776690e-01   1.090293e+04   5.600457e+02
  5.803130e-01   1.019562e+04   5.442022e+02
  5.829560e-01   1.020571e+04   5.312881e+02
  5.855990e-01   1.005810e+04   5.353386e+02
  5.882430e-01   9.816554e+03   5.247169e+02
  5.908860e-01   9.988052e+03   5.301108e+02
  5.935290e-01   1.003644e+04   5.260526e+02
  5.961730e-01   1.050044e+04   5.372494e+02
  5.988160e-01   1.047971e+04   5.354883e+02
  6.014600e-01   1.018680e+04   5.267467e+02
  6.041030e-01   1.048383e+04   5.315511e+02
  6.067460e-01   1.076410e+04   5.382049e+02
  6.093900e-01   1.110860e+04   5.426905e+02
  6.120330e-01   1.036756e+04   5.270129e+02
  6.146770e-01   1.111334e+04   5.384433e+02
  6.173200e-01   9.968268e+03   5.073715e+02
  6.199630e-01   1.050789e+04   5.183162e+02
  6.226070e-01   1.025982e+04   5.162277e+02
  6.252500e-01   9.462522e+03   4.932681e+02
  6.278940e-01   9.757374e+03   4.966373e+02
  6.305370e-01   9.934321e+03   5.011202e+02
  6.331800e-01   1.055864e+04   5.133784e+02
  6.358240e-01   1.036405e+04   5.118439e+02
  6.384670e-01   1.026613e+04   5.051631e+02
  6.411110e-01   1.060398e+04   5.137646e+02
  6.437540e-01   1.082801e+04   5.191633e+02
  6.463970e-01   9.967838e+03   4.977701e+02
  6.490410e-01   1.078789e+04   5.160550e+02
  6.516840e-01   1.106888e+04   5.223729e+02
  6.543270e-01   9.514266e+03   4.836373e+02
  6.569710e-01   1.035895e+04   5.085006e+02
  6.596140e-01   9.873029e+03   4.899902e+02
  6.622580e-01   1.094018e+04   5.186141e+02
  6.649010e-01   1.025496e+04   4.956923e+02
  6.675440e-01   1.185922e+04   5.362927e+02
  6.701880e-01   1.008279e+04   4.985619e+02
  6.728310e-01   9.721736e+03   4.807089e+02
  6.754750e-01   1.134349e+04   5.237935e+02
  6.781180e-01   9.518955e+03   4.753540e+02
  6.807610e-01   1.130552e+04   5.187328e+02
  6.834050e-01   1.051752e+04   4.980188e+02
  6.860480e-01   1.017834e+04   4.857856e+02
  6.886920e-01   9.879894e+03   4.855703e+02
  6.913350e-01   1.006120e+04   4.801947e+02
  6.939780e-01   1.072975e+04   5.030185e+02
  6.966220e-01   1.056419e+04   4.936323e+02
  6.992650e-01   1.032922e+04   4.853091e+02
  7.019080e-01   1.056468e+04   4.991342e+02
  7.045520e-01   1.079814e+04   4.918418e+02
  7.071950e-01   1.033887e+04   4.852271e+02
  7.098390e-01   1.071662e+04   4.959059e+02
  7.124820e-01   1.061478e+04   4.870396e+02
  7.151250e-01   1.008412e+04   4.807413e+02
  7.177690e-01   1.071819e+04   4.851898e+02
  7.204120e-01   1.035008e+04   4.815295e+02
  7.230560e-01   1.062058e+04   4.847608e+02
  7.256990e-01   1.009797e+04   4.744440e+02
  7.283420e-01   1.097819e+04   4.919444e+02
  7.309860e-01   9.837504e+03   4.642605e+02
  7.336290e-01   1.039931e+04   4.796846e+02
  7.362730e-01   1.125298e+04   4.944277e+02
  7.389160e-01   1.088368e+04   4.862468e+02
  7.415590e-01   1.070081e+04   4.839076e+02
  7.442030e-01   9.611085e+03   4.525683e+02
  7.468460e-01   9.910705e+03   4.651325e+02
  7.494900e-01   1.107766e+04   4.830090e+02
  7.521330e-01   9.698080e+03   4.551535e+02
  7.547760e-01   1.054621e+04   4.721134e+02
  7.574200e-01   9.441743e+03   4.490979e+02
  7.600630e-01   1.068522e+04   4.769047e+02
  7.627060e-01   1.077393e+04   4.711112e+02
  7.653500e-01   1.098527e+04   4.812733e+02
  7.679930e-01   9.949852e+03   4.550956e+02
  7.706370e-01   9.171466e+03   4.392336e+02
  7.732800e-01   9.125536e+03   4.330788e+02
  7.759230e-01   1.005544e+04   4.556555e+02
  7.785670e-01   1.014348e+04   4.587040e+02
  7.812100e-01   1.010421e+04   4.541507e+02
  7.838540e-01   1.033816e+04   4.609559e+02
  7.864970e-01   1.039086e+04   4.574322e+02
  7.891400e-01   1.074126e+04   4.648200e+02
  7.917840e-01   1.037279e+04   4.606719e+02
  7.944270e-01   1.040129e+04   4.561267e+02
  7.970710e-01   1.042271e+04   4.583903e+02
  7.997140e-01   1.059491e+04   4.580577e+02
  8.023570e-01   1.044957e+04   4.600165e+02
  8.050010e-01   1.026959e+04   4.512200e+02
  8.076440e-01   1.060382e+04   4.567388e+02
  8.102870e-01   1.013942e+04   4.481034e+02
  8.129310e-01   1.078471e+04   4.598615e+02
  8.155740e-01   9.911087e+03   4.406016e+02
  8.182180e-01   1.079208e+04   4.572753e+02
  8.208610e-01   1.027721e+04   4.459931e+02
  8.235040e-01   1.058246e+04   4.533028e+02
  8.261480e-01   1.051619e+04   4.521261e+02
  8.287910e-01   1.057642e+04   4.509800e+02
  8.314350e-01   1.074197e+04   4.511202e+02
  8.340780e-01   1.104979e+04   4.612094e+02
  8.367210e-01   1.032060e+04   4.445396e+02
  8.393650e-01   1.077986e+04   4.519151e+02
  8.420080e-01   1.081053e+04   4.539997e+02
  8.446520e-01   9.903414e+03   4.277623e+02
  8.472950e-01   9.754892e+03   4.319539e+02
  8.499380e-01   1.041249e+04   4.415881e+02
  8.525820e-01   1.023599e+04   4.348856e+02
  8.552250e-01   1.001922e+04   4.331685e+02
  8.578690e-01   1.027341e+04   4.388582e+02
  8.605120e-01   1.026112e+04   4.512834e+02
  8.631550e-01   9.499758e+03   4.313618e+02
  8.657990e-01   1.090918e+04   4.668698e+02
  8.684420e-01   1.073719e+04   4.655161e+02
  8.710850e-01   1.040005e+04   4.543283e+02
  8.737290e-01   9.890942e+03   4.495883e+02
  8.763720e-01   1.063517e+04   4.576646e+02
  8.790160e-01   1.033974e+04   4.578516e+02
  8.816590e-01   1.026192e+04   4.603099e+02
  8.843020e-01   1.050130e+04   4.583144e+02
  8.869460e-01   9.406133e+03   4.361990e+02
  8.895890e-01   1.010949e+04   4.362567e+02
  8.922330e-01   1.044664e+04   4.474850e+02
  8.948760e-01   1.056664e+04   4.441492e+02
  8.975190e-01   1.003424e+04   4.290333e+02
  9.001630e-01   1.075708e+04   4.486011e+02
  9.028060e-01   1.080069e+04   4.435311e+02
  9.054500e-01   1.117133e+04   4.545551e+02
  9.080930e-01   1.047262e+04   4.341042e+02
  9.107360e-01   1.050551e+04   4.343494e+02
  9.133800e-01   1.035304e+04   4.340220e+02
  9.160230e-01   1.071749e+04   4.382707e+02
  9.186660e-01   9.918993e+03   4.214176e+02
  9.213100e-01   9.935336e+03   4.176133e+02
  9.239530e-01   1.050675e+04   4.332909e+02
  9.265970e-01   1.033837e+04   4.300194e+02
  9.292400e-01   1.064566e+04   4.299742e+02
  9.318830e-01   9.972564e+03   4.206672e+02
  9.345270e-01   1.082945e+04   4.328319e+02
  9.371700e-01   1.091225e+04   4.389551e+02
  9.398140e-01   1.069469e+04   4.295089e+02
  9.424570e-01   1.086918e+04   4.303150e+02
  9.451000e-01   1.045174e+04   4.256278e+02
  9.477440e-01   9.916963e+03   4.114250e+02
  9.503870e-01   1.092435e+04   4.366250e+02
  9.530310e-01   1.024365e+04   4.130638e+02
  9.556740e-01   1.047314e+04   4.230061e+02
  9.583170e-01   1.020758e+04   4.146547e+02
  9.609610e-01   1.084019e+04   4.255146e+02
  9.636040e-01   9.520122e+03   4.015821e+02
  9.662480e-01   1.014991e+04   4.079595e+02
  9.688910e-01   1.079672e+04   4.244629e+02
  9.715340e-01   1.016311e+04   4.104842e+02
  9.741780e-01   1.051675e+04   4.128184e+02
  9.768210e-01   1.090989e+04   4.218006e+02
  9.794640e-01   9.956791e+03   3.982716e+02
  9.821080e-01   1.039911e+04   4.110611e+02
  9.847510e-01   1.019203e+04   4.089922e+02
  9.873950e-01   1.062869e+04   4.231213e+02
  9.900380e-01   1.063094e+04   4.311415e+02
  9.926810e-01   9.726721e+03   4.113965e+02
  9.953250e-01   1.015893e+04   4.277681e+02
  9.979680e-01   1.064970e+04   4.362285e+02
  1.000610e+00   1.005036e+04   4.289388e+02
  1.003250e+00   1.025969e+04   4.347170e+02
  1.005900e+00   1.094629e+04   4.506514e+02
  1.008540e+00   1.054029e+04   4.438261e+02
  1.011190e+00   1.070848e+04   4.473532e+02
  1.013830e+00   9.538007e+03   4.282692e+02
  1.016470e+00   9.931423e+03   4.346866e+02
  1.019120e+00   1.042258e+04   4.476882e+02
  1.021760e+00   1.005721e+04   4.397712e+02
  1.024400e+00   9.654875e+03   4.313480e+02
  1.027050e+00   9.695629e+03   4.357861e+02
  1.029690e+00   1.048682e+04   4.500324e+02
  1.032330e+00   1.042496e+04   4.541183e+02
  1.034980e+00   1.010592e+04   4.466229e+02
  1.037620e+00   1.028066e+04   4.499723e+02
  1.040260e+00   1.017367e+04   4.478709e+02
  1.042910e+00   1.063677e+04   4.401525e+02
  1.045550e+00   1.083885e+04   4.488995e+02
  1.048190e+00   1.017158e+04   4.286812e+02
  1.050840e+00   1.027945e+04   4.279389e+02
  1.053480e+00   1.017064e+04   4.237767e+02
  1.056120e+00   1.056996e+04   4.276148e+02
  1.058770e+00   1.062058e+04   4.307213e+02
  1.061410e+00   9.951052e+03   4.139092e+02
  1.064050e+00   1.015593e+04   4.163524e+02
  1.066700e+00   1.049682e+04   4.208841e+02
  1.069340e+00   1.066959e+04   4.227444e+02
  1.071980e+00   9.936067e+03   4.104551e+02
  1.074630e+00   1.048466e+04   4.144427e+02
  1.077270e+00   1.032947e+04   4.151766e+02
  1.079910e+00   1.032333e+04   4.116182e+02
  1.082560e+00   1.064082e+04   4.135671e+02
  1.085200e+00   1.025522e+04   4.085779e+02
  1.087840e+00   1.022090e+04   4.024474e+02
  1.090490e+00   1.025048e+04   4.064580e+02
  1.093130e+00   9.676094e+03   3.920951e+02
  1.095770e+00   1.028663e+04   4.040968e+02
  1.098420e+00   1.065859e+04   4.102493e+02
  1.101060e+00   1.043374e+04   4.042993e+02
  1.103700e+00   9.847723e+03   3.948577e+02
  1.106350e+00   1.044422e+04   4.037970e+02
  1.108990e+00   1.071940e+04   4.066101e+02
  1.111630e+00   1.019077e+04   3.957766e+02
  1.114280e+00   1.022594e+04   3.959499e+02
  1.116920e+00   1.020549e+04   3.996779e+02
  1.119560e+00   1.027360e+04   3.936851e+02
  1.122210e+00   1.009465e+04   3.932319e+02
  1.124850e+00   1.047620e+04   3.994014e+02
  1.127490e+00   9.892334e+03   3.886076e+02
  1.130140e+00   9.893923e+03   3.889703e+02
  1.132780e+00   9.829290e+03   3.852402e+02
  1.135420e+00   1.020025e+04   3.926079e+02
  1.138070e+00   1.027980e+04   3.924847e+02
  1.140710e+00   9.767536e+03   3.837051e+02
  1.143350e+00   9.727918e+03   3.824439e+02
  1.146000e+00   1.034945e+04   3.920135e+02
  1.148640e+00   1.031018e+04   3.942195e+02
  1.151280e+00   9.440512e+03   3.731690e+02
  1.153930e+00   9.798668e+03   3.811240e+02
  1.156570e+00   9.881521e+03   3.814719e+02
  1.159220e+00   1.004464e+04   3.835063e+02
  1.161860e+00   1.010350e+04   3.871671e+02
  1.164500e+00   1.051110e+04   3.893001e+02
  1.167150e+00   1.003997e+04   3.838878e+02
  1.169790e+00   9.993432e+03   3.785282e+02
  1.172430e+00   9.782365e+03   3.770825e+02
  1.175080e+00   1.005854e+04   3.823683e+02
  1.177720e+00   1.021282e+04   3.811391e+02
  1.180360e+00   9.555619e+03   3.722341e+02
  1.183010e+00   1.013552e+04   3.798448e+02
  1.185650e+00   9.788845e+03   3.753851e+02
  1.188290e+00   1.043806e+04   3.850137e+02
  1.190940e+00   1.026544e+04   3.804626e+02
  1.193580e+00   9.717384e+03   3.723709e+02
  1.196220e+00   1.041142e+04   3.819581e+02
  1.198870e+00   1.069983e+04   3.881238e+02
  1.201510e+00   1.036500e+04   3.805110e+02
  1.204150e+00   1.018722e+04   3.778231e+02
  1.206800e+00   1.070550e+04   3.880742e+02
  1.209440e+00   1.007177e+04   3.727727e+02
  1.212080e+00   9.694484e+03   3.679976e+02
  1.214730e+00   9.661090e+03   3.659399e+02
  1.217370e+00   1.057163e+04   3.814710e+02
  1.220010e+00   1.018026e+04   3.744870e+02
  1.222660e+00   1.020271e+04   3.710690e+02
  1.225300e+00   9.740638e+03   3.665938e+02
  1.227940e+00   1.025496e+04   3.747081e+02
  1.230590e+00   1.041040e+04   3.763889e+02
  1.233230e+00   1.062007e+04   3.800161e+02
  1.235870e+00   9.639068e+03   3.597268e+02
  1.238520e+00   1.066345e+04   3.810806e+02
  1.241160e+00   1.010824e+04   3.693471e+02
  1.243800e+00   1.089181e+04   3.808233e+02
  1.246450e+00   9.773317e+03   3.622232e+02
  1.249090e+00   1.041426e+04   3.743330e+02
  1.251730e+00   1.044902e+04   3.750979e+02
  1.254380e+00   1.043058e+04   3.699344e+02
  1.257020e+00   1.012298e+04   3.676833e+02
  1.259660e+00   1.028260e+04   3.677049e+02
  1.262310e+00   1.090456e+04   3.803404e+02
  1.264950e+00   1.006300e+04   3.655045e+02
  1.267590e+00   1.058215e+04   3.704494e+02
  1.270240e+00   1.047539e+04   3.705926e+02
  1.272880e+00   1.016854e+04   3.643259e+02
  1.275520e+00   9.682724e+03   3.564260e+02
  1.278170e+00   1.031690e+04   3.649857e+02
  1.280810e+00   1.019465e+04   3.647933e+02
  1.283450e+00   1.010564e+04   3.625377e+02
  1.286100e+00   1.060387e+04   3.696278e+02
  1.288740e+00   1.104299e+04   3.778832e+02
  1.291380e+00   1.067734e+04   3.677471e+02
  1.294030e+00   1.033377e+04   3.658114e+02
  1.296670e+00   1.036652e+04   3.655991e+02
  1.299310e+00   1.050526e+04   3.646428e+02
  1.301960e+00   1.053279e+04   3.653785e+02
  1.304600e+00   1.002536e+04   3.553395e+02
  1.307240e+00   9.680055e+03   3.525268e+02
  1.309890e+00   1.027173e+04   3.589233e+02
  1.312530e+00   1.006315e+04   3.560085e+02
  1.315180e+00   1.039314e+04   3.605340e+02
  1.317820e+00   1.067866e+04   3.645634e+02
  1.320460e+00   1.011961e+04   3.560065e+02
  1.323110e+00   9.926907e+03   3.483661e+02
  1.325750e+00   9.784766e+03   3.481263e+02
  1.328390e+00   9.771294e+03   3.463343e+02
  1.331040e+00   9.988033e+03   3.494370e+02
  1.333680e+00   1.098818e+04   3.685316e+02
  1.336320e+00   1.049696e+04   3.562899e+02
  1.338970e+00   1.071880e+04   3.636103e+02
  1.341610e+00   1.035343e+04   3.563796e+02
  1.344250e+00   1.045362e+04   3.554338e+02
  1.346900e+00   1.025171e+04   3.532971e+02
  1.349540e+00   9.386121e+03   3.352186e+02
  1.352180e+00   1.002076e+04   3.503678e+02
  1.354830e+00   1.058219e+04   3.571315e+02
  1.357470e+00   9.506044e+03   3.392853e+02
  1.360110e+00   9.615915e+03   3.414712e+02
  1.362760e+00   1.024821e+04   3.527579e+02
  1.365400e+00   1.031627e+04   3.548903e+02
  1.368040e+00   9.869693e+03   3.423759e+02
  1.370690e+00   1.003064e+04   3.481687e+02
  1.373330e+00   1.042328e+04   3.556378e+02
  1.375970e+00   1.065970e+04   3.577162e+02
  1.378620e+00   1.068812e+04   3.592772e+02
  1.381260e+00   9.956791e+03   3.435419e+02
  1.383900e+00   9.598613e+03   3.397872e+02
  1.386550e+00   1.053617e+04   3.545703e+02
  1.389190e+00   1.023447e+04   3.489925e+02
  1.391830e+00   1.097618e+04   3.606995e+02
  1.394480e+00   1.003455e+04   3.449948e+02
  1.397120e+00   1.056644e+04   3.557907e+02
  1.399760e+00   1.023453e+04   3.473827e+02
  1.402410e+00   1.019451e+04   3.452296e+02
  1.405050e+00   1.052782e+04   3.534897e+02
  1.407690e+00   1.004588e+04   3.441661e+02
  1.410340e+00   9.923973e+03   3.424096e+02
  1.412980e+00   1.010818e+04   3.430940e+02
  1.415620e+00   9.917897e+03   3.401811e+02
  1.418270e+00   1.052444e+04   3.523843e+02
  1.420910e+00   1.033974e+04   3.475667e+02
  1.423550e+00   1.056173e+04   3.512778e+02
  1.426200e+00   1.076263e+04   3.536820e+02
  1.428840e+00   1.006527e+04   3.420318e+02
  1.431480e+00   9.947762e+03   3.398091e+02
  1.434130e+00   1.027235e+04   3.429839e+02
  1.436770e+00   1.047975e+04   3.485512e+02
  1.439410e+00   1.029624e+04   3.464961e+02
  1.442060e+00   1.013246e+04   3.419540e+02
  1.444700e+00   1.003135e+04   3.406826e+02
  1.447340e+00   1.065339e+04   3.478454e+02
  1.449990e+00   1.028890e+04   3.439199e+02
  1.452630e+00   1.088217e+04   3.538099e+02
  1.455270e+00   9.830900e+03   3.354260e+02
  1.457920e+00   9.941676e+03   3.357065e+02
  1.460560e+00   1.029791e+04   3.415603e+02
  1.463200e+00   1.084736e+04   3.526781e+02
  1.465850e+00   9.818064e+03   3.338242e+02
  1.468490e+00   1.004282e+04   3.381594e+02
  1.471140e+00   1.056031e+04   3.442562e+02
  1.473780e+00   1.072592e+04   3.500271e+02
  1.476420e+00   9.758283e+03   3.321758e+02
  1.479070e+00   9.777806e+03   3.318804e+02
  1.481710e+00   9.698560e+03   3.291906e+02
  1.484350e+00   1.023489e+04   3.381701e+02
  1.487000e+00   1.026073e+04   3.412667e+02
  1.489640e+00   9.570334e+03   3.255894e+02
  1.492280e+00   9.933069e+03   3.340853e+02
  1.494930e+00   1.014152e+04   3.352682e+02
  1.497570e+00   9.716733e+03   3.298074e+02
  1.500210e+00   9.765600e+03   3.303264e+02
  1.502860e+00   1.017506e+04   3.350976e+02
  1.505500e+00   1.064797e+04   3.454659e+02
  1.508140e+00   1.015260e+04   3.354514e+02
  1.510790e+00   9.943302e+03   3.312594e+02
  1.513430e+00   1.035334e+04   3.382290e+02
  1.516070e+00   1.086295e+04   3.450730e+02
  1.518720e+00   1.049349e+04   3.413534e+02
  1.521360e+00   9.917911e+03   3.293188e+02
  1.524000e+00   9.482425e+03   3.225987e+02
  1.526650e+00   1.053082e+04   3.405911e+02
  1.529290e+00   1.018680e+04   3.331438e+02
  1.531930e+00   1.011254e+04   3.354118e+02
  1.534580e+00   9.772806e+03   3.252186e+02
  1.537220e+00   1.052523e+04   3.381192e+02
  1.539860e+00   1.040821e+04   3.371551e+02
  1.542510e+00   1.014939e+04   3.326327e+02
  1.545150e+00   1.049321e+04   3.400868e+02
  1.547790e+00   1.030894e+04   3.409896e+02
  1.550440e+00   1.072071e+04   3.534512e+02
  1.553080e+00   1.050613e+04   3.500100e+02
  1.555720e+00   9.700477e+03   3.387554e+02
  1.558370e+00   1.007001e+04   3.474484e+02
  1.561010e+00   1.000449e+04   3.453933e+02
  1.563650e+00   1.031362e+04   3.569174e+02
  1.566300e+00   9.829483e+03   3.443118e+02
  1.568940e+00   1.030466e+04   3.563942e+02
  1.571580e+00   1.017639e+04   3.534405e+02
  1.574230e+00   1.037271e+04   3.615698e+02
  1.576870e+00   9.810326e+03   3.526249e+02
  1.579510e+00   1.036946e+04   3.594965e+02
  1.582160e+00   1.054248e+04   3.659350e+02
  1.584800e+00   1.034217e+04   3.611642e+02
  1.587440e+00   9.324751e+03   3.479966e+02
  1.590090e+00   9.819159e+03   3.559442e+02
  1.592730e+00   1.029033e+04   3.617888e+02
  1.595370e+00   9.138885e+03   3.469073e+02
  1.598020e+00   1.090975e+04   3.770960e+02
  1.600660e+00   1.046439e+04   3.690506e+02
  1.603300e+00   9.547007e+03   3.431601e+02
  1.605950e+00   1.062103e+04   3.607091e+02
  1.608590e+00   9.523473e+03   3.412138e+02
  1.611230e+00   1.001082e+04   3.445868e+02
  1.613880e+00   1.061436e+04   3.565966e+02
  1.616520e+00   9.977561e+03   3.414251e+02
  1.619160e+00   9.635858e+03   3.377367e+02
  1.621810e+00   1.050001e+04   3.525558e+02
  1.624450e+00   1.041643e+04   3.454913e+02
  1.627100e+00   1.095829e+04   3.572301e+02
  1.629740e+00   9.676855e+03   3.328939e+02
  1.632380e+00   1.014971e+04   3.439099e+02
  1.635030e+00   1.036397e+04   3.445100e+02
  1.637670e+00   1.072841e+04   3.486265e+02
  1.640310e+00   1.037481e+04   3.460193e+02
  1.642960e+00   1.007914e+04   3.365328e+02
  1.645600e+00   1.013439e+04   3.389446e+02
  1.648240e+00   1.023168e+04   3.384337e+02
  1.650890e+00   1.035356e+04   3.409765e+02
  1.653530e+00   1.023804e+04   3.401361e+02
  1.656170e+00   9.709733e+03   3.293801e+02
  1.658820e+00   9.338956e+03   3.245511e+02
  1.661460e+00   1.056012e+04   3.424354e+02
  1.664100e+00   9.458951e+03   3.271447e+02
  1.666750e+00   1.003420e+04   3.357816e+02
  1.669390e+00   9.747753e+03   3.274822e+02
  1.672030e+00   9.876886e+03   3.331391e+02
  1.674680e+00   9.986021e+03   3.308517e+02
  1.677320e+00   1.025088e+04   3.390691e+02
  1.679960e+00   1.055090e+04   3.407062e+02
  1.682610e+00   9.978674e+03   3.304269e+02
  1.685250e+00   9.783844e+03   3.298133e+02
  1.687890e+00   9.674925e+03   3.259565e+02
  1.690540e+00   1.043447e+04   3.387173e+02
  1.693180e+00   1.023357e+04   3.321957e+02
  1.695820e+00   9.305980e+03   3.191925e+02
  1.698470e+00   1.039178e+04   3.394848e+02
  1.701110e+00   1.004161e+04   3.285714e+02
  1.703750e+00   1.048594e+04   3.403879e+02
  1.706400e+00   1.037096e+04   3.328201e+02
  1.709040e+00   9.689746e+03   3.246187e+02
  1.711680e+00   1.010774e+04   3.314459e+02
  1.714330e+00   1.008994e+04   3.285738e+02
  1.716970e+00   1.010969e+04   3.309765e+02
  1.719610e+00   9.523208e+03   3.208450e+02
  1.722260e+00   9.877711e+03   3.263688e+02
  1.724900e+00   9.946142e+03   3.254477e+02
  1.727540e+00   1.032661e+04   3.319100e+02
  1.730190e+00   9.907784e+03   3.264726e+02
  1.732830e+00   1.037715e+04   3.330186e+02
  1.735470e+00   1.015557e+04   3.298376e+02
  1.738120e+00   1.010779e+04   3.275955e+02
  1.740760e+00   9.610313e+03   3.198112e+02
  1.743400e+00   1.054061e+04   3.348334e+02
  1.746050e+00   1.067052e+04   3.365910e+02
  1.748690e+00   9.866221e+03   3.231788e+02
  1.751330e+00   9.606815e+03   3.175915e+02
  1.753980e+00   1.018042e+04   3.292583e+02
  1.756620e+00   1.012585e+04   3.259625e+02
  1.759260e+00   1.036605e+04   3.302899e+02
  1.761910e+00   1.022627e+04   3.276709e+02
  1.764550e+00   1.019767e+04   3.275964e+02
  1.767190e+00   9.876807e+03   3.233521e+02
  1.769840e+00   1.024571e+04   3.257946e+02
  1.772480e+00   1.002305e+04   3.238301e+02
  1.775120e+00   1.023537e+04   3.249735e+02
  1.777770e+00   1.024275e+04   3.260304e+02
  1.780410e+00   9.849903e+03   3.209272e+02
  1.783060e+00   1.029836e+04   3.248517e+02
  1.785700e+00   9.924392e+03   3.214826e+02
  1.788340e+00   9.561278e+03   3.145430e+02
  1.790990e+00   1.047682e+04   3.275606e+02
  1.793630e+00   1.034214e+04   3.277033e+02
  1.796270e+00   1.037923e+04   3.248272e+02
  1.798920e+00   9.639193e+03   3.171062e+02
  1.801560e+00   1.019006e+04   3.230467e+02
  1.804200e+00   9.355175e+03   3.094417e+02
  1.806850e+00   1.000358e+04   3.205353e+02
  1.809490e+00   1.018866e+04   3.228401e+02
  1.812130e+00   9.641502e+03   3.189125e+02
  1.814780e+00   1.004052e+04   3.197552e+02
  1.817420e+00   9.623365e+03   3.155626e+02
  1.820060e+00   9.842702e+03   3.195076e+02
  1.822710e+00   9.980949e+03   3.214647e+02
  1.825350e+00   9.989265e+03   3.229071e+02
  1.827990e+00   9.907635e+03   3.192691e+02
  1.830640e+00   9.829334e+03   3.216256e+02
  1.833280e+00   1.001748e+04   3.213109e+02
  1.835920e+00   1.003561e+04   3.235611e+02
  1.838570e+00   9.517605e+03   3.146423e+02
  1.841210e+00   9.777625e+03   3.168947e+02
  1.843850e+00   9.981462e+03   3.248689e+02
  1.846500e+00   1.019997e+04   3.245044e+02
  1.849140e+00   1.027555e+04   3.274061e+02
  1.851780e+00   9.658495e+03   3.182582e+02
  1.854430e+00   1.000986e+04   3.223960e+02
  1.857070e+00   1.032717e+04   3.300577e+02
  1.859710e+00   9.658315e+03   3.146849e+02
  1.862360e+00   1.025025e+04   3.277670e+02
  1.865000e+00   9.596725e+03   3.162228e+02
  1.867640e+00   9.791908e+03   3.198877e+02
  1.870290e+00   1.013814e+04   3.256840e+02
  1.872930e+00   9.637809e+03   3.143507e+02
  1.875570e+00   9.979060e+03   3.244472e+02
  1.878220e+00   9.915087e+03   3.215187e+02
  1.880860e+00   9.610467e+03   3.159902e+02
  1.883500e+00   1.022621e+04   3.283438e+02
  1.886150e+00   1.039325e+04   3.260653e+02
  1.888790e+00   1.040884e+04   3.316532e+02
  1.891430e+00   1.035758e+04   3.267197e+02
  1.894080e+00   1.025176e+04   3.279830e+02
  1.896720e+00   1.017831e+04   3.268059e+02
  1.899360e+00   1.034374e+04   3.279187e+02
  1.902010e+00   9.635038e+03   3.185245e+02
  1.904650e+00   9.714275e+03   3.155050e+02
  1.907290e+00   9.328370e+03   3.128635e+02
  1.909940e+00   9.634490e+03   3.159274e+02
  1.912580e+00   1.016894e+04   3.275194e+02
  1.915220e+00   9.138663e+03   3.089432e+02
  1.917870e+00   9.610020e+03   3.146179e+02
  1.920510e+00   1.006949e+04   3.244847e+02
  1.923150e+00   1.000675e+04   3.234722e+02
  1.925800e+00   9.890989e+03   3.205688e+02
  1.928440e+00   9.891729e+03   3.216078e+02
  1.931080e+00   9.861362e+03   3.194408e+02
  1.933730e+00   1.016013e+04   3.268969e+02
  1.936370e+00   1.085723e+04   3.358620e+02
  1.939020e+00   9.604899e+03   3.158071e+02
  1.941660e+00   9.985684e+03   3.222866e+02
  1.944300e+00   1.020701e+04   3.262176e+02
  1.946950e+00   9.548725e+03   3.165372e+02
  1.949590e+00   9.848964e+03   3.188720e+02
  1.952230e+00   1.019045e+04   3.265232e+02
  1.954880e+00   9.459528e+03   3.134081e+02
  1.957520e+00   1.018902e+04   3.263098e+02
  1.960160e+00   9.991483e+03   3.224737e+02
  1.962810e+00   1.034610e+04   3.270091e+02
  1.965450e+00   9.533321e+03   3.163744e+02
  1.968090e+00   1.005670e+04   3.224031e+02
  1.970740e+00   1.052228e+04   3.309286e+02
  1.973380e+00   1.028562e+04   3.262400e+02
  1.976020e+00   1.009484e+04   3.232936e+02
  1.978670e+00   9.082279e+03   3.093436e+02
  1.981310e+00   9.634490e+03   3.159274e+02
  1.983950e+00   9.910426e+03   3.215367e+02
  1.986600e+00   1.049583e+04   3.287984e+02
  1.989240e+00   9.843131e+03   3.205365e+02
  1.991880e+00   9.923274e+03   3.212779e+02
  1.994530e+00   9.990773e+03   3.191435e+02
  1.997170e+00   1.019458e+04   3.278357e+02
  1.999810e+00   9.850070e+03   3.172494e+02
  2.002460e+00   9.810604e+03   3.188018e+02
  2.005100e+00   9.939624e+03   3.199678e+02
  2.007740e+00   9.829634e+03   3.169201e+02
  2.010390e+00   9.963753e+03   3.225884e+02
  2.013030e+00   9.472007e+03   3.111015e+02
  2.015670e+00   9.953381e+03   3.190907e+02
  2.018320e+00   9.947795e+03   3.172854e+02
  2.020960e+00   1.016071e+04   3.227656e+02
  2.023600e+00   9.696303e+03   3.157551e+02
  2.026250e+00   1.035686e+04   3.236519e+02
  2.028890e+00   9.848964e+03   3.188720e+02
  2.031530e+00   9.599743e+03   3.119497e+02
  2.034180e+00   9.764521e+03   3.171369e+02
  2.036820e+00   1.049628e+04   3.272109e+02
  2.039460e+00   1.024560e+04   3.219088e+02
  2.042110e+00   9.784176e+03   3.172736e+02
  2.044750e+00   1.027907e+04   3.234396e+02
  2.047390e+00   9.705287e+03   3.167201e+02
  2.050040e+00   9.743631e+03   3.136586e+02
  2.052680e+00   1.014983e+04   3.211264e+02
  2.055320e+00   9.874247e+03   3.191891e+02
  2.057970e+00   9.655104e+03   3.127595e+02
  2.060610e+00   9.726582e+03   3.150749e+02
  2.063250e+00   9.909458e+03   3.170316e+02
  2.065900e+00   9.875094e+03   3.175616e+02
  2.068540e+00   9.587978e+03   3.138963e+02
  2.071180e+00   1.003162e+04   3.175454e+02
  2.073830e+00   9.773887e+03   3.171068e+02
  2.076470e+00   9.707871e+03   3.129943e+02
  2.079110e+00   9.968268e+03   3.208899e+02
  2.081760e+00   9.908386e+03   3.168352e+02
  2.084400e+00   9.352470e+03   3.063503e+02
  2.087040e+00   1.023245e+04   3.245535e+02
  2.089690e+00   9.953398e+03   3.182746e+02
  2.092330e+00   1.020314e+04   3.236241e+02
  2.094980e+00   1.034518e+04   3.232870e+02
  2.097620e+00   1.019503e+04   3.211134e+02
  2.100260e+00   9.368898e+03   3.090514e+02
  2.102910e+00   9.808030e+03   3.154050e+02
  2.105550e+00   1.019855e+04   3.242950e+02
  2.108190e+00   9.241311e+03   3.125920e+02
  2.110840e+00   9.643653e+03   3.258288e+02
  2.113480e+00   9.534756e+03   3.258913e+02
  2.116120e+00   1.028071e+04   3.369366e+02
  2.118770e+00   9.677546e+03   3.317420e+02
  2.121410e+00   9.724715e+03   3.304593e+02
  2.124050e+00   1.007462e+04   3.445448e+02
  2.126700e+00   9.991323e+03   3.391276e+02
  2.129340e+00   9.986746e+03   3.421403e+02
  2.131980e+00   1.001641e+04   3.455990e+02
  2.134630e+00   9.845940e+03   3.419636e+02
  2.137270e+00   1.020793e+04   3.541091e+02
  2.139910e+00   9.915935e+03   3.429498e+02
  2.142560e+00   9.621014e+03   3.444876e+02
  2.145200e+00   1.001572e+04   3.514830e+02
  2.147840e+00   9.914158e+03   3.502995e+02
  2.150490e+00   9.316069e+03   3.406292e+02
  2.153130e+00   1.017670e+04   3.526016e+02
  2.155770e+00   1.007252e+04   3.576856e+02
  2.158420e+00   9.874468e+03   3.551599e+02
  2.161060e+00   1.013695e+04   3.542136e+02
  2.163700e+00   8.925026e+03   3.276480e+02
  2.166350e+00   9.627061e+03   3.353746e+02
  2.168990e+00   1.052368e+04   3.529530e+02
  2.171630e+00   9.744121e+03   3.362041e+02
  2.174280e+00   9.645122e+03   3.329866e+02
  2.176920e+00   1.036256e+04   3.471587e+02
  2.179560e+00   9.548725e+03   3.284861e+02
  2.182210e+00   1.000074e+04   3.361711e+02
  2.184850e+00   9.303396e+03   3.231203e+02
  2.187490e+00   9.377646e+03   3.249162e+02
  2.190140e+00   9.643430e+03   3.311567e+02
  2.192780e+00   9.443374e+03   3.254402e+02
  2.195420e+00   9.943302e+03   3.312594e+02
  2.198070e+00   1.002936e+04   3.332032e+02
  2.200710e+00   1.015370e+04   3.364070e+02
  2.203350e+00   1.024288e+04   3.401094e+02
  2.206000e+00   1.044452e+04   3.394013e+02
  2.208640e+00   9.922223e+03   3.320345e+02
  2.211280e+00   1.046114e+04   3.415682e+02
  2.213930e+00   9.697262e+03   3.276401e+02
  2.216570e+00   9.964221e+03   3.332534e+02
  2.219210e+00   9.743909e+03   3.266166e+02
  2.221860e+00   9.977778e+03   3.329628e+02
  2.224500e+00   9.778792e+03   3.298305e+02
  2.227140e+00   9.760616e+03   3.292174e+02
  2.229790e+00   9.742507e+03   3.286066e+02
  2.232430e+00   9.944513e+03   3.314838e+02
  2.235070e+00   1.013918e+04   3.364804e+02
  2.237720e+00   1.011829e+04   3.363432e+02
  2.240360e+00   9.356537e+03   3.228312e+02
  2.243010e+00   9.834417e+03   3.307672e+02
  2.245650e+00   9.534044e+03   3.256767e+02
  2.248290e+00   9.892353e+03   3.321527e+02
  2.250940e+00   1.002066e+04   3.360823e+02
  2.253580e+00   9.643653e+03   3.258288e+02
  2.256220e+00   9.436873e+03   3.250232e+02
  2.258870e+00   9.991836e+03   3.354930e+02
  2.261510e+00   9.640152e+03   3.275857e+02
  2.264150e+00   9.904386e+03   3.334980e+02
  2.266800e+00   1.050960e+04   3.427854e+02
  2.269440e+00   1.002658e+04   3.353388e+02
  2.272080e+00   1.024450e+04   3.403507e+02
  2.274730e+00   1.007153e+04   3.344198e+02
  2.277370e+00   9.949304e+03   3.342534e+02
  2.280010e+00   9.731120e+03   3.295373e+02
  2.282660e+00   9.645251e+03   3.289003e+02
  2.285300e+00   9.559264e+03   3.269199e+02
  2.287940e+00   9.682886e+03   3.279039e+02
  2.290590e+00   9.533580e+03   3.287441e+02
  2.293230e+00   9.606311e+03   3.254974e+02
  2.295870e+00   9.569791e+03   3.284344e+02
  2.298520e+00   9.411670e+03   3.235799e+02
  2.301160e+00   9.915616e+03   3.336870e+02
  2.303800e+00   9.660124e+03   3.327123e+02
  2.306450e+00   9.847859e+03   3.293617e+02
  2.309090e+00   9.974402e+03   3.360461e+02
  2.311730e+00   9.837681e+03   3.314399e+02
  2.314380e+00   9.619272e+03   3.289722e+02
  2.317020e+00   9.873660e+03   3.345562e+02
  2.319660e+00   9.575493e+03   3.255765e+02
  2.322310e+00   9.970734e+03   3.372651e+02
  2.324950e+00   1.014402e+04   3.364560e+02
  2.327590e+00   9.672132e+03   3.303937e+02
  2.330240e+00   9.091972e+03   3.216509e+02
  2.332880e+00   1.029219e+04   3.385882e+02
  2.335520e+00   9.156168e+03   3.241248e+02
  2.338170e+00   9.526428e+03   3.265618e+02
  2.340810e+00   9.285952e+03   3.225144e+02
  2.343450e+00   9.770612e+03   3.325955e+02
  2.346100e+00   9.918232e+03   3.332095e+02
  2.348740e+00   9.853245e+03   3.346337e+02
  2.351380e+00   9.622223e+03   3.269764e+02
  2.354030e+00   9.797183e+03   3.315844e+02
  2.356670e+00   9.844761e+03   3.339606e+02
  2.359310e+00   9.795094e+03   3.311346e+02
  2.361960e+00   1.033628e+04   3.413339e+02
  2.364600e+00   9.919638e+03   3.325070e+02
  2.367240e+00   9.824286e+03   3.340357e+02
  2.369890e+00   1.029575e+04   3.398102e+02
  2.372530e+00   1.020886e+04   3.402954e+02
  2.375170e+00   1.001336e+04   3.365955e+02
  2.377820e+00   9.790947e+03   3.302405e+02
  2.380460e+00   9.535761e+03   3.294074e+02
  2.383100e+00   9.693990e+03   3.280919e+02
  2.385750e+00   9.905279e+03   3.346684e+02
  2.388390e+00   1.057668e+04   3.438776e+02
  2.391030e+00   9.743029e+03   3.310816e+02
  2.393680e+00   9.650428e+03   3.288857e+02
  2.396320e+00   1.011167e+04   3.344644e+02
  2.398970e+00   9.783956e+03   3.320891e+02
  2.401610e+00   9.313824e+03   3.204053e+02
  2.404250e+00   9.447636e+03   3.269489e+02
  2.406900e+00   9.770682e+03   3.303093e+02
  2.409540e+00   1.045002e+04   3.401191e+02
  2.412180e+00   9.086203e+03   3.214468e+02
  2.414830e+00   9.143540e+03   3.179520e+02
  2.417470e+00   1.016535e+04   3.390334e+02
  2.420110e+00   9.361360e+03   3.226138e+02
  2.422760e+00   9.502686e+03   3.257479e+02
  2.425400e+00   9.832331e+03   3.335390e+02
  2.428040e+00   1.008542e+04   3.350658e+02
  2.430690e+00   8.881910e+03   3.170090e+02
  2.433330e+00   9.843351e+03   3.305074e+02
  2.435970e+00   9.641702e+03   3.307077e+02
  2.438620e+00   9.544178e+03   3.287190e+02
  2.441260e+00   9.730162e+03   3.293161e+02
  2.443900e+00   1.010100e+04   3.376392e+02
  2.446550e+00   9.679560e+03   3.283566e+02
  2.449190e+00   1.017177e+04   3.392474e+02
  2.451830e+00   9.468344e+03   3.266889e+02
  2.454480e+00   9.924431e+03   3.334178e+02
  2.457120e+00   1.000496e+04   3.378434e+02
  2.459760e+00   1.035008e+04   3.404928e+02
  2.462410e+00   9.652171e+03   3.306779e+02
  2.465050e+00   1.011920e+04   3.373066e+02
  2.467690e+00   9.738868e+03   3.313230e+02
  2.470340e+00   9.650428e+03   3.315926e+02
  2.472980e+00   9.305552e+03   3.241743e+02
  2.475620e+00   9.614057e+03   3.289863e+02
  2.478270e+00   9.776781e+03   3.316546e+02
  2.480910e+00   9.858358e+03   3.346145e+02
  2.483550e+00   9.751965e+03   3.331208e+02
  2.486200e+00   9.922847e+03   3.350707e+02
  2.488840e+00   9.625950e+03   3.307515e+02
  2.491480e+00   9.659087e+03   3.297558e+02
  2.494130e+00   9.883411e+03   3.354648e+02
  2.496770e+00   9.414839e+03   3.267938e+02
  2.499410e+00   9.656516e+03   3.304392e+02
  2.502060e+00   9.895636e+03   3.368514e+02
  2.504700e+00   9.946777e+03   3.347357e+02
  2.507340e+00   9.745777e+03   3.329094e+02
  2.509990e+00   1.036832e+04   3.416478e+02
  2.512630e+00   1.022332e+04   3.417279e+02
  2.515270e+00   9.765387e+03   3.337741e+02
  2.517920e+00   9.578331e+03   3.308779e+02
  2.520560e+00   1.010327e+04   3.388528e+02
  2.523200e+00   9.775758e+03   3.325780e+02
  2.525850e+00   9.919795e+03   3.374783e+02
  2.528490e+00   9.885761e+03   3.359318e+02
  2.531130e+00   8.756934e+03   3.151690e+02
  2.533780e+00   9.844120e+03   3.349038e+02
  2.536420e+00   9.811020e+03   3.345530e+02
  2.539060e+00   1.025447e+04   3.441174e+02
  2.541710e+00   9.536699e+03   3.280724e+02
  2.544350e+00   1.002275e+04   3.382513e+02
  2.546990e+00   9.717420e+03   3.336976e+02
  2.549640e+00   9.357723e+03   3.279880e+02
  2.552280e+00   9.931277e+03   3.376735e+02
  2.554930e+00   9.462393e+03   3.264836e+02
  2.557570e+00   9.596692e+03   3.315122e+02
  2.560210e+00   9.331877e+03   3.262814e+02
  2.562860e+00   9.857801e+03   3.377227e+02
  2.565500e+00   9.845734e+03   3.363239e+02
  2.568140e+00   9.722068e+03   3.322934e+02
  2.570790e+00   9.458951e+03   3.309268e+02
  2.573430e+00   9.703620e+03   3.316629e+02
  2.576070e+00   9.872702e+03   3.364608e+02
  2.578720e+00   9.479428e+03   3.304321e+02
  2.581360e+00   9.912227e+03   3.370258e+02
  2.584000e+00   1.045173e+04   3.481976e+02
  2.586650e+00   9.675030e+03   3.324380e+02
  2.589290e+00   9.846371e+03   3.353687e+02
  2.591930e+00   9.727899e+03   3.336642e+02
  2.594580e+00   9.499125e+03   3.315218e+02
  2.597220e+00   9.693342e+03   3.356530e+02
  2.599860e+00   9.794308e+03   3.332091e+02
  2.602510e+00   9.922058e+03   3.389310e+02
  2.605150e+00   1.006402e+04   3.400316e+02
  2.607790e+00   9.932521e+03   3.379112e+02
  2.610440e+00   9.342190e+03   3.284539e+02
  2.613080e+00   9.795501e+03   3.346079e+02
  2.615720e+00   9.253576e+03   3.290193e+02
  2.618370e+00   9.678689e+03   3.333518e+02
  2.621010e+00   9.144694e+03   3.239217e+02
  2.623650e+00   1.033218e+04   3.457532e+02
  2.626300e+00   9.738086e+03   3.348023e+02
  2.628940e+00   9.247914e+03   3.290260e+02
  2.631580e+00   9.465317e+03   3.293405e+02
  2.634230e+00   9.467910e+03   3.302313e+02
  2.636870e+00   9.567763e+03   3.325028e+02
  2.639510e+00   9.599958e+03   3.324193e+02
  2.642160e+00   9.579522e+03   3.343276e+02
  2.644800e+00   9.629340e+03   3.316521e+02
  2.647440e+00   9.494441e+03   3.336007e+02
  2.650090e+00   9.828316e+03   3.371085e+02
  2.652730e+00   9.634356e+03   3.344134e+02
  2.655370e+00   9.857223e+03   3.365200e+02
  2.658020e+00   9.613984e+03   3.333049e+02
  2.660660e+00   9.838058e+03   3.380397e+02
  2.663300e+00   9.878572e+03   3.376427e+02
  2.665950e+00   9.520813e+03   3.349410e+02
  2.668590e+00   9.260835e+03   3.365908e+02
  2.671230e+00   9.572813e+03   3.474711e+02
  2.673880e+00   9.968268e+03   3.587658e+02
  2.676520e+00   1.080982e+04   3.725311e+02
  2.679160e+00   9.832608e+03   3.616983e+02
  2.681810e+00   9.507034e+03   3.557918e+02
  2.684450e+00   1.003970e+04   3.690667e+02
  2.687090e+00   9.467312e+03   3.598932e+02
  2.689740e+00   9.563079e+03   3.617089e+02
  2.692380e+00   1.016018e+04   3.797039e+02
  2.695020e+00   9.420112e+03   3.647482e+02
  2.697670e+00   9.312106e+03   3.652509e+02
  2.700310e+00   9.263171e+03   3.650201e+02
  2.702950e+00   9.495026e+03   3.701547e+02
  2.705600e+00   1.019252e+04   3.888690e+02
  2.708240e+00   9.986075e+03   3.823866e+02
  2.710890e+00   9.445295e+03   3.751206e+02
  2.713530e+00   1.006529e+04   3.888560e+02
  2.716170e+00   1.012728e+04   3.942040e+02
  2.718820e+00   1.005507e+04   3.950003e+02
  2.721460e+00   8.774266e+03   3.621527e+02
  2.724100e+00   9.808396e+03   3.753078e+02
  2.726750e+00   9.793719e+03   3.717645e+02
  2.729390e+00   9.769369e+03   3.705733e+02
  2.732030e+00   9.697641e+03   3.636900e+02
  2.734680e+00   9.700522e+03   3.627789e+02
  2.737320e+00   9.278498e+03   3.539968e+02
  2.739960e+00   1.039356e+04   3.721490e+02
  2.742610e+00   9.034291e+03   3.467043e+02
  2.745250e+00   9.923553e+03   3.592567e+02
  2.747890e+00   9.569092e+03   3.556325e+02
  2.750540e+00   9.996354e+03   3.630839e+02
  2.753180e+00   9.433421e+03   3.470140e+02
  2.755820e+00   9.955337e+03   3.608807e+02
  2.758470e+00   8.993047e+03   3.389382e+02
  2.761110e+00   9.703529e+03   3.555098e+02
  2.763750e+00   9.755788e+03   3.550495e+02
  2.766400e+00   9.360651e+03   3.445703e+02
  2.769040e+00   9.267911e+03   3.442016e+02
  2.771680e+00   9.812449e+03   3.517933e+02
  2.774330e+00   1.036791e+04   3.649677e+02
  2.776970e+00   9.346876e+03   3.438304e+02
  2.779610e+00   9.194113e+03   3.402894e+02
  2.782260e+00   9.211637e+03   3.440149e+02
  2.784900e+00   9.429462e+03   3.431733e+02
  2.787540e+00   9.285467e+03   3.436705e+02
  2.790190e+00   1.001902e+04   3.531241e+02
  2.792830e+00   9.182764e+03   3.410393e+02
  2.795470e+00   9.734277e+03   3.512555e+02
  2.798120e+00   9.434059e+03   3.426605e+02
  2.800760e+00   9.532563e+03   3.460101e+02
  2.803400e+00   9.110256e+03   3.364950e+02
  2.806050e+00   9.751798e+03   3.498438e+02
  2.808690e+00   9.090983e+03   3.353259e+02
  2.811330e+00   9.658018e+03   3.451494e+02
  2.813980e+00   9.336053e+03   3.415883e+02
  2.816620e+00   9.665505e+03   3.441011e+02
  2.819260e+00   9.425483e+03   3.439408e+02
  2.821910e+00   9.587162e+03   3.430556e+02
  2.824550e+00   9.475977e+03   3.408272e+02
  2.827190e+00   9.812167e+03   3.504345e+02
  2.829840e+00   1.023081e+04   3.534173e+02
  2.832480e+00   9.258988e+03   3.389956e+02
  2.835120e+00   9.326871e+03   3.372137e+02
  2.837770e+00   9.969159e+03   3.511487e+02
  2.840410e+00   9.965053e+03   3.514403e+02
  2.843050e+00   9.095957e+03   3.339231e+02
  2.845700e+00   9.004402e+03   3.337253e+02
  2.848340e+00   9.585178e+03   3.408097e+02
  2.850980e+00   9.556864e+03   3.444055e+02
  2.853630e+00   9.096142e+03   3.341551e+02
  2.856270e+00   9.760230e+03   3.450763e+02
  2.858910e+00   9.079926e+03   3.369877e+02
  2.861560e+00   9.347525e+03   3.386251e+02
  2.864200e+00   9.323555e+03   3.413596e+02
  2.866850e+00   9.618301e+03   3.437300e+02
  2.869490e+00   9.280274e+03   3.375203e+02
  2.872130e+00   1.004637e+04   3.529934e+02
  2.874780e+00   9.376035e+03   3.407778e+02
  2.877420e+00   9.628560e+03   3.449790e+02
  2.880060e+00   9.914681e+03   3.481515e+02
  2.882710e+00   9.212243e+03   3.359359e+02
  2.885350e+00   9.595857e+03   3.455863e+02
  2.887990e+00   9.299383e+03   3.382153e+02
  2.890640e+00   1.022175e+04   3.563079e+02
  2.893280e+00   9.176375e+03   3.359710e+02
  2.895920e+00   9.956791e+03   3.498460e+02
  2.898570e+00   9.219605e+03   3.368770e+02
  2.901210e+00   9.511999e+03   3.412411e+02
  2.903850e+00   9.730625e+03   3.475223e+02
  2.906500e+00   9.089564e+03   3.334638e+02
  2.909140e+00   1.064798e+04   3.654378e+02
  2.911780e+00   9.270115e+03   3.351617e+02
  2.914430e+00   9.541239e+03   3.431745e+02
  2.917070e+00   9.939132e+03   3.485806e+02
  2.919710e+00   9.361987e+03   3.398186e+02
  2.922360e+00   9.393121e+03   3.405004e+02
  2.925000e+00   9.800076e+03   3.451929e+02
  2.927640e+00   9.560166e+03   3.436331e+02
  2.930290e+00   9.599437e+03   3.432752e+02
  2.932930e+00   9.549529e+03   3.421474e+02
  2.935570e+00   8.424555e+03   3.223566e+02
  2.938220e+00   9.769130e+03   3.445307e+02
  2.940860e+00   9.167186e+03   3.383670e+02
  2.943500e+00   9.083031e+03   3.327765e+02
  2.946150e+00   9.016694e+03   3.337228e+02
  2.948790e+00   9.607287e+03   3.422454e+02
  2.951430e+00   9.507745e+03   3.417489e+02
  2.954080e+00   9.821079e+03   3.498615e+02
  2.956720e+00   9.881442e+03   3.459197e+02
  2.959360e+00   9.528114e+03   3.427025e+02
  2.962010e+00   9.705836e+03   3.442305e+02
  2.964650e+00   9.558519e+03   3.431308e+02
  2.967290e+00   8.555464e+03   3.242940e+02
  2.969940e+00   9.832246e+03   3.461115e+02
  2.972580e+00   9.028859e+03   3.334885e+02
  2.975220e+00   9.325988e+03   3.396324e+02
  2.977870e+00   9.230803e+03   3.363892e+02
  2.980510e+00   9.340094e+03   3.379128e+02
  2.983150e+00   8.918526e+03   3.294133e+02
  2.985800e+00   1.001427e+04   3.512159e+02
  2.988440e+00   9.658903e+03   3.438661e+02
  2.991080e+00   9.398389e+03   3.402445e+02
  2.993730e+00   9.396593e+03   3.395127e+02
  2.996370e+00   9.539051e+03   3.406804e+02
  2.999010e+00   9.664670e+03   3.453871e+02
  3.001660e+00   9.802559e+03   3.470068e+02
  3.004300e+00   9.468806e+03   3.403492e+02
  3.006940e+00   9.934877e+03   3.499411e+02
  3.009590e+00   9.367607e+03   3.371476e+02
  3.012230e+00   9.423024e+03   3.406902e+02
  3.014870e+00   8.655480e+03   3.252929e+02
  3.017520e+00   9.490408e+03   3.417887e+02
  3.020160e+00   8.826450e+03   3.287142e+02
  3.022810e+00   9.767978e+03   3.455662e+02
  3.025450e+00   9.666469e+03   3.443537e+02
  3.028090e+00   9.003296e+03   3.294134e+02
  3.030740e+00   9.009946e+03   3.316607e+02
  3.033380e+00   9.124702e+03   3.325226e+02
  3.036020e+00   8.985495e+03   3.309850e+02
  3.038670e+00   9.707365e+03   3.432072e+02
  3.041310e+00   9.640167e+03   3.419015e+02
  3.043950e+00   9.040306e+03   3.318801e+02
  3.046600e+00   9.898764e+03   3.427662e+02
  3.049240e+00   9.367058e+03   3.369096e+02
  3.051880e+00   9.795547e+03   3.441804e+02
  3.054530e+00   9.343339e+03   3.367106e+02
  3.057170e+00   9.804227e+03   3.436380e+02
  3.059810e+00   9.633939e+03   3.387113e+02
  3.062460e+00   9.297905e+03   3.344224e+02
  3.065100e+00   9.033378e+03   3.298523e+02
  3.067740e+00   8.931020e+03   3.278681e+02
  3.070390e+00   9.361641e+03   3.345578e+02
  3.073030e+00   9.792182e+03   3.434268e+02
  3.075670e+00   9.286751e+03   3.346713e+02
  3.078320e+00   9.045310e+03   3.298485e+02
  3.080960e+00   9.056952e+03   3.293982e+02
  3.083600e+00   9.745284e+03   3.415720e+02
  3.086250e+00   9.528729e+03   3.392317e+02
  3.088890e+00   9.939346e+03   3.464638e+02
  3.091530e+00   9.331011e+03   3.336763e+02
  3.094180e+00   8.895000e+03   3.269867e+02
  3.096820e+00   9.568135e+03   3.391336e+02
  3.099460e+00   9.244729e+03   3.340256e+02
  3.102110e+00   9.516652e+03   3.390167e+02
  3.104750e+00   9.063147e+03   3.298417e+02
  3.107390e+00   9.762610e+03   3.430231e+02
  3.110040e+00   8.792715e+03   3.252103e+02
  3.112680e+00   9.755134e+03   3.412889e+02
  3.115320e+00   9.464949e+03   3.369611e+02
  3.117970e+00   8.810656e+03   3.256512e+02
  3.120610e+00   9.233027e+03   3.340392e+02
  3.123250e+00   9.322933e+03   3.353226e+02
  3.125900e+00   9.104489e+03   3.298208e+02
  3.128540e+00   9.924672e+03   3.457423e+02
  3.131180e+00   9.623559e+03   3.404571e+02
  3.133830e+00   8.834389e+03   3.265284e+02
  3.136470e+00   9.147676e+03   3.318211e+02
  3.139110e+00   9.825991e+03   3.435577e+02
  3.141760e+00   9.552883e+03   3.396614e+02
  3.144400e+00   9.075151e+03   3.300601e+02
  3.147040e+00   9.339750e+03   3.350617e+02
  3.149690e+00   8.985072e+03   3.280884e+02
  3.152330e+00   9.226091e+03   3.333522e+02
  3.154970e+00   9.125368e+03   3.332113e+02
  3.157620e+00   9.427711e+03   3.358483e+02
  3.160260e+00   9.601618e+03   3.390449e+02
  3.162900e+00   9.846978e+03   3.445021e+02
  3.165550e+00   8.961111e+03   3.291947e+02
  3.168190e+00   9.251350e+03   3.344833e+02
  3.170830e+00   9.295214e+03   3.330356e+02
  3.173480e+00   9.425762e+03   3.372803e+02
  3.176120e+00   8.943057e+03   3.280889e+02
  3.178770e+00   9.544095e+03   3.387072e+02
  3.181410e+00   9.514415e+03   3.382937e+02
  3.184050e+00   9.565702e+03   3.384102e+02
  3.186700e+00   9.635604e+03   3.406700e+02
  3.189340e+00   9.586585e+03   3.395743e+02
  3.191980e+00   8.784014e+03   3.220376e+02
  3.194630e+00   9.435276e+03   3.365452e+02
  3.197270e+00   9.269298e+03   3.314694e+02
  3.199910e+00   9.462934e+03   3.362507e+02
  3.202560e+00   9.812566e+03   3.418369e+02
  3.205200e+00   9.583000e+03   3.369203e+02
  3.207840e+00   9.358461e+03   3.331700e+02
  3.210490e+00   9.216127e+03   3.306267e+02
  3.213130e+00   8.725293e+03   3.207481e+02
  3.215770e+00   9.390070e+03   3.321968e+02
  3.218420e+00   9.697560e+03   3.380357e+02
  3.221060e+00   9.446456e+03   3.344009e+02
  3.223700e+00   9.670264e+03   3.366754e+02
  3.226350e+00   9.502946e+03   3.364006e+02
  3.228990e+00   9.751612e+03   3.511957e+02
  3.231630e+00   9.625380e+03   3.540753e+02
  3.234280e+00   9.958278e+03   3.650882e+02
  3.236920e+00   9.235910e+03   3.518601e+02
  3.239560e+00   9.030149e+03   3.531068e+02
  3.242210e+00   9.619193e+03   3.669951e+02
  3.244850e+00   9.360651e+03   3.654720e+02
  3.247490e+00   9.522982e+03   3.704011e+02
  3.250140e+00   9.012068e+03   3.622256e+02
  3.252780e+00   9.586305e+03   3.777533e+02
  3.255420e+00   9.427210e+03   3.764865e+02
  3.258070e+00   9.209822e+03   3.725895e+02
  3.260710e+00   9.624897e+03   3.810533e+02
  3.263350e+00   9.023341e+03   3.746739e+02
  3.266000e+00   9.440189e+03   3.850734e+02
  3.268640e+00   9.294179e+03   3.839390e+02
  3.271280e+00   9.769991e+03   3.936441e+02
  3.273930e+00   9.610932e+03   3.926921e+02
  3.276570e+00   9.133283e+03   3.869896e+02
  3.279210e+00   9.535222e+03   3.983396e+02
  3.281860e+00   9.610932e+03   3.926921e+02
  3.284500e+00   9.739334e+03   3.874099e+02
  3.287140e+00   9.394955e+03   3.748995e+02
  3.289790e+00   8.190900e+03   3.483125e+02
  3.292430e+00   1.009479e+04   3.818200e+02
  3.295070e+00   9.306323e+03   3.658693e+02
  3.297720e+00   8.375138e+03   3.459737e+02
  3.300360e+00   9.586967e+03   3.692762e+02
  3.303000e+00   8.968107e+03   3.542189e+02
  3.305650e+00   9.051208e+03   3.542011e+02
  3.308290e+00   9.190172e+03   3.571862e+02
  3.310930e+00   9.309522e+03   3.601962e+02
  3.313580e+00   9.484949e+03   3.639989e+02
  3.316220e+00   9.700386e+03   3.661175e+02
  3.318860e+00   8.697957e+03   3.470863e+02
  3.321510e+00   1.014003e+04   3.717514e+02
  3.324150e+00   9.359078e+03   3.583776e+02
  3.326800e+00   9.731524e+03   3.626725e+02
  3.329440e+00   9.460090e+03   3.596187e+02
  3.332080e+00   9.568529e+03   3.613983e+02
  3.334730e+00   9.110690e+03   3.519767e+02
  3.337370e+00   9.162938e+03   3.511246e+02
  3.340010e+00   9.247175e+03   3.507653e+02
  3.342660e+00   9.055015e+03   3.485277e+02
  3.345300e+00   9.135504e+03   3.500733e+02
  3.347940e+00   9.426451e+03   3.540178e+02
  3.350590e+00   8.961111e+03   3.441494e+02
  3.353230e+00   9.351877e+03   3.519625e+02
  3.355870e+00   1.028476e+04   3.689638e+02
  3.358520e+00   9.514592e+03   3.540964e+02
  3.361160e+00   9.170728e+03   3.466209e+02
  3.363800e+00   8.828551e+03   3.420994e+02
  3.366450e+00   9.627095e+03   3.563148e+02
  3.369090e+00   9.079714e+03   3.459096e+02
  3.371730e+00   8.844565e+03   3.384279e+02
  3.374380e+00   9.495909e+03   3.519418e+02
  3.377020e+00   9.994833e+03   3.627894e+02
  3.379660e+00   9.304753e+03   3.506861e+02
  3.382310e+00   9.006798e+03   3.428829e+02
  3.384950e+00   9.706251e+03   3.546587e+02
  3.387590e+00   9.058585e+03   3.431184e+02
  3.390240e+00   8.581181e+03   3.352945e+02
  3.392880e+00   9.162850e+03   3.453379e+02
  3.395520e+00   9.058869e+03   3.436225e+02
  3.398170e+00   9.124994e+03   3.458820e+02
  3.400810e+00   9.138105e+03   3.461304e+02
  3.403450e+00   9.118324e+03   3.456292e+02
  3.406100e+00   8.793252e+03   3.369581e+02
  3.408740e+00   9.687688e+03   3.561265e+02
  3.411380e+00   8.693518e+03   3.368670e+02
  3.414030e+00   9.482865e+03   3.517000e+02
  3.416670e+00   9.763891e+03   3.570032e+02
  3.419310e+00   9.324751e+03   3.479966e+02
  3.421960e+00   8.705454e+03   3.378371e+02
  3.424600e+00   9.517499e+03   3.529845e+02
  3.427240e+00   9.323700e+03   3.474738e+02
  3.429890e+00   8.740969e+03   3.364400e+02
  3.432530e+00   9.019343e+03   3.416320e+02
  3.435170e+00   9.182857e+03   3.460919e+02
  3.437820e+00   9.591089e+03   3.511547e+02
  3.440460e+00   9.398239e+03   3.476064e+02
  3.443100e+00   9.309241e+03   3.464541e+02
  3.445750e+00   9.544835e+03   3.499306e+02
  3.448390e+00   8.780859e+03   3.362365e+02
  3.451030e+00   9.476996e+03   3.474435e+02
  3.453680e+00   9.420002e+03   3.465204e+02
  3.456320e+00   9.444277e+03   3.488323e+02
  3.458960e+00   9.163909e+03   3.408094e+02
  3.461610e+00   8.607716e+03   3.296065e+02
  3.464250e+00   9.024846e+03   3.391745e+02
  3.466890e+00   8.948455e+03   3.365413e+02
  3.469540e+00   9.031070e+03   3.389300e+02
  3.472180e+00   9.166899e+03   3.381262e+02
  3.474820e+00   9.640746e+03   3.483343e+02
  3.477470e+00   9.409483e+03   3.447368e+02
  3.480110e+00   9.645553e+03   3.496510e+02
  3.482760e+00   9.200579e+03   3.405287e+02
  3.485400e+00   8.986038e+03   3.346575e+02
  3.488040e+00   9.343636e+03   3.423243e+02
  3.490690e+00   9.005568e+03   3.382112e+02
  3.493330e+00   9.123586e+03   3.376791e+02
  3.495970e+00   8.967347e+03   3.344256e+02
  3.498620e+00   9.646558e+03   3.483170e+02
  3.501260e+00   9.570241e+03   3.466933e+02
  3.503900e+00   9.393199e+03   3.429911e+02
  3.506550e+00   8.936115e+03   3.341918e+02
  3.509190e+00   8.973715e+03   3.363042e+02
  3.511830e+00   8.728437e+03   3.313269e+02
  3.514480e+00   9.167762e+03   3.388502e+02
  3.517120e+00   9.472818e+03   3.438415e+02
  3.519760e+00   8.886436e+03   3.325665e+02
  3.522410e+00   8.835781e+03   3.327748e+02
  3.525050e+00   9.011739e+03   3.377292e+02
  3.527690e+00   8.718246e+03   3.295187e+02
  3.530340e+00   9.011244e+03   3.360627e+02
  3.532980e+00   9.607014e+03   3.471155e+02
  3.535620e+00   9.637895e+03   3.475514e+02
  3.538270e+00   8.615729e+03   3.289501e+02
  3.540910e+00   8.825150e+03   3.302729e+02
  3.543550e+00   8.904515e+03   3.346522e+02
  3.546200e+00   9.293004e+03   3.411569e+02
  3.548840e+00   9.192165e+03   3.388277e+02
  3.551480e+00   9.172693e+03   3.378805e+02
  3.554130e+00   9.453754e+03   3.433758e+02
  3.556770e+00   9.049212e+03   3.374787e+02
  3.559410e+00   9.023777e+03   3.362963e+02
  3.562060e+00   8.917701e+03   3.325741e+02
  3.564700e+00   9.348551e+03   3.418169e+02
  3.567340e+00   9.196604e+03   3.376180e+02
  3.569990e+00   9.446689e+03   3.451745e+02
  3.572630e+00   9.364206e+03   3.407984e+02
  3.575270e+00   9.354526e+03   3.418069e+02
  3.577920e+00   9.406345e+03   3.434712e+02
  3.580560e+00   9.293469e+03   3.414041e+02
  3.583200e+00   9.221393e+03   3.380727e+02
  3.585850e+00   8.868218e+03   3.314209e+02
  3.588490e+00   8.759738e+03   3.320370e+02
  3.591130e+00   9.054912e+03   3.365232e+02
  3.593780e+00   9.166613e+03   3.378858e+02
  3.596420e+00   8.936254e+03   3.332660e+02
  3.599060e+00   9.629292e+03   3.467905e+02
  3.601710e+00   8.731657e+03   3.290867e+02
  3.604350e+00   9.154427e+03   3.378961e+02
  3.606990e+00   9.117011e+03   3.372048e+02
  3.609640e+00   9.148844e+03   3.383822e+02
  3.612280e+00   9.285609e+03   3.404269e+02
  3.614920e+00   8.687300e+03   3.288191e+02
  3.617570e+00   9.209686e+03   3.383263e+02
  3.620210e+00   9.135841e+03   3.376704e+02
  3.622850e+00   8.954919e+03   3.330370e+02
  3.625500e+00   9.726009e+03   3.478014e+02
  3.628140e+00   9.601635e+03   3.455704e+02
  3.630780e+00   8.761699e+03   3.304537e+02
  3.633430e+00   8.954910e+03   3.332672e+02
  3.636070e+00   8.886539e+03   3.323377e+02
  3.638720e+00   8.898534e+03   3.337211e+02
  3.641360e+00   9.292079e+03   3.406642e+02
  3.644000e+00   8.967365e+03   3.348924e+02
  3.646650e+00   9.158874e+03   3.364596e+02
  3.649290e+00   9.831122e+03   3.495545e+02
  3.651930e+00   9.321545e+03   3.403747e+02
  3.654580e+00   8.272749e+03   3.203221e+02
  3.657220e+00   8.691840e+03   3.299377e+02
  3.659860e+00   8.873747e+03   3.327915e+02
  3.662510e+00   9.196279e+03   3.373787e+02
  3.665150e+00   8.401426e+03   3.214716e+02
  3.667790e+00   9.091162e+03   3.355609e+02
  3.670440e+00   9.525444e+03   3.437199e+02
  3.673080e+00   8.298472e+03   3.205980e+02
  3.675720e+00   8.673229e+03   3.259599e+02
  3.678370e+00   8.363704e+03   3.209695e+02
  3.681010e+00   9.382595e+03   3.385652e+02
  3.683650e+00   9.514266e+03   3.419832e+02
  3.686300e+00   9.021906e+03   3.312046e+02
  3.688940e+00   8.359612e+03   3.203410e+02
  3.691580e+00   9.322991e+03   3.381804e+02
  3.694230e+00   9.191194e+03   3.336192e+02
  3.696870e+00   9.455601e+03   3.377000e+02
  3.699510e+00   9.300181e+03   3.355914e+02
  3.702160e+00   9.113201e+03   3.329891e+02
  3.704800e+00   8.747897e+03   3.264686e+02
  3.707440e+00   9.325773e+03   3.339162e+02
  3.710090e+00   9.087834e+03   3.311791e+02
  3.712730e+00   9.202326e+03   3.331466e+02
  3.715370e+00   8.410496e+03   3.190283e+02
  3.718020e+00   8.731339e+03   3.249468e+02
  3.720660e+00   8.793166e+03   3.247830e+02
  3.723300e+00   9.252530e+03   3.351838e+02
  3.725950e+00   8.888454e+03   3.280788e+02
  3.728590e+00   8.889327e+03   3.261178e+02
  3.731230e+00   1.022925e+04   3.506542e+02
  3.733880e+00   9.429588e+03   3.365564e+02
  3.736520e+00   9.318586e+03   3.360368e+02
  3.739160e+00   9.161055e+03   3.331844e+02
  3.741810e+00   8.853146e+03   3.258888e+02
  3.744450e+00   9.051750e+03   3.307437e+02
  3.747090e+00   9.353349e+03   3.359822e+02
  3.749740e+00   9.837282e+03   3.447966e+02
  3.752380e+00   9.033185e+03   3.294064e+02
  3.755020e+00   8.852711e+03   3.265372e+02
  3.757670e+00   9.070542e+03   3.320961e+02
  3.760310e+00   9.099903e+03   3.313989e+02
  3.762950e+00   9.456629e+03   3.360267e+02
  3.765600e+00   8.924929e+03   3.280869e+02
  3.768240e+00   9.228607e+03   3.349772e+02
  3.770880e+00   8.577325e+03   3.232701e+02
  3.773530e+00   8.816965e+03   3.254401e+02
  3.776170e+00   9.474198e+03   3.362267e+02
  3.778810e+00   9.414303e+03   3.373024e+02
  3.781460e+00   9.443540e+03   3.374846e+02
  3.784100e+00   9.311344e+03   3.353398e+02
  3.786740e+00   8.408714e+03   3.212805e+02
  3.789390e+00   9.322712e+03   3.501218e+02
  3.792030e+00   9.191579e+03   3.530005e+02
  3.794680e+00   8.878521e+03   3.495914e+02
  3.797320e+00   8.744254e+03   3.497702e+02
  3.799960e+00   8.440789e+03   3.492823e+02
  3.802610e+00   9.337877e+03   3.714408e+02
  3.805250e+00   8.999050e+03   3.695467e+02
  3.807890e+00   9.193965e+03   3.716440e+02
  3.810540e+00   9.573837e+03   3.829535e+02
  3.813180e+00   1.006954e+04   3.964878e+02
  3.815820e+00   8.662408e+03   3.690310e+02
  3.818470e+00   9.393938e+03   3.880600e+02
  3.821110e+00   9.714550e+03   3.946266e+02
  3.823750e+00   8.573649e+03   3.759794e+02
  3.826400e+00   9.027861e+03   3.881381e+02
  3.829040e+00   8.404206e+03   3.766015e+02
  3.831680e+00   9.327045e+03   3.984316e+02
  3.834330e+00   8.510456e+03   3.840715e+02
  3.836970e+00   9.742247e+03   4.135353e+02
  3.839610e+00   8.641706e+03   3.915931e+02
  3.842260e+00   9.244094e+03   3.981713e+02
  3.844900e+00   8.985440e+03   3.817548e+02
  3.847540e+00   8.259530e+03   3.629029e+02
  3.850190e+00   8.456806e+03   3.622498e+02
  3.852830e+00   8.515361e+03   3.617830e+02
  3.855470e+00   8.044548e+03   3.491037e+02
  3.858120e+00   9.395680e+03   3.752273e+02
  3.860760e+00   9.412497e+03   3.732298e+02
  3.863400e+00   8.990253e+03   3.619340e+02
  3.866050e+00   8.961111e+03   3.616410e+02
  3.868690e+00   9.079021e+03   3.658042e+02
  3.871330e+00   8.983129e+03   3.631215e+02
  3.873980e+00   9.278574e+03   3.659113e+02
  3.876620e+00   8.860425e+03   3.569967e+02
  3.879260e+00   9.426717e+03   3.674917e+02
  3.881910e+00   8.932390e+03   3.581562e+02
  3.884550e+00   8.875768e+03   3.553151e+02
  3.887190e+00   9.143134e+03   3.577985e+02
  3.889840e+00   8.919106e+03   3.533879e+02
  3.892480e+00   9.183748e+03   3.574769e+02
  3.895120e+00   9.301231e+03   3.593379e+02
  3.897770e+00   8.692071e+03   3.463004e+02
  3.900410e+00   8.660128e+03   3.442092e+02
  3.903050e+00   9.161476e+03   3.558022e+02
  3.905700e+00   9.247104e+03   3.548713e+02
  3.908340e+00   8.859358e+03   3.466935e+02
  3.910980e+00   8.893836e+03   3.459301e+02
  3.913630e+00   8.988184e+03   3.488092e+02
  3.916270e+00   9.082026e+03   3.493087e+02
  3.918910e+00   8.393107e+03   3.349214e+02
  3.921560e+00   8.674622e+03   3.399853e+02
  3.924200e+00   8.901326e+03   3.438882e+02
  3.926840e+00   8.815295e+03   3.418425e+02
  3.929490e+00   8.683145e+03   3.390199e+02
  3.932130e+00   8.868729e+03   3.421186e+02
  3.934770e+00   8.090076e+03   3.267551e+02
  3.937420e+00   8.835272e+03   3.421031e+02
  3.940060e+00   8.894929e+03   3.431293e+02
  3.942700e+00   8.495684e+03   3.337420e+02
  3.945350e+00   8.987702e+03   3.456809e+02
  3.947990e+00   9.146149e+03   3.476844e+02
  3.950640e+00   8.914474e+03   3.446535e+02
  3.953280e+00   9.007066e+03   3.438914e+02
  3.955920e+00   8.670766e+03   3.382788e+02
  3.958570e+00   8.494318e+03   3.342045e+02
  3.961210e+00   9.145877e+03   3.474231e+02
  3.963850e+00   8.541878e+03   3.345258e+02
  3.966500e+00   9.734073e+03   3.571085e+02
  3.969140e+00   9.066692e+03   3.459159e+02
  3.971780e+00   8.385507e+03   3.312076e+02
  3.974430e+00   8.844227e+03   3.389115e+02
  3.977070e+00   8.980777e+03   3.431379e+02
  3.979710e+00   8.770729e+03   3.393497e+02
  3.982360e+00   8.368097e+03   3.320778e+02
  3.985000e+00   8.856609e+03   3.401360e+02
  3.987640e+00   8.713998e+03   3.366511e+02
  3.990290e+00   8.915558e+03   3.406459e+02
  3.992930e+00   8.106118e+03   3.252873e+02
  3.995570e+00   9.671483e+03   3.550513e+02
  3.998220e+00   8.948199e+03   3.399140e+02
  4.000860e+00   8.674147e+03   3.363690e+02
  4.003500e+00   8.751801e+03   3.383642e+02
  4.006150e+00   8.759079e+03   3.378888e+02
  4.008790e+00   8.767148e+03   3.367003e+02
  4.011430e+00   8.909537e+03   3.389348e+02
  4.014080e+00   8.101470e+03   3.248394e+02
  4.016720e+00   8.863354e+03   3.398941e+02
  4.019360e+00   8.282729e+03   3.271481e+02
  4.022010e+00   8.695837e+03   3.354492e+02
  4.024650e+00   8.740650e+03   3.366773e+02
  4.027290e+00   8.265797e+03   3.277602e+02
  4.029940e+00   9.051108e+03   3.411265e+02
  4.032580e+00   8.336217e+03   3.277305e+02
  4.035220e+00   9.731055e+03   3.548551e+02
  4.037870e+00   8.443128e+03   3.306584e+02
  4.040510e+00   8.986936e+03   3.406489e+02
  4.043150e+00   8.736924e+03   3.345541e+02
  4.045800e+00   9.071103e+03   3.426108e+02
  4.048440e+00   8.798419e+03   3.384007e+02
  4.051080e+00   9.018925e+03   3.403974e+02
  4.053730e+00   8.365412e+03   3.273639e+02
  4.056370e+00   8.735634e+03   3.354900e+02
  4.059010e+00   8.264852e+03   3.264420e+02
  4.061660e+00   8.287733e+03   3.276014e+02
  4.064300e+00   8.826019e+03   3.369790e+02
  4.066940e+00   8.535007e+03   3.319733e+02
  4.069590e+00   8.999793e+03   3.406472e+02
  4.072230e+00   8.954724e+03   3.382153e+02
  4.074870e+00   9.082813e+03   3.411122e+02
  4.077520e+00   8.762828e+03   3.348105e+02
  4.080160e+00   9.070629e+03   3.418622e+02
  4.082800e+00   9.058023e+03   3.421168e+02
  4.085450e+00   8.498934e+03   3.303204e+02
  4.088090e+00   9.318026e+03   3.446397e+02
  4.090730e+00   8.608312e+03   3.323202e+02
  4.093380e+00   8.322415e+03   3.276948e+02
  4.096020e+00   8.447581e+03   3.293210e+02
  4.098660e+00   8.609821e+03   3.316379e+02
  4.101310e+00   8.403844e+03   3.281150e+02
  4.103950e+00   9.273634e+03   3.439401e+02
  4.106600e+00   8.793734e+03   3.364829e+02
  4.109240e+00   8.110694e+03   3.208541e+02
  4.111880e+00   8.165139e+03   3.237688e+02
  4.114530e+00   8.639694e+03   3.332834e+02
  4.117170e+00   8.485414e+03   3.302943e+02
  4.119810e+00   8.688410e+03   3.319671e+02
  4.122460e+00   9.094859e+03   3.403666e+02
  4.125100e+00   8.897104e+03   3.374864e+02
  4.127740e+00   8.625393e+03   3.337265e+02
  4.130390e+00   8.878197e+03   3.365272e+02
  4.133030e+00   8.770720e+03   3.336539e+02
  4.135670e+00   8.711302e+03   3.340632e+02
  4.138320e+00   8.522278e+03   3.292443e+02
  4.140960e+00   8.743795e+03   3.343274e+02
  4.143600e+00   7.880694e+03   3.164963e+02
  4.146250e+00   8.884521e+03   3.367669e+02
  4.148890e+00   8.742861e+03   3.350272e+02
  4.151530e+00   9.210564e+03   3.432575e+02
  4.154180e+00   8.651235e+03   3.307883e+02
  4.156820e+00   8.681077e+03   3.324156e+02
  4.159460e+00   8.470004e+03   3.286999e+02
  4.162110e+00   8.588802e+03   3.320623e+02
  4.164750e+00   8.287439e+03   3.245612e+02
  4.167390e+00   9.125652e+03   3.398570e+02
  4.170040e+00   9.005317e+03   3.372518e+02
  4.172680e+00   8.782908e+03   3.343596e+02
  4.175320e+00   8.917030e+03   3.351225e+02
  4.177970e+00   8.533193e+03   3.277153e+02
  4.180610e+00   9.181518e+03   3.400562e+02
  4.183250e+00   8.172634e+03   3.198199e+02
  4.185900e+00   8.680492e+03   3.290332e+02
  4.188540e+00   8.550394e+03   3.262179e+02
  4.191180e+00   8.298714e+03   3.220526e+02
  4.193830e+00   8.400263e+03   3.235660e+02
  4.196470e+00   8.484857e+03   3.260995e+02
  4.199110e+00   9.289335e+03   3.391985e+02
  4.201760e+00   8.991906e+03   3.328054e+02
  4.204400e+00   8.862638e+03   3.302910e+02
  4.207040e+00   8.880826e+03   3.311989e+02
  4.209690e+00   8.685855e+03   3.259743e+02
  4.212330e+00   9.016617e+03   3.334916e+02
  4.214970e+00   8.807773e+03   3.287032e+02
  4.217620e+00   8.597740e+03   3.254293e+02
  4.220260e+00   8.631928e+03   3.244077e+02
  4.222900e+00   8.942635e+03   3.318923e+02
  4.225550e+00   8.468743e+03   3.228678e+02
  4.228190e+00   8.911942e+03   3.309812e+02
  4.230830e+00   8.850632e+03   3.296148e+02
  4.233480e+00   8.402959e+03   3.210605e+02
  4.236120e+00   8.783482e+03   3.280251e+02
  4.238760e+00   9.168941e+03   3.348024e+02
  4.241410e+00   8.540286e+03   3.251231e+02
  4.244050e+00   8.603653e+03   3.256531e+02
  4.246690e+00   9.182070e+03   3.357297e+02
  4.249340e+00   8.930527e+03   3.305337e+02
  4.251980e+00   8.753282e+03   3.271255e+02
  4.254620e+00   8.146465e+03   3.159064e+02
  4.257270e+00   8.844094e+03   3.300586e+02
  4.259910e+00   8.554348e+03   3.247186e+02
  4.262560e+00   8.452027e+03   3.219966e+02
  4.265200e+00   8.679931e+03   3.257520e+02
  4.267840e+00   8.930611e+03   3.300849e+02
  4.270490e+00   8.729148e+03   3.264516e+02
  4.273130e+00   8.714927e+03   3.275270e+02
  4.275770e+00   9.102960e+03   3.350846e+02
  4.278420e+00   8.930275e+03   3.318911e+02
  4.281060e+00   8.422465e+03   3.211035e+02
  4.283700e+00   8.281219e+03   3.185084e+02
  4.286350e+00   8.098281e+03   3.159440e+02
  4.288990e+00   9.431463e+03   3.394458e+02
  4.291630e+00   9.279402e+03   3.370431e+02
  4.294280e+00   8.739546e+03   3.279893e+02
  4.296920e+00   8.606095e+03   3.245850e+02
  4.299560e+00   8.521002e+03   3.227560e+02
  4.302210e+00   8.685479e+03   3.261900e+02
  4.304850e+00   8.351386e+03   3.207331e+02
  4.307490e+00   8.549036e+03   3.242834e+02
  4.310140e+00   8.654644e+03   3.257218e+02
  4.312780e+00   8.715602e+03   3.270907e+02
  4.315420e+00   8.930569e+03   3.303090e+02
  4.318070e+00   8.311400e+03   3.191974e+02
  4.320710e+00   9.970467e+03   3.503265e+02
  4.323350e+00   8.495917e+03   3.225006e+02
  4.326000e+00   8.282239e+03   3.197323e+02
  4.328640e+00   8.665690e+03   3.266005e+02
  4.331280e+00   8.611020e+03   3.252337e+02
  4.333930e+00   9.210200e+03   3.345295e+02
  4.336570e+00   8.526819e+03   3.229763e+02
  4.339210e+00   8.893364e+03   3.309767e+02
  4.341860e+00   8.103854e+03   3.161615e+02
  4.344500e+00   8.539628e+03   3.229984e+02
  4.347140e+00   8.217503e+03   3.218223e+02
  4.349790e+00   8.446566e+03   3.359864e+02
  4.352430e+00   8.490203e+03   3.429161e+02
  4.355070e+00   8.161896e+03   3.397842e+02
  4.357720e+00   8.363704e+03   3.490943e+02
  4.360360e+00   8.479978e+03   3.570715e+02
  4.363000e+00   9.241858e+03   3.744990e+02
  4.365650e+00   8.961111e+03   3.714500e+02
  4.368290e+00   8.922048e+03   3.733761e+02
  4.370930e+00   8.604569e+03   3.692574e+02
  4.373580e+00   8.816577e+03   3.762824e+02
  4.376220e+00   8.722039e+03   3.792191e+02
  4.378860e+00   8.561571e+03   3.736576e+02
  4.381510e+00   9.519618e+03   3.983836e+02
  4.384150e+00   9.267184e+03   3.969625e+02
  4.386790e+00   9.194880e+03   3.990238e+02
  4.389440e+00   8.780686e+03   3.884347e+02
  4.392080e+00   8.696512e+03   3.916712e+02
  4.394720e+00   8.235014e+03   3.818896e+02
  4.397370e+00   8.180714e+03   3.830971e+02
  4.400010e+00   8.344644e+03   3.861441e+02
  4.402650e+00   8.602667e+03   3.976584e+02
  4.405300e+00   8.041785e+03   3.864635e+02
  4.407940e+00   8.386319e+03   3.975496e+02
  4.410590e+00   8.487480e+03   4.009957e+02
  4.413230e+00   7.984580e+03   3.910066e+02
  4.415870e+00   8.999988e+03   4.182649e+02
  4.418520e+00   8.663070e+03   4.148858e+02
  4.421160e+00   8.881457e+03   4.205492e+02
  4.423800e+00   8.018892e+03   4.009446e+02
  4.426450e+00   8.522741e+03   4.168609e+02
  4.429090e+00   9.398747e+03   4.425697e+02
  4.431730e+00   8.605179e+03   4.244622e+02
  4.434380e+00   9.106652e+03   4.351326e+02
  4.437020e+00   8.225895e+03   4.186871e+02
  4.439660e+00   9.231350e+03   4.467363e+02
  4.442310e+00   8.581862e+03   4.312548e+02
  4.444950e+00   8.166262e+03   4.217040e+02
  4.447590e+00   8.092488e+03   4.218501e+02
  4.450240e+00   8.961111e+03   4.497453e+02
  4.452880e+00   8.615567e+03   4.455004e+02
  4.455520e+00   7.962883e+03   4.274699e+02
  4.458170e+00   9.392270e+03   4.678623e+02
  4.460810e+00   8.326072e+03   4.425257e+02
  4.463450e+00   8.735001e+03   4.559633e+02
  4.466100e+00   8.078303e+03   4.420251e+02
  4.468740e+00   8.756079e+03   4.595750e+02
  4.471380e+00   8.598668e+03   4.636091e+02
  4.474030e+00   8.351857e+03   4.604528e+02
  4.476670e+00   8.821688e+03   4.728921e+02
  4.479310e+00   8.316518e+03   4.585045e+02
  4.481960e+00   8.238025e+03   4.612408e+02
  4.484600e+00   8.214352e+03   4.680562e+02
  4.487240e+00   9.041842e+03   4.932729e+02
  4.489890e+00   9.510298e+03   5.047542e+02
  4.492530e+00   8.363704e+03   4.765663e+02
  4.495170e+00   8.685385e+03   4.893660e+02
  4.497820e+00   8.932754e+03   5.033036e+02
  4.500460e+00   8.764473e+03   4.961906e+02
  4.503100e+00   7.894999e+03   4.769543e+02
  4.505750e+00   8.990301e+03   5.122699e+02
  4.508390e+00   8.767920e+03   5.104880e+02
  4.511030e+00   8.146465e+03   4.912503e+02
  4.513680e+00   8.306147e+03   4.972760e+02
  4.516320e+00   8.544674e+03   5.133997e+02
  4.518960e+00   7.712562e+03   4.937462e+02
  4.521610e+00   9.072926e+03   5.383791e+02
  4.524250e+00   9.335792e+03   5.399028e+02
  4.526890e+00   9.154517e+03   5.432206e+02
  4.529540e+00   8.453261e+03   5.262770e+02
  4.532180e+00   8.624228e+03   5.390142e+02
  4.534820e+00   8.228232e+03   5.235499e+02
  4.537470e+00   8.409658e+03   5.383732e+02
  4.540110e+00   8.162253e+03   5.324467e+02
  4.542750e+00   9.282426e+03   5.756716e+02
  4.545400e+00   9.082442e+03   5.611151e+02
  4.548040e+00   8.961111e+03   5.678874e+02
  4.550680e+00   9.496931e+03   5.924022e+02
  4.553330e+00   8.429520e+03   5.657523e+02
  4.555970e+00   8.789880e+03   5.783316e+02
  4.558610e+00   8.829053e+03   5.771732e+02
  4.561260e+00   8.499595e+03   5.717446e+02
  4.563900e+00   8.462163e+03   5.811838e+02
  4.566550e+00   9.268701e+03   6.165448e+02
  4.569190e+00   8.219364e+03   5.740653e+02
  4.571830e+00   8.460956e+03   5.938427e+02
  4.574480e+00   1.007861e+04   6.519314e+02
  4.577120e+00   9.218368e+03   6.286875e+02
  4.579760e+00   8.084249e+03   5.880426e+02
  4.582410e+00   9.691276e+03   6.548758e+02
  4.585050e+00   8.938425e+03   6.368364e+02
  4.587690e+00   9.403348e+03   6.616173e+02
  4.590340e+00   7.509826e+03   5.882150e+02
  4.592980e+00   9.289529e+03   6.601781e+02
  4.595620e+00   8.815006e+03   6.552143e+02
  4.598270e+00   8.256305e+03   6.447091e+02
  4.600910e+00   8.707973e+03   6.639767e+02
  4.603550e+00   9.114731e+03   6.831779e+02
  4.606200e+00   7.540447e+03   6.418855e+02
  4.608840e+00   9.432749e+03   7.234588e+02
  4.611480e+00   9.217143e+03   7.241672e+02
  4.614130e+00   8.284801e+03   6.833189e+02
  4.616770e+00   8.540120e+03   7.166709e+02
  4.619410e+00   9.736294e+03   7.770409e+02
  4.622060e+00   9.476859e+03   7.816381e+02
  4.624700e+00   7.409541e+03   6.850123e+02
  4.627340e+00   7.824254e+03   7.233525e+02
  4.629990e+00   8.649721e+03   7.736546e+02
  4.632630e+00   8.888257e+03   8.047050e+02
  4.635270e+00   8.315911e+03   7.721130e+02
  4.637920e+00   9.111718e+03   8.283380e+02
  4.640560e+00   9.203304e+03   8.619684e+02
  4.643200e+00   9.375978e+03   8.820178e+02
  4.645850e+00   7.856317e+03   8.018320e+02
  4.648490e+00   8.712192e+03   8.502229e+02
  4.651130e+00   9.173460e+03   8.827166e+02
  4.653780e+00   9.623263e+03   9.217414e+02
  4.656420e+00   9.719016e+03   9.309129e+02
  4.659060e+00   9.610467e+03   9.121852e+02
  4.661710e+00   8.195589e+03   8.591312e+02
  4.664350e+00   8.868729e+03   9.051609e+02
  4.666990e+00   9.397057e+03   9.541266e+02
  4.669640e+00   9.546511e+03   9.272391e+02
  4.672280e+00   8.961111e+03   9.193906e+02
  4.674920e+00   9.416761e+03   9.764726e+02
  4.677570e+00   9.673927e+03   9.925240e+02
  4.680210e+00   9.401822e+03   9.595694e+02
  4.682850e+00   9.518017e+03   9.817085e+02
  4.685500e+00   9.277386e+03   9.889727e+02
  4.688140e+00   8.466326e+03   9.648274e+02
  4.690780e+00   8.223138e+03   9.310870e+02
  4.693430e+00   1.036466e+04   1.057839e+03
  4.696070e+00   7.952986e+03   9.438458e+02
  4.698710e+00   9.077490e+03   1.027823e+03
  4.701360e+00   7.379739e+03   9.297597e+02
  4.704000e+00   7.952986e+03   9.438458e+02
  4.706640e+00   9.387831e+03   1.069843e+03
  4.709290e+00   9.278881e+03   1.086011e+03
  4.711930e+00   8.701369e+03   1.063041e+03
  4.714570e+00   9.261820e+03   1.055482e+03
  4.717220e+00   8.052013e+03   1.022607e+03
  4.719860e+00   7.661408e+03   1.023799e+03
  4.722510e+00   9.530071e+03   1.164283e+03
  4.725150e+00   8.052013e+03   1.022607e+03
  4.727790e+00   8.676632e+03   1.110929e+03
  4.730440e+00   8.887053e+03   1.147314e+03
  4.733080e+00   9.115613e+03   1.186752e+03
  4.735720e+00   7.885778e+03   1.063318e+03
  4.738370e+00   7.746046e+03   1.084663e+03
  4.741010e+00   8.714475e+03   1.197025e+03
  4.743650e+00   8.622956e+03   1.207455e+03
  4.746300e+00   9.701020e+03   1.262965e+03
  4.748940e+00   9.217143e+03   1.254294e+03
  4.751580e+00   9.143991e+03   1.293156e+03
  4.754230e+00   1.056468e+04   1.411765e+03
  4.756870e+00   1.051957e+04   1.431532e+03
  4.759510e+00   7.575373e+03   1.183074e+03
  4.762160e+00   9.699085e+03   1.430052e+03
  4.764800e+00   1.062058e+04   1.532948e+03
  4.767440e+00   8.271795e+03   1.378633e+03
  4.770090e+00   6.668734e+03   1.178877e+03
  4.772730e+00   7.168889e+03   1.308854e+03
  4.775370e+00   1.120139e+04   1.669805e+03
  4.778020e+00   8.311756e+03   1.469325e+03
  4.780660e+00   6.838743e+03   1.269923e+03
  4.783300e+00   1.116892e+04   1.703245e+03
  4.785950e+00   8.961111e+03   1.584116e+03
  4.788590e+00   6.986629e+03   1.456813e+03
  4.791230e+00   8.489474e+03   1.633800e+03
  4.793880e+00   1.033974e+04   1.887770e+03
  4.796520e+00   9.558519e+03   1.951124e+03
  4.799160e+00   8.489474e+03   2.000988e+03
  4.801810e+00   6.852615e+03   1.900573e+03
  4.804450e+00   6.359498e+03   1.917461e+03
  4.807090e+00   8.571498e+03   2.584404e+03
  4.809740e+00   8.363704e+03   3.161183e+03
  4.812380e+00   5.514530e+03   2.757265e+03
creator: radaver
creator-version: 6572
working-directory: /dataInt/p12/vives/2015-10-17/NEW
header-file: images/header/img_0008_00010.txt
image-file: images/pilatus2m/img_0008_00010.tiff
angular-axis-file: etc/radial-averaging/saxs-2/saxis-saxs2-20150921.dat
beamstop-mask-file: etc/radial-averaging/saxs-2/mask-saxs2-20151008.msk
detector-response-file: none
beam-center-x: 656.1000
beam-center-y: 1645.9000
unit-time: 100.0000
channel-first: 8
channel-last: 1819
angular-unit: nanometer
Run Number: 8
Frame Number: 10
Buffer: NAPI
Code: NAPI
Concentration [mg/ml]: 0
Plate Row: 2
Plate Column: 1
Well Row: 1
Well Column: 9
Load Volume: 20
Load Viscosity: low
Exposure time [s]: 0.035
Exposure period [s]: 0.04
Detector Position: saxs-2
Detector Distance [m]: 3
Timestamp (begin): 2015-10-17 03:31:53.831
Timestamp (end): 2015-10-17 03:31:53.866
PETRA Current: 94.2678
Transmitted Beam: 0.159419
Wavelength [nm]: 0.123987
Flytube Vacuum [mbar]: 0.000275647
Crystal Temperature 1 [C]: -181.4
Crystal Temperature 2 [C]: -156.3
Cell Target Temperature [C]: 20
Cell Temperature [C]: 20.2
Storage Temperature [C]: 20.2
