
Sample:   c= .0000 mg/ml  Code: NAPI
  2.520060e-02   5.054912e+07   2.859216e+05
  2.784400e-02   7.660024e+06   6.152481e+04
  3.048740e-02   3.024713e+06   3.622735e+04
  3.313080e-02   1.380040e+06   2.285511e+04
  3.577420e-02   6.384588e+05   1.450294e+04
  3.841750e-02   4.289709e+05   1.199948e+04
  4.106090e-02   2.739076e+05   8.794643e+03
  4.370430e-02   2.232073e+05   7.876816e+03
  4.634770e-02   1.877553e+05   6.718413e+03
  4.899110e-02   1.473088e+05   5.653195e+03
  5.163450e-02   1.263909e+05   5.113227e+03
  5.427790e-02   1.205758e+05   4.654778e+03
  5.692130e-02   8.857875e+04   4.051498e+03
  5.956470e-02   8.080261e+04   3.665281e+03
  6.220810e-02   6.982526e+04   3.217378e+03
  6.485140e-02   6.101615e+04   3.085719e+03
  6.749480e-02   5.622144e+04   2.763133e+03
  7.013820e-02   5.323172e+04   2.709423e+03
  7.278160e-02   4.511004e+04   2.394192e+03
  7.542500e-02   4.374360e+04   2.308699e+03
  7.806840e-02   3.713189e+04   2.105556e+03
  8.071180e-02   3.633907e+04   1.985416e+03
  8.335520e-02   3.447479e+04   1.951751e+03
  8.599860e-02   3.289058e+04   1.844412e+03
  8.864200e-02   2.964979e+04   1.804429e+03
  9.128530e-02   2.872899e+04   1.781696e+03
  9.392870e-02   2.783079e+04   1.742831e+03
  9.657210e-02   2.679600e+04   1.726082e+03
  9.921550e-02   2.282677e+04   1.564064e+03
  1.018590e-01   2.547686e+04   1.672638e+03
  1.045020e-01   2.151334e+04   1.491682e+03
  1.071460e-01   2.187108e+04   1.512854e+03
  1.097890e-01   2.128237e+04   1.524062e+03
  1.124320e-01   2.142648e+04   1.451184e+03
  1.150760e-01   1.939800e+04   1.396299e+03
  1.177190e-01   1.691972e+04   1.279010e+03
  1.203630e-01   1.577972e+04   1.259359e+03
  1.230060e-01   1.868936e+04   1.366702e+03
  1.256490e-01   1.769575e+04   1.290595e+03
  1.282930e-01   1.620648e+04   1.228610e+03
  1.309360e-01   1.441436e+04   1.146745e+03
  1.335800e-01   1.425053e+04   1.152087e+03
  1.362230e-01   1.438887e+04   1.120172e+03
  1.388660e-01   1.356703e+04   1.104069e+03
  1.415100e-01   1.472266e+04   1.135877e+03
  1.441530e-01   1.336329e+04   1.056461e+03
  1.467970e-01   1.459461e+04   1.122662e+03
  1.494400e-01   1.437812e+04   1.080726e+03
  1.520830e-01   1.305145e+04   1.041619e+03
  1.547270e-01   1.354642e+04   1.051406e+03
  1.573700e-01   1.451909e+04   1.076227e+03
  1.600130e-01   1.209399e+04   9.714130e+02
  1.626570e-01   1.279357e+04   9.841207e+02
  1.653000e-01   1.154781e+04   9.492244e+02
  1.679440e-01   1.332380e+04   9.958674e+02
  1.705870e-01   1.358636e+04   1.009866e+03
  1.732300e-01   1.164029e+04   9.231349e+02
  1.758740e-01   1.118221e+04   9.010879e+02
  1.785170e-01   1.307011e+04   9.741886e+02
  1.811610e-01   1.086774e+04   8.673404e+02
  1.838040e-01   1.195595e+04   9.279616e+02
  1.864470e-01   1.132715e+04   8.872106e+02
  1.890910e-01   1.136387e+04   8.767419e+02
  1.917340e-01   1.090567e+04   8.621689e+02
  1.943780e-01   1.098786e+04   8.477321e+02
  1.970210e-01   1.213256e+04   9.093737e+02
  1.996640e-01   1.047626e+04   8.308214e+02
  2.023080e-01   1.236135e+04   8.991557e+02
  2.049510e-01   1.244663e+04   8.845432e+02
  2.075950e-01   1.138798e+04   8.372611e+02
  2.102380e-01   1.132665e+04   8.513629e+02
  2.128810e-01   1.251880e+04   8.659436e+02
  2.155250e-01   1.072351e+04   8.152936e+02
  2.181680e-01   1.137085e+04   8.337510e+02
  2.208110e-01   1.075807e+04   8.040956e+02
  2.234550e-01   1.020931e+04   7.900201e+02
  2.260980e-01   9.927898e+03   7.548041e+02
  2.287420e-01   1.081345e+04   7.928809e+02
  2.313850e-01   1.009233e+04   7.585862e+02
  2.340280e-01   1.127447e+04   7.992263e+02
  2.366720e-01   1.015744e+04   7.634803e+02
  2.393150e-01   1.145602e+04   7.943320e+02
  2.419590e-01   9.540311e+03   7.317085e+02
  2.446020e-01   1.053419e+04   7.524418e+02
  2.472450e-01   1.080489e+04   7.678703e+02
  2.498890e-01   1.109827e+04   7.770344e+02
  2.525320e-01   1.119716e+04   7.654219e+02
  2.551760e-01   1.107774e+04   7.775052e+02
  2.578190e-01   9.956265e+03   7.093545e+02
  2.604620e-01   1.129270e+04   7.630902e+02
  2.631060e-01   1.272941e+04   8.149171e+02
  2.657490e-01   1.179215e+04   7.741923e+02
  2.683920e-01   1.230424e+04   7.942350e+02
  2.710360e-01   1.148522e+04   7.492132e+02
  2.736790e-01   1.064394e+04   7.293109e+02
  2.763230e-01   1.153409e+04   7.508056e+02
  2.789660e-01   9.791702e+03   6.889418e+02
  2.816090e-01   1.113082e+04   7.355455e+02
  2.842530e-01   1.179649e+04   7.490782e+02
  2.868960e-01   1.056728e+04   7.157067e+02
  2.895400e-01   1.005313e+04   6.824511e+02
  2.921830e-01   1.099060e+04   7.154273e+02
  2.948260e-01   1.045914e+04   6.988306e+02
  2.974700e-01   9.170039e+03   6.484196e+02
  3.001130e-01   1.024548e+04   6.907500e+02
  3.027570e-01   1.024803e+04   6.742710e+02
  3.054000e-01   9.641841e+03   6.606480e+02
  3.080430e-01   9.643521e+03   6.516488e+02
  3.106870e-01   1.159037e+04   7.215851e+02
  3.133300e-01   1.012183e+04   6.659672e+02
  3.159740e-01   1.157821e+04   6.994651e+02
  3.186170e-01   1.020946e+04   6.688440e+02
  3.212600e-01   1.105514e+04   6.842958e+02
  3.239040e-01   1.003092e+04   6.557416e+02
  3.265470e-01   1.013510e+04   6.583453e+02
  3.291900e-01   1.084648e+04   6.675549e+02
  3.318340e-01   1.153363e+04   7.006179e+02
  3.344770e-01   1.191432e+04   6.972328e+02
  3.371210e-01   8.874300e+03   6.052222e+02
  3.397640e-01   1.160385e+04   6.849536e+02
  3.424070e-01   1.026798e+04   6.392566e+02
  3.450510e-01   1.072323e+04   6.637511e+02
  3.476940e-01   1.065842e+04   6.427270e+02
  3.503380e-01   1.021716e+04   6.398232e+02
  3.529810e-01   1.039719e+04   6.411184e+02
  3.556240e-01   1.175542e+04   6.786997e+02
  3.582680e-01   1.039365e+04   6.360809e+02
  3.609110e-01   1.049146e+04   6.315120e+02
  3.635550e-01   1.041923e+04   6.340943e+02
  3.661980e-01   1.026195e+04   6.199470e+02
  3.688410e-01   1.094762e+04   6.450944e+02
  3.714850e-01   1.096483e+04   6.394818e+02
  3.741280e-01   1.065173e+04   6.276594e+02
  3.767710e-01   1.079428e+04   6.371662e+02
  3.794150e-01   1.011367e+04   6.065777e+02
  3.820580e-01   1.002299e+04   6.088530e+02
  3.847020e-01   9.342369e+03   5.782781e+02
  3.873450e-01   1.007729e+04   6.054857e+02
  3.899880e-01   1.101964e+04   6.299508e+02
  3.926320e-01   1.073708e+04   6.137983e+02
  3.952750e-01   1.108281e+04   6.304788e+02
  3.979190e-01   1.023005e+04   5.956162e+02
  4.005620e-01   1.222611e+04   6.582316e+02
  4.032050e-01   1.224764e+04   6.473081e+02
  4.058490e-01   9.925239e+03   5.838376e+02
  4.084920e-01   1.061767e+04   6.109784e+02
  4.111360e-01   1.136103e+04   6.216479e+02
  4.137790e-01   1.021972e+04   5.930080e+02
  4.164220e-01   1.007419e+04   5.826055e+02
  4.190660e-01   9.965005e+03   5.772572e+02
  4.217090e-01   1.047851e+04   5.941816e+02
  4.243530e-01   1.099858e+04   6.036256e+02
  4.269960e-01   1.032842e+04   6.161418e+02
  4.296390e-01   1.014464e+04   6.106355e+02
  4.322830e-01   1.132448e+04   6.743630e+02
  4.349260e-01   1.015962e+04   6.544387e+02
  4.375690e-01   1.104759e+04   6.698588e+02
  4.402130e-01   1.068254e+04   6.783420e+02
  4.428560e-01   1.028144e+04   6.622857e+02
  4.455000e-01   1.119769e+04   7.110539e+02
  4.481430e-01   1.040370e+04   6.845131e+02
  4.507860e-01   1.049377e+04   6.874700e+02
  4.534300e-01   1.055977e+04   7.087250e+02
  4.560730e-01   1.173765e+04   7.336031e+02
  4.587170e-01   8.849087e+03   6.369712e+02
  4.613600e-01   1.036998e+04   6.808224e+02
  4.640030e-01   1.041037e+04   6.762263e+02
  4.666470e-01   1.065563e+04   6.980737e+02
  4.692900e-01   9.519521e+03   6.403523e+02
  4.719340e-01   1.012654e+04   6.796491e+02
  4.745770e-01   9.048677e+03   6.304512e+02
  4.772200e-01   1.002117e+04   6.787193e+02
  4.798640e-01   9.335281e+03   6.411497e+02
  4.825070e-01   9.335678e+03   6.116006e+02
  4.851500e-01   1.005515e+04   6.397937e+02
  4.877940e-01   1.018736e+04   6.222923e+02
  4.904370e-01   1.074399e+04   6.467125e+02
  4.930810e-01   1.130744e+04   6.453495e+02
  4.957240e-01   1.051547e+04   6.153715e+02
  4.983670e-01   1.001831e+04   6.074496e+02
  5.010110e-01   1.080227e+04   6.205741e+02
  5.036540e-01   9.447529e+03   5.803571e+02
  5.062980e-01   1.035172e+04   5.956745e+02
  5.089410e-01   1.101114e+04   6.155415e+02
  5.115840e-01   1.052164e+04   6.034573e+02
  5.142280e-01   9.617966e+03   5.687223e+02
  5.168710e-01   1.016076e+04   5.895868e+02
  5.195150e-01   1.058303e+04   5.861397e+02
  5.221580e-01   1.044907e+04   5.878062e+02
  5.248010e-01   1.004373e+04   5.741618e+02
  5.274450e-01   1.049475e+04   5.794754e+02
  5.300880e-01   1.095753e+04   5.942556e+02
  5.327320e-01   9.789138e+03   5.542008e+02
  5.353750e-01   1.033169e+04   5.775589e+02
  5.380180e-01   1.088863e+04   5.779085e+02
  5.406620e-01   1.097146e+04   5.831263e+02
  5.433050e-01   1.017014e+04   5.658818e+02
  5.459480e-01   9.591063e+03   5.447358e+02
  5.485920e-01   1.101425e+04   5.837542e+02
  5.512350e-01   1.045415e+04   5.572081e+02
  5.538790e-01   1.056647e+04   5.616015e+02
  5.565220e-01   1.011818e+04   5.528152e+02
  5.591650e-01   1.004744e+04   5.448988e+02
  5.618090e-01   9.757657e+03   5.387765e+02
  5.644520e-01   1.041854e+04   5.498695e+02
  5.670960e-01   9.012751e+03   5.152247e+02
  5.697390e-01   1.055283e+04   5.516051e+02
  5.723820e-01   1.123419e+04   5.695961e+02
  5.750260e-01   9.981779e+03   5.343124e+02
  5.776690e-01   9.537429e+03   5.218649e+02
  5.803130e-01   1.086999e+04   5.598329e+02
  5.829560e-01   1.004798e+04   5.252166e+02
  5.855990e-01   1.032322e+04   5.403419e+02
  5.882430e-01   1.030087e+04   5.355166e+02
  5.908860e-01   9.774657e+03   5.224774e+02
  5.935290e-01   1.048234e+04   5.356226e+02
  5.961730e-01   9.686205e+03   5.140904e+02
  5.988160e-01   1.018504e+04   5.259534e+02
  6.014600e-01   1.019268e+04   5.249497e+02
  6.041030e-01   1.072743e+04   5.357022e+02
  6.067460e-01   9.856552e+03   5.131116e+02
  6.093900e-01   1.136868e+04   5.469757e+02
  6.120330e-01   1.068988e+04   5.331628e+02
  6.146770e-01   1.139381e+04   5.431784e+02
  6.173200e-01   1.086874e+04   5.278328e+02
  6.199630e-01   1.060794e+04   5.188514e+02
  6.226070e-01   1.041610e+04   5.182204e+02
  6.252500e-01   1.046463e+04   5.168114e+02
  6.278940e-01   1.023733e+04   5.068235e+02
  6.305370e-01   1.063880e+04   5.166656e+02
  6.331800e-01   1.003468e+04   4.986272e+02
  6.358240e-01   9.484588e+03   4.878346e+02
  6.384670e-01   1.011630e+04   4.996082e+02
  6.411110e-01   1.094571e+04   5.200466e+02
  6.437540e-01   1.030330e+04   5.045549e+02
  6.463970e-01   1.041238e+04   5.068668e+02
  6.490410e-01   1.061021e+04   5.098944e+02
  6.516840e-01   1.035092e+04   5.032788e+02
  6.543270e-01   1.049334e+04   5.060339e+02
  6.569710e-01   1.092665e+04   5.203167e+02
  6.596140e-01   1.054841e+04   5.045987e+02
  6.622580e-01   1.129864e+04   5.250926e+02
  6.649010e-01   1.017923e+04   4.920318e+02
  6.675440e-01   1.064022e+04   5.061038e+02
  6.701880e-01   1.081585e+04   5.144576e+02
  6.728310e-01   1.061730e+04   5.005043e+02
  6.754750e-01   1.116369e+04   5.177036e+02
  6.781180e-01   1.006129e+04   4.869001e+02
  6.807610e-01   1.030064e+04   4.933114e+02
  6.834050e-01   1.034622e+04   4.921193e+02
  6.860480e-01   1.063250e+04   4.946687e+02
  6.886920e-01   1.030439e+04   4.940576e+02
  6.913350e-01   1.000965e+04   4.771913e+02
  6.939780e-01   1.097823e+04   5.069273e+02
  6.966220e-01   1.005116e+04   4.797159e+02
  6.992650e-01   1.088668e+04   4.963898e+02
  7.019080e-01   1.020577e+04   4.887678e+02
  7.045520e-01   1.147447e+04   5.051353e+02
  7.071950e-01   1.078243e+04   4.936934e+02
  7.098390e-01   1.111582e+04   5.031897e+02
  7.124820e-01   1.015931e+04   4.747132e+02
  7.151250e-01   1.076037e+04   4.947624e+02
  7.177690e-01   1.111867e+04   4.923431e+02
  7.204120e-01   9.984567e+03   4.712009e+02
  7.230560e-01   1.065196e+04   4.836807e+02
  7.256990e-01   1.000127e+04   4.704203e+02
  7.283420e-01   1.026255e+04   4.738804e+02
  7.309860e-01   9.134166e+03   4.457016e+02
  7.336290e-01   1.038841e+04   4.776595e+02
  7.362730e-01   1.047985e+04   4.753758e+02
  7.389160e-01   1.000546e+04   4.644917e+02
  7.415590e-01   1.018736e+04   4.704088e+02
  7.442030e-01   9.857410e+03   4.566357e+02
  7.468460e-01   1.020588e+04   4.702623e+02
  7.494900e-01   1.087043e+04   4.766998e+02
  7.521330e-01   1.007174e+04   4.621232e+02
  7.547760e-01   9.880933e+03   4.552894e+02
  7.574200e-01   1.051702e+04   4.722280e+02
  7.600630e-01   9.296372e+03   4.431871e+02
  7.627060e-01   9.733311e+03   4.461256e+02
  7.653500e-01   1.002512e+04   4.580593e+02
  7.679930e-01   9.442477e+03   4.417005e+02
  7.706370e-01   1.033567e+04   4.645537e+02
  7.732800e-01   1.022102e+04   4.566414e+02
  7.759230e-01   1.020663e+04   4.573702e+02
  7.785670e-01   1.060392e+04   4.672645e+02
  7.812100e-01   1.037405e+04   4.584726e+02
  7.838540e-01   1.009861e+04   4.538988e+02
  7.864970e-01   1.043406e+04   4.566865e+02
  7.891400e-01   9.444008e+03   4.342359e+02
  7.917840e-01   1.037743e+04   4.590703e+02
  7.944270e-01   1.046346e+04   4.557957e+02
  7.970710e-01   1.048582e+04   4.580752e+02
  7.997140e-01   1.024146e+04   4.486867e+02
  8.023570e-01   1.015128e+04   4.517262e+02
  8.050010e-01   1.039055e+04   4.521905e+02
  8.076440e-01   1.048646e+04   4.525240e+02
  8.102870e-01   1.081153e+04   4.610050e+02
  8.129310e-01   1.043257e+04   4.506186e+02
  8.155740e-01   1.139330e+04   4.706528e+02
  8.182180e-01   1.063546e+04   4.522658e+02
  8.208610e-01   1.008605e+04   4.401914e+02
  8.235040e-01   1.035012e+04   4.466407e+02
  8.261480e-01   9.512373e+03   4.284158e+02
  8.287910e-01   1.023109e+04   4.419156e+02
  8.314350e-01   1.047459e+04   4.438225e+02
  8.340780e-01   1.037583e+04   4.452697e+02
  8.367210e-01   1.020637e+04   4.404374e+02
  8.393650e-01   9.515514e+03   4.230162e+02
  8.420080e-01   1.023864e+04   4.401935e+02
  8.446520e-01   9.977002e+03   4.277604e+02
  8.472950e-01   1.084100e+04   4.536818e+02
  8.499380e-01   1.061444e+04   4.442005e+02
  8.525820e-01   9.408460e+03   4.153936e+02
  8.552250e-01   1.070739e+04   4.461411e+02
  8.578690e-01   1.016033e+04   4.348218e+02
  8.605120e-01   1.006714e+04   4.453440e+02
  8.631550e-01   9.876783e+03   4.382114e+02
  8.657990e-01   9.678327e+03   4.381173e+02
  8.684420e-01   9.335678e+03   4.324669e+02
  8.710850e-01   9.968634e+03   4.431598e+02
  8.737290e-01   1.093357e+04   4.709423e+02
  8.763720e-01   9.970150e+03   4.414856e+02
  8.790160e-01   9.659661e+03   4.409012e+02
  8.816590e-01   1.028861e+04   4.592033e+02
  8.843020e-01   1.101940e+04   4.677474e+02
  8.869460e-01   1.074219e+04   4.644255e+02
  8.895890e-01   9.623724e+03   4.240720e+02
  8.922330e-01   9.855781e+03   4.330382e+02
  8.948760e-01   1.082217e+04   4.478247e+02
  8.975190e-01   1.048820e+04   4.370082e+02
  9.001630e-01   1.056622e+04   4.429590e+02
  9.028060e-01   1.043166e+04   4.342759e+02
  9.054500e-01   9.766990e+03   4.234527e+02
  9.080930e-01   1.027026e+04   4.282994e+02
  9.107360e-01   1.048141e+04   4.322460e+02
  9.133800e-01   9.463852e+03   4.134303e+02
  9.160230e-01   9.553163e+03   4.122494e+02
  9.186660e-01   9.774657e+03   4.167928e+02
  9.213100e-01   9.722576e+03   4.115895e+02
  9.239530e-01   1.025179e+04   4.264183e+02
  9.265970e-01   1.020876e+04   4.257347e+02
  9.292400e-01   1.039467e+04   4.233035e+02
  9.318830e-01   1.018074e+04   4.234630e+02
  9.345270e-01   1.054342e+04   4.254978e+02
  9.371700e-01   1.042855e+04   4.275288e+02
  9.398140e-01   1.119786e+04   4.378710e+02
  9.424570e-01   1.072127e+04   4.257962e+02
  9.451000e-01   1.106276e+04   4.362725e+02
  9.477440e-01   1.074170e+04   4.266072e+02
  9.503870e-01   1.037598e+04   4.239512e+02
  9.530310e-01   1.074667e+04   4.215191e+02
  9.556740e-01   9.649608e+03   4.045326e+02
  9.583170e-01   1.008204e+04   4.105726e+02
  9.609610e-01   1.072698e+04   4.217211e+02
  9.636040e-01   1.054277e+04   4.210377e+02
  9.662480e-01   1.031910e+04   4.098240e+02
  9.688910e-01   9.640323e+03   3.996043e+02
  9.715340e-01   1.061468e+04   4.179526e+02
  9.741780e-01   1.084121e+04   4.175877e+02
  9.768210e-01   9.922833e+03   4.007794e+02
  9.794640e-01   1.038929e+04   4.053247e+02
  9.821080e-01   9.935234e+03   4.003020e+02
  9.847510e-01   9.790948e+03   3.993811e+02
  9.873950e-01   1.001516e+04   4.092085e+02
  9.900380e-01   1.020531e+04   4.208600e+02
  9.926810e-01   9.983056e+03   4.152404e+02
  9.953250e-01   1.090636e+04   4.415854e+02
  9.979680e-01   9.968006e+03   4.204749e+02
  1.000610e+00   1.032140e+04   4.330763e+02
  1.003250e+00   9.726838e+03   4.217119e+02
  1.005900e+00   9.870986e+03   4.263617e+02
  1.008540e+00   1.081491e+04   4.479077e+02
  1.011190e+00   1.009144e+04   4.326670e+02
  1.013830e+00   1.044105e+04   4.464272e+02
  1.016470e+00   9.518150e+03   4.239721e+02
  1.019120e+00   1.013565e+04   4.398496e+02
  1.021760e+00   1.074646e+04   4.529092e+02
  1.024400e+00   1.015744e+04   4.407956e+02
  1.027050e+00   9.837898e+03   4.373479e+02
  1.029690e+00   1.025602e+04   4.434062e+02
  1.032330e+00   9.896354e+03   4.408187e+02
  1.034980e+00   1.073662e+04   4.586457e+02
  1.037620e+00   1.057618e+04   4.547054e+02
  1.040260e+00   1.056824e+04   4.547847e+02
  1.042910e+00   1.026895e+04   4.308757e+02
  1.045550e+00   1.116481e+04   4.539140e+02
  1.048190e+00   1.007854e+04   4.251375e+02
  1.050840e+00   1.004438e+04   4.214529e+02
  1.053480e+00   9.937792e+03   4.173480e+02
  1.056120e+00   1.013130e+04   4.170990e+02
  1.058770e+00   9.831247e+03   4.128736e+02
  1.061410e+00   1.052696e+04   4.241432e+02
  1.064050e+00   1.060615e+04   4.239072e+02
  1.066700e+00   9.849761e+03   4.061973e+02
  1.069340e+00   1.045779e+04   4.169792e+02
  1.071980e+00   1.035078e+04   4.173837e+02
  1.074630e+00   1.016332e+04   4.065328e+02
  1.077270e+00   1.033602e+04   4.137718e+02
  1.079910e+00   1.073583e+04   4.182086e+02
  1.082560e+00   1.027505e+04   4.048936e+02
  1.085200e+00   1.072886e+04   4.163606e+02
  1.087840e+00   1.023980e+04   4.013292e+02
  1.090490e+00   1.011079e+04   4.021857e+02
  1.093130e+00   1.020394e+04   4.011584e+02
  1.095770e+00   1.035248e+04   4.038886e+02
  1.098420e+00   1.062690e+04   4.081238e+02
  1.101060e+00   9.843523e+03   3.912449e+02
  1.103700e+00   9.995018e+03   3.963282e+02
  1.106350e+00   9.917700e+03   3.920315e+02
  1.108990e+00   1.004317e+04   3.921197e+02
  1.111630e+00   1.049694e+04   4.001921e+02
  1.114280e+00   1.015042e+04   3.930260e+02
  1.116920e+00   9.943686e+03   3.930587e+02
  1.119560e+00   1.036245e+04   3.939213e+02
  1.122210e+00   1.017216e+04   3.932784e+02
  1.124850e+00   1.107900e+04   4.092121e+02
  1.127490e+00   1.094062e+04   4.071678e+02
  1.130140e+00   9.593175e+03   3.815960e+02
  1.132780e+00   1.011640e+04   3.893804e+02
  1.135420e+00   1.048493e+04   3.965763e+02
  1.138070e+00   1.001052e+04   3.858773e+02
  1.140710e+00   1.047343e+04   3.958586e+02
  1.143350e+00   1.026798e+04   3.914631e+02
  1.146000e+00   1.022881e+04   3.882803e+02
  1.148640e+00   1.003953e+04   3.875719e+02
  1.151280e+00   9.414724e+03   3.712805e+02
  1.153930e+00   1.071218e+04   3.970199e+02
  1.156570e+00   1.018861e+04   3.859213e+02
  1.159220e+00   1.002861e+04   3.817825e+02
  1.161860e+00   1.017616e+04   3.871194e+02
  1.164500e+00   1.043348e+04   3.864253e+02
  1.167150e+00   1.008239e+04   3.832748e+02
  1.169790e+00   1.023274e+04   3.816167e+02
  1.172430e+00   9.609130e+03   3.723462e+02
  1.175080e+00   1.080666e+04   3.948669e+02
  1.177720e+00   1.049038e+04   3.848547e+02
  1.180360e+00   1.086679e+04   3.954831e+02
  1.183010e+00   9.862854e+03   3.733145e+02
  1.185650e+00   1.037385e+04   3.850099e+02
  1.188290e+00   1.020592e+04   3.793000e+02
  1.190940e+00   9.811725e+03   3.705837e+02
  1.193580e+00   1.025467e+04   3.811119e+02
  1.196220e+00   9.778172e+03   3.687907e+02
  1.198870e+00   9.642587e+03   3.670870e+02
  1.201510e+00   1.077376e+04   3.865065e+02
  1.204150e+00   1.043190e+04   3.809193e+02
  1.206800e+00   1.020753e+04   3.775393e+02
  1.209440e+00   1.010695e+04   3.720420e+02
  1.212080e+00   1.051031e+04   3.817516e+02
  1.214730e+00   1.058037e+04   3.815378e+02
  1.217370e+00   1.060287e+04   3.806210e+02
  1.220010e+00   1.061102e+04   3.809136e+02
  1.222660e+00   9.980013e+03   3.656394e+02
  1.225300e+00   1.029868e+04   3.755542e+02
  1.227940e+00   1.054617e+04   3.785856e+02
  1.230590e+00   1.007688e+04   3.689407e+02
  1.233230e+00   9.799279e+03   3.636853e+02
  1.235870e+00   1.012757e+04   3.673655e+02
  1.238520e+00   9.665472e+03   3.614681e+02
  1.241160e+00   1.008718e+04   3.675973e+02
  1.243800e+00   9.806900e+03   3.600226e+02
  1.246450e+00   1.042074e+04   3.726447e+02
  1.249090e+00   9.362389e+03   3.536126e+02
  1.251730e+00   9.663471e+03   3.593883e+02
  1.254380e+00   9.546104e+03   3.525934e+02
  1.257020e+00   9.862643e+03   3.615820e+02
  1.259660e+00   9.997831e+03   3.612363e+02
  1.262310e+00   1.092938e+04   3.793644e+02
  1.264950e+00   1.056850e+04   3.731868e+02
  1.267590e+00   1.050401e+04   3.677138e+02
  1.270240e+00   1.004666e+04   3.615872e+02
  1.272880e+00   1.058582e+04   3.703509e+02
  1.275520e+00   1.039262e+04   3.678948e+02
  1.278170e+00   9.958741e+03   3.572679e+02
  1.280810e+00   1.021007e+04   3.637186e+02
  1.283450e+00   9.488794e+03   3.499994e+02
  1.286100e+00   1.019305e+04   3.610563e+02
  1.288740e+00   1.092293e+04   3.744333e+02
  1.291380e+00   1.053563e+04   3.639473e+02
  1.294030e+00   9.537635e+03   3.501376e+02
  1.296670e+00   9.573256e+03   3.500329e+02
  1.299310e+00   9.900015e+03   3.526734e+02
  1.301960e+00   9.725299e+03   3.497947e+02
  1.304600e+00   1.017636e+04   3.566812e+02
  1.307240e+00   9.863441e+03   3.545341e+02
  1.309890e+00   1.084323e+04   3.674090e+02
  1.312530e+00   1.015136e+04   3.562427e+02
  1.315180e+00   9.993614e+03   3.522286e+02
  1.317820e+00   9.611474e+03   3.445880e+02
  1.320460e+00   1.024379e+04   3.568592e+02
  1.323110e+00   9.574496e+03   3.408611e+02
  1.325750e+00   9.946101e+03   3.496863e+02
  1.328390e+00   9.638213e+03   3.426954e+02
  1.331040e+00   9.987085e+03   3.481279e+02
  1.333680e+00   1.052670e+04   3.593756e+02
  1.336320e+00   1.031141e+04   3.518206e+02
  1.338970e+00   9.721377e+03   3.449988e+02
  1.341610e+00   1.000909e+04   3.491070e+02
  1.344250e+00   9.824617e+03   3.432999e+02
  1.346900e+00   1.065942e+04   3.589214e+02
  1.349540e+00   9.982295e+03   3.444219e+02
  1.352180e+00   1.015348e+04   3.513758e+02
  1.354830e+00   1.045619e+04   3.536858e+02
  1.357470e+00   1.012100e+04   3.487926e+02
  1.360110e+00   1.058004e+04   3.568559e+02
  1.362760e+00   9.774789e+03   3.432393e+02
  1.365400e+00   1.002195e+04   3.484974e+02
  1.368040e+00   9.714286e+03   3.384132e+02
  1.370690e+00   9.788630e+03   3.426706e+02
  1.373330e+00   1.040653e+04   3.540375e+02
  1.375970e+00   1.019969e+04   3.486181e+02
  1.378620e+00   9.530290e+03   3.380046e+02
  1.381260e+00   9.671480e+03   3.373316e+02
  1.383900e+00   9.921736e+03   3.441812e+02
  1.386550e+00   9.392391e+03   3.335336e+02
  1.389190e+00   1.053690e+04   3.528014e+02
  1.391830e+00   9.930327e+03   3.418160e+02
  1.394480e+00   1.052558e+04   3.520280e+02
  1.397120e+00   1.063112e+04   3.555577e+02
  1.399760e+00   1.054518e+04   3.513110e+02
  1.402410e+00   9.956760e+03   3.399182e+02
  1.405050e+00   1.030870e+04   3.484977e+02
  1.407690e+00   1.021747e+04   3.458091e+02
  1.410340e+00   9.956232e+03   3.416970e+02
  1.412980e+00   9.987298e+03   3.397748e+02
  1.415620e+00   9.531945e+03   3.322627e+02
  1.418270e+00   1.015393e+04   3.448456e+02
  1.420910e+00   9.695134e+03   3.353132e+02
  1.423550e+00   1.050693e+04   3.490693e+02
  1.426200e+00   1.008324e+04   3.410706e+02
  1.428840e+00   9.967868e+03   3.391137e+02
  1.431480e+00   1.018539e+04   3.425719e+02
  1.434130e+00   1.008282e+04   3.385481e+02
  1.436770e+00   1.003413e+04   3.397986e+02
  1.439410e+00   9.861401e+03   3.378460e+02
  1.442060e+00   9.977451e+03   3.380730e+02
  1.444700e+00   1.084160e+04   3.528641e+02
  1.447340e+00   1.002231e+04   3.361374e+02
  1.449990e+00   9.722241e+03   3.330785e+02
  1.452630e+00   1.004820e+04   3.387246e+02
  1.455270e+00   1.049671e+04   3.453163e+02
  1.457920e+00   1.013832e+04   3.377563e+02
  1.460560e+00   9.929494e+03   3.341541e+02
  1.463200e+00   9.708742e+03   3.324210e+02
  1.465850e+00   9.835694e+03   3.328878e+02
  1.468490e+00   9.686101e+03   3.308709e+02
  1.471140e+00   9.747114e+03   3.295126e+02
  1.473780e+00   1.045396e+04   3.442829e+02
  1.476420e+00   1.035966e+04   3.409922e+02
  1.479070e+00   1.034295e+04   3.400741e+02
  1.481710e+00   9.870941e+03   3.308747e+02
  1.484350e+00   1.015931e+04   3.356729e+02
  1.487000e+00   9.892027e+03   3.338397e+02
  1.489640e+00   1.051120e+04   3.399565e+02
  1.492280e+00   1.003817e+04   3.346058e+02
  1.494930e+00   9.637557e+03   3.256229e+02
  1.497570e+00   1.033391e+04   3.388621e+02
  1.500210e+00   1.009276e+04   3.345717e+02
  1.502860e+00   1.065859e+04   3.416987e+02
  1.505500e+00   1.054709e+04   3.425536e+02
  1.508140e+00   9.417522e+03   3.218843e+02
  1.510790e+00   9.650788e+03   3.251433e+02
  1.513430e+00   9.838174e+03   3.284871e+02
  1.516070e+00   9.814353e+03   3.267822e+02
  1.518720e+00   9.424004e+03   3.222941e+02
  1.521360e+00   9.855526e+03   3.270671e+02
  1.524000e+00   1.021856e+04   3.336477e+02
  1.526650e+00   9.961018e+03   3.300232e+02
  1.529290e+00   1.053334e+04   3.375099e+02
  1.531930e+00   9.883264e+03   3.303611e+02
  1.534580e+00   9.829550e+03   3.249549e+02
  1.537220e+00   9.692786e+03   3.232725e+02
  1.539860e+00   9.984445e+03   3.289987e+02
  1.542510e+00   1.038825e+04   3.352793e+02
  1.545150e+00   1.040478e+04   3.373981e+02
  1.547790e+00   1.034477e+04   3.403180e+02
  1.550440e+00   1.060684e+04   3.502686e+02
  1.553080e+00   1.016234e+04   3.429622e+02
  1.555720e+00   1.052127e+04   3.514910e+02
  1.558370e+00   9.614862e+03   3.382497e+02
  1.561010e+00   1.026202e+04   3.485166e+02
  1.563650e+00   1.023745e+04   3.542817e+02
  1.566300e+00   9.852670e+03   3.434425e+02
  1.568940e+00   9.812572e+03   3.464940e+02
  1.571580e+00   1.000376e+04   3.491336e+02
  1.574230e+00   1.023356e+04   3.578079e+02
  1.576870e+00   9.750462e+03   3.502469e+02
  1.579510e+00   1.045372e+04   3.596188e+02
  1.582160e+00   1.037638e+04   3.616977e+02
  1.584800e+00   1.001541e+04   3.540983e+02
  1.587440e+00   9.642628e+03   3.525694e+02
  1.590090e+00   1.001561e+04   3.581575e+02
  1.592730e+00   9.709307e+03   3.501266e+02
  1.595370e+00   1.037852e+04   3.683198e+02
  1.598020e+00   1.047985e+04   3.682245e+02
  1.600660e+00   1.052923e+04   3.688228e+02
  1.603300e+00   9.954004e+03   3.491022e+02
  1.605950e+00   1.055476e+04   3.582518e+02
  1.608590e+00   1.043608e+04   3.558674e+02
  1.611230e+00   1.025479e+04   3.474702e+02
  1.613880e+00   9.453844e+03   3.352933e+02
  1.616520e+00   1.056491e+04   3.500312e+02
  1.619160e+00   1.005821e+04   3.437826e+02
  1.621810e+00   9.940709e+03   3.417686e+02
  1.624450e+00   1.025989e+04   3.416170e+02
  1.627100e+00   1.017225e+04   3.429064e+02
  1.629740e+00   9.878212e+03   3.350954e+02
  1.632380e+00   9.473282e+03   3.310233e+02
  1.635030e+00   1.016239e+04   3.398813e+02
  1.637670e+00   1.019938e+04   3.386648e+02
  1.640310e+00   9.622341e+03   3.320023e+02
  1.642960e+00   1.001587e+04   3.342338e+02
  1.645600e+00   9.643215e+03   3.294059e+02
  1.648240e+00   1.006722e+04   3.344611e+02
  1.650890e+00   1.013220e+04   3.360640e+02
  1.653530e+00   1.012879e+04   3.370649e+02
  1.656170e+00   9.915304e+03   3.316174e+02
  1.658820e+00   9.807382e+03   3.313607e+02
  1.661460e+00   1.008534e+04   3.334110e+02
  1.664100e+00   9.883264e+03   3.331648e+02
  1.666750e+00   1.009394e+04   3.355340e+02
  1.669390e+00   9.850502e+03   3.279858e+02
  1.672030e+00   1.021663e+04   3.375670e+02
  1.674680e+00   9.814353e+03   3.267822e+02
  1.677320e+00   1.025311e+04   3.378516e+02
  1.679960e+00   9.948788e+03   3.296181e+02
  1.682610e+00   1.017650e+04   3.324519e+02
  1.685250e+00   1.030753e+04   3.372728e+02
  1.687890e+00   1.043193e+04   3.372164e+02
  1.690540e+00   9.931771e+03   3.292350e+02
  1.693180e+00   1.013659e+04   3.293949e+02
  1.695820e+00   9.595882e+03   3.229272e+02
  1.698470e+00   1.032605e+04   3.371576e+02
  1.701110e+00   1.017022e+04   3.294456e+02
  1.703750e+00   9.684624e+03   3.259135e+02
  1.706400e+00   1.014595e+04   3.279721e+02
  1.709040e+00   9.467063e+03   3.196800e+02
  1.711680e+00   9.882065e+03   3.265126e+02
  1.714330e+00   9.866743e+03   3.237173e+02
  1.716970e+00   9.895215e+03   3.262356e+02
  1.719610e+00   1.032199e+04   3.327943e+02
  1.722260e+00   1.008307e+04   3.285242e+02
  1.724900e+00   9.914975e+03   3.237354e+02
  1.727540e+00   1.005975e+04   3.263814e+02
  1.730190e+00   9.770550e+03   3.230044e+02
  1.732830e+00   1.007775e+04   3.269653e+02
  1.735470e+00   9.984873e+03   3.258440e+02
  1.738120e+00   1.006477e+04   3.256883e+02
  1.740760e+00   1.003586e+04   3.256062e+02
  1.743400e+00   9.681493e+03   3.197111e+02
  1.746050e+00   9.896145e+03   3.229485e+02
  1.748690e+00   1.030825e+04   3.291171e+02
  1.751330e+00   9.504608e+03   3.147290e+02
  1.753980e+00   1.011581e+04   3.269977e+02
  1.756620e+00   9.509459e+03   3.147172e+02
  1.759260e+00   1.002835e+04   3.236636e+02
  1.761910e+00   1.032792e+04   3.280773e+02
  1.764550e+00   9.109085e+03   3.084725e+02
  1.767190e+00   9.267968e+03   3.120687e+02
  1.769840e+00   1.059166e+04   3.300239e+02
  1.772480e+00   9.772488e+03   3.185740e+02
  1.775120e+00   9.913989e+03   3.186477e+02
  1.777770e+00   1.025982e+04   3.250950e+02
  1.780410e+00   9.227070e+03   3.094660e+02
  1.783060e+00   9.886654e+03   3.171146e+02
  1.785700e+00   1.054368e+04   3.301354e+02
  1.788340e+00   1.050753e+04   3.285208e+02
  1.790990e+00   9.850508e+03   3.164439e+02
  1.793630e+00   9.152612e+03   3.071416e+02
  1.796270e+00   9.979686e+03   3.173356e+02
  1.798920e+00   1.002363e+04   3.221717e+02
  1.801560e+00   1.039945e+04   3.251417e+02
  1.804200e+00   9.662005e+03   3.133120e+02
  1.806850e+00   1.010302e+04   3.209329e+02
  1.809490e+00   9.412793e+03   3.091567e+02
  1.812130e+00   1.021949e+04   3.271180e+02
  1.814780e+00   9.956265e+03   3.172330e+02
  1.817420e+00   1.013776e+04   3.226886e+02
  1.820060e+00   1.044949e+04   3.279912e+02
  1.822710e+00   1.008196e+04   3.218921e+02
  1.825350e+00   9.925859e+03   3.206900e+02
  1.827990e+00   9.865109e+03   3.174047e+02
  1.830640e+00   1.014326e+04   3.255126e+02
  1.833280e+00   9.892357e+03   3.181168e+02
  1.835920e+00   1.063458e+04   3.318448e+02
  1.838570e+00   1.082054e+04   3.342476e+02
  1.841210e+00   9.786980e+03   3.158734e+02
  1.843850e+00   1.065293e+04   3.343769e+02
  1.846500e+00   9.724995e+03   3.156867e+02
  1.849140e+00   1.075884e+04   3.337778e+02
  1.851780e+00   9.743314e+03   3.184702e+02
  1.854430e+00   9.554585e+03   3.138138e+02
  1.857070e+00   9.434183e+03   3.142982e+02
  1.859710e+00   9.709119e+03   3.143443e+02
  1.862360e+00   9.956088e+03   3.218346e+02
  1.865000e+00   1.023952e+04   3.254333e+02
  1.867640e+00   1.002042e+04   3.224017e+02
  1.870290e+00   1.022944e+04   3.259370e+02
  1.872930e+00   1.012639e+04   3.210281e+02
  1.875570e+00   1.010431e+04   3.252694e+02
  1.878220e+00   9.665936e+03   3.162791e+02
  1.880860e+00   9.972643e+03   3.206986e+02
  1.883500e+00   1.015069e+04   3.259191e+02
  1.886150e+00   9.869725e+03   3.165716e+02
  1.888790e+00   9.776040e+03   3.202248e+02
  1.891430e+00   1.025041e+04   3.238226e+02
  1.894080e+00   9.655278e+03   3.171209e+02
  1.896720e+00   1.022814e+04   3.263930e+02
  1.899360e+00   9.637902e+03   3.153618e+02
  1.902010e+00   9.772934e+03   3.196091e+02
  1.904650e+00   1.034437e+04   3.243722e+02
  1.907290e+00   1.010315e+04   3.243926e+02
  1.909940e+00   9.810139e+03   3.176150e+02
  1.912580e+00   9.894898e+03   3.218811e+02
  1.915220e+00   1.011825e+04   3.238773e+02
  1.917870e+00   1.032631e+04   3.249259e+02
  1.920510e+00   9.963991e+03   3.215864e+02
  1.923150e+00   9.953611e+03   3.214189e+02
  1.925800e+00   9.745758e+03   3.170295e+02
  1.928440e+00   1.021309e+04   3.255814e+02
  1.931080e+00   1.016858e+04   3.231786e+02
  1.933730e+00   1.017907e+04   3.259910e+02
  1.936370e+00   9.776696e+03   3.175323e+02
  1.939020e+00   9.430901e+03   3.117760e+02
  1.941660e+00   1.021137e+04   3.247026e+02
  1.944300e+00   9.189883e+03   3.083923e+02
  1.946950e+00   9.894837e+03   3.210309e+02
  1.949590e+00   9.684004e+03   3.150207e+02
  1.952230e+00   9.917881e+03   3.209351e+02
  1.954880e+00   9.781339e+03   3.175157e+02
  1.957520e+00   9.812957e+03   3.190468e+02
  1.960160e+00   9.969355e+03   3.209249e+02
  1.962810e+00   9.531023e+03   3.127027e+02
  1.965450e+00   9.911055e+03   3.213880e+02
  1.968090e+00   9.705433e+03   3.155509e+02
  1.970740e+00   9.525125e+03   3.136933e+02
  1.973380e+00   9.778268e+03   3.169155e+02
  1.976020e+00   9.958630e+03   3.199173e+02
  1.978670e+00   9.966932e+03   3.228606e+02
  1.981310e+00   9.892404e+03   3.189439e+02
  1.983950e+00   9.578367e+03   3.149348e+02
  1.986600e+00   1.017295e+04   3.225041e+02
  1.989240e+00   1.006055e+04   3.228585e+02
  1.991880e+00   1.012877e+04   3.233867e+02
  1.994530e+00   1.053428e+04   3.264971e+02
  1.997170e+00   9.805360e+03   3.203272e+02
  1.999810e+00   9.990323e+03   3.183182e+02
  2.002460e+00   9.583909e+03   3.139314e+02
  2.005100e+00   1.015250e+04   3.221798e+02
  2.007740e+00   1.003089e+04   3.189638e+02
  2.010390e+00   9.983479e+03   3.217131e+02
  2.013030e+00   9.939611e+03   3.175092e+02
  2.015670e+00   1.030635e+04   3.234982e+02
  2.018320e+00   9.753794e+03   3.130141e+02
  2.020960e+00   9.943197e+03   3.181110e+02
  2.023600e+00   9.941100e+03   3.185334e+02
  2.026250e+00   9.939038e+03   3.158834e+02
  2.028890e+00   9.653262e+03   3.145203e+02
  2.031530e+00   9.659661e+03   3.117642e+02
  2.034180e+00   1.027519e+04   3.241206e+02
  2.036820e+00   9.942890e+03   3.172904e+02
  2.039460e+00   1.039081e+04   3.229828e+02
  2.042110e+00   1.003872e+04   3.201854e+02
  2.044750e+00   1.013245e+04   3.199367e+02
  2.047390e+00   1.031074e+04   3.252422e+02
  2.050040e+00   9.571454e+03   3.097250e+02
  2.052680e+00   9.782414e+03   3.140944e+02
  2.055320e+00   9.432628e+03   3.108157e+02
  2.057970e+00   9.644144e+03   3.114256e+02
  2.060610e+00   9.745934e+03   3.142215e+02
  2.063250e+00   9.353024e+03   3.068628e+02
  2.065900e+00   9.862990e+03   3.161930e+02
  2.068540e+00   9.843595e+03   3.168765e+02
  2.071180e+00   1.023691e+04   3.195915e+02
  2.073830e+00   9.436191e+03   3.104279e+02
  2.076470e+00   1.004687e+04   3.172345e+02
  2.079110e+00   1.009973e+04   3.218041e+02
  2.081760e+00   9.704482e+03   3.123983e+02
  2.084400e+00   9.751561e+03   3.116612e+02
  2.087040e+00   1.045321e+04   3.268225e+02
  2.089690e+00   1.048603e+04   3.254709e+02
  2.092330e+00   9.740619e+03   3.150341e+02
  2.094980e+00   9.526709e+03   3.090872e+02
  2.097620e+00   1.050125e+04   3.246946e+02
  2.100260e+00   1.002831e+04   3.185597e+02
  2.102910e+00   9.624856e+03   3.112901e+02
  2.105550e+00   9.775219e+03   3.163187e+02
  2.108190e+00   1.018064e+04   3.268805e+02
  2.110840e+00   9.965827e+03   3.300015e+02
  2.113480e+00   9.431177e+03   3.229173e+02
  2.116120e+00   9.886918e+03   3.291983e+02
  2.118770e+00   9.775401e+03   3.321816e+02
  2.121410e+00   9.842393e+03   3.312229e+02
  2.124050e+00   1.023415e+04   3.459774e+02
  2.126700e+00   1.018033e+04   3.410540e+02
  2.129340e+00   9.889728e+03   3.392149e+02
  2.131980e+00   9.859591e+03   3.416146e+02
  2.134630e+00   9.407767e+03   3.330313e+02
  2.137270e+00   1.002281e+04   3.495856e+02
  2.139910e+00   9.477730e+03   3.340461e+02
  2.142560e+00   9.672403e+03   3.441286e+02
  2.145200e+00   9.990735e+03   3.497457e+02
  2.147840e+00   1.016038e+04   3.533109e+02
  2.150490e+00   9.210185e+03   3.374351e+02
  2.153130e+00   9.422449e+03   3.380285e+02
  2.155770e+00   9.065145e+03   3.380729e+02
  2.158420e+00   9.471872e+03   3.465577e+02
  2.161060e+00   1.007438e+04   3.518125e+02
  2.163700e+00   1.000531e+04   3.456278e+02
  2.166350e+00   1.018221e+04   3.436329e+02
  2.168990e+00   1.042247e+04   3.499523e+02
  2.171630e+00   9.856397e+03   3.368847e+02
  2.174280e+00   9.745063e+03   3.334692e+02
  2.176920e+00   9.073875e+03   3.236544e+02
  2.179560e+00   1.001662e+04   3.351934e+02
  2.182210e+00   1.028582e+04   3.396678e+02
  2.184850e+00   9.657997e+03   3.280028e+02
  2.187490e+00   1.041468e+04   3.411440e+02
  2.190140e+00   9.876993e+03   3.339033e+02
  2.192780e+00   9.941401e+03   3.326763e+02
  2.195420e+00   1.008896e+04   3.324426e+02
  2.198070e+00   1.015308e+04   3.340120e+02
  2.200710e+00   9.713626e+03   3.278190e+02
  2.203350e+00   1.008878e+04   3.362925e+02
  2.206000e+00   9.404002e+03   3.208604e+02
  2.208640e+00   9.672486e+03   3.266167e+02
  2.211280e+00   9.741811e+03   3.283964e+02
  2.213930e+00   9.779487e+03   3.278091e+02
  2.216570e+00   9.658309e+03   3.268842e+02
  2.219210e+00   1.008491e+04   3.310535e+02
  2.221860e+00   9.143091e+03   3.175527e+02
  2.224500e+00   9.673452e+03   3.268356e+02
  2.227140e+00   9.820805e+03   3.290093e+02
  2.229790e+00   9.098470e+03   3.163848e+02
  2.232430e+00   1.038657e+04   3.375181e+02
  2.235070e+00   9.920211e+03   3.315961e+02
  2.237720e+00   1.038760e+04   3.395293e+02
  2.240360e+00   9.773928e+03   3.287328e+02
  2.243010e+00   9.320083e+03   3.208105e+02
  2.245650e+00   9.772836e+03   3.285103e+02
  2.248290e+00   1.051673e+04   3.412077e+02
  2.250940e+00   9.611008e+03   3.279234e+02
  2.253580e+00   9.758205e+03   3.265459e+02
  2.256220e+00   9.478303e+03   3.245309e+02
  2.258870e+00   9.918051e+03   3.330156e+02
  2.261510e+00   9.458468e+03   3.232838e+02
  2.264150e+00   9.853540e+03   3.314104e+02
  2.266800e+00   1.012125e+04   3.351481e+02
  2.269440e+00   9.997064e+03   3.336063e+02
  2.272080e+00   9.450520e+03   3.256864e+02
  2.274730e+00   9.280715e+03   3.198346e+02
  2.277370e+00   9.886979e+03   3.319723e+02
  2.280010e+00   9.559565e+03   3.254114e+02
  2.282660e+00   9.663086e+03   3.279865e+02
  2.285300e+00   1.047638e+04   3.409772e+02
  2.287940e+00   9.964093e+03   3.314008e+02
  2.290590e+00   9.857008e+03   3.330375e+02
  2.293230e+00   9.809063e+03   3.276978e+02
  2.295870e+00   9.834780e+03   3.317189e+02
  2.298520e+00   1.001578e+04   3.325684e+02
  2.301160e+00   9.775514e+03   3.300957e+02
  2.303800e+00   9.588788e+03   3.302554e+02
  2.306450e+00   1.011410e+04   3.325494e+02
  2.309090e+00   9.867031e+03   3.329962e+02
  2.311730e+00   9.532269e+03   3.250477e+02
  2.314380e+00   9.782756e+03   3.305287e+02
  2.317020e+00   1.035211e+04   3.412989e+02
  2.319660e+00   9.460829e+03   3.224242e+02
  2.322310e+00   9.783865e+03   3.328538e+02
  2.324950e+00   9.271560e+03   3.204720e+02
  2.327590e+00   8.995762e+03   3.174535e+02
  2.330240e+00   9.566999e+03   3.287260e+02
  2.332880e+00   9.784984e+03   3.289186e+02
  2.335520e+00   9.566898e+03   3.300893e+02
  2.338170e+00   1.017834e+04   3.363019e+02
  2.340810e+00   9.828906e+03   3.305819e+02
  2.343450e+00   9.395032e+03   3.249340e+02
  2.346100e+00   9.967219e+03   3.327958e+02
  2.348740e+00   9.994819e+03   3.357825e+02
  2.351380e+00   1.014674e+04   3.345280e+02
  2.354030e+00   9.446346e+03   3.243888e+02
  2.356670e+00   8.861202e+03   3.156672e+02
  2.359310e+00   9.889437e+03   3.314947e+02
  2.361960e+00   9.219407e+03   3.211733e+02
  2.364600e+00   1.008978e+04   3.341060e+02
  2.367240e+00   9.977211e+03   3.353803e+02
  2.369890e+00   1.026425e+04   3.380349e+02
  2.372530e+00   9.345314e+03   3.243806e+02
  2.375170e+00   9.276791e+03   3.227808e+02
  2.377820e+00   8.812014e+03   3.121375e+02
  2.380460e+00   9.318506e+03   3.244287e+02
  2.383100e+00   9.699560e+03   3.269721e+02
  2.385750e+00   9.517864e+03   3.268448e+02
  2.388390e+00   9.666239e+03   3.275280e+02
  2.391030e+00   9.514735e+03   3.259695e+02
  2.393680e+00   9.612540e+03   3.270253e+02
  2.396320e+00   9.356156e+03   3.205366e+02
  2.398970e+00   9.555065e+03   3.269676e+02
  2.401610e+00   9.770208e+03   3.269475e+02
  2.404250e+00   9.411563e+03   3.251170e+02
  2.406900e+00   9.742866e+03   3.286187e+02
  2.409540e+00   9.878380e+03   3.294624e+02
  2.412180e+00   9.504489e+03   3.275463e+02
  2.414830e+00   1.001984e+04   3.316082e+02
  2.417470e+00   9.776013e+03   3.312476e+02
  2.420110e+00   9.645379e+03   3.262598e+02
  2.422760e+00   9.953463e+03   3.321514e+02
  2.425400e+00   9.636182e+03   3.289738e+02
  2.428040e+00   1.004410e+04   3.331417e+02
  2.430690e+00   9.142019e+03   3.204276e+02
  2.433330e+00   9.175830e+03   3.179237e+02
  2.435970e+00   9.919544e+03   3.341979e+02
  2.438620e+00   9.574841e+03   3.280286e+02
  2.441260e+00   9.857449e+03   3.302370e+02
  2.443900e+00   9.891977e+03   3.328915e+02
  2.446550e+00   9.364838e+03   3.217796e+02
  2.449190e+00   9.624951e+03   3.287821e+02
  2.451830e+00   9.443179e+03   3.250476e+02
  2.454480e+00   9.528702e+03   3.254943e+02
  2.457120e+00   9.138402e+03   3.216870e+02
  2.459760e+00   9.951211e+03   3.326323e+02
  2.462410e+00   9.963230e+03   3.347212e+02
  2.465050e+00   9.877064e+03   3.320139e+02
  2.467690e+00   9.588631e+03   3.275414e+02
  2.470340e+00   9.454759e+03   3.269997e+02
  2.472980e+00   9.259254e+03   3.221707e+02
  2.475620e+00   1.000122e+04   3.343038e+02
  2.478270e+00   9.514735e+03   3.259695e+02
  2.480910e+00   9.977211e+03   3.353803e+02
  2.483550e+00   1.017694e+04   3.390430e+02
  2.486200e+00   9.905726e+03   3.335431e+02
  2.488840e+00   1.002866e+04   3.363505e+02
  2.491480e+00   9.688330e+03   3.290329e+02
  2.494130e+00   9.595682e+03   3.293230e+02
  2.496770e+00   9.604281e+03   3.288443e+02
  2.499410e+00   1.022497e+04   3.387683e+02
  2.502060e+00   9.777033e+03   3.335881e+02
  2.504700e+00   9.638512e+03   3.282890e+02
  2.507340e+00   9.673809e+03   3.304510e+02
  2.509990e+00   1.002357e+04   3.346771e+02
  2.512630e+00   1.021586e+04   3.403395e+02
  2.515270e+00   9.421500e+03   3.266317e+02
  2.517920e+00   9.779893e+03   3.331045e+02
  2.520560e+00   1.010763e+04   3.376721e+02
  2.523200e+00   9.344177e+03   3.239510e+02
  2.525850e+00   9.208340e+03   3.239483e+02
  2.528490e+00   9.348183e+03   3.254619e+02
  2.531130e+00   9.750653e+03   3.313407e+02
  2.533780e+00   8.934521e+03   3.178760e+02
  2.536420e+00   1.011226e+04   3.383938e+02
  2.539060e+00   9.433677e+03   3.288373e+02
  2.541710e+00   9.947990e+03   3.338327e+02
  2.544350e+00   1.003938e+04   3.372796e+02
  2.546990e+00   9.213426e+03   3.237268e+02
  2.549640e+00   9.448375e+03   3.283537e+02
  2.552280e+00   9.424873e+03   3.277349e+02
  2.554930e+00   1.015286e+04   3.369346e+02
  2.557570e+00   1.012829e+04   3.393106e+02
  2.560210e+00   9.195021e+03   3.226820e+02
  2.562860e+00   1.015252e+04   3.414661e+02
  2.565500e+00   9.875661e+03   3.355886e+02
  2.568140e+00   9.402253e+03   3.255734e+02
  2.570790e+00   9.297163e+03   3.268709e+02
  2.573430e+00   1.018332e+04   3.385052e+02
  2.576070e+00   9.981907e+03   3.370650e+02
  2.578720e+00   9.592355e+03   3.311649e+02
  2.581360e+00   9.384045e+03   3.267105e+02
  2.584000e+00   9.960027e+03   3.386511e+02
  2.586650e+00   9.603584e+03   3.299831e+02
  2.589290e+00   9.853028e+03   3.342411e+02
  2.591930e+00   1.000822e+04   3.371857e+02
  2.594580e+00   9.383039e+03   3.282710e+02
  2.597220e+00   9.460245e+03   3.303661e+02
  2.599860e+00   9.845756e+03   3.328473e+02
  2.602510e+00   9.423577e+03   3.290856e+02
  2.605150e+00   9.522145e+03   3.295274e+02
  2.607790e+00   9.494019e+03   3.291459e+02
  2.610440e+00   9.273202e+03   3.260284e+02
  2.613080e+00   1.015430e+04   3.394207e+02
  2.615720e+00   9.603281e+03   3.339388e+02
  2.618370e+00   9.550234e+03   3.299074e+02
  2.621010e+00   9.714957e+03   3.326338e+02
  2.623650e+00   9.980246e+03   3.385567e+02
  2.626300e+00   9.814709e+03   3.348736e+02
  2.628940e+00   9.446877e+03   3.313164e+02
  2.631580e+00   9.907277e+03   3.356953e+02
  2.634230e+00   1.012971e+04   3.403143e+02
  2.636870e+00   9.772388e+03   3.347965e+02
  2.639510e+00   1.014606e+04   3.404793e+02
  2.642160e+00   9.705674e+03   3.352769e+02
  2.644800e+00   9.546893e+03   3.290076e+02
  2.647440e+00   9.552313e+03   3.333780e+02
  2.650090e+00   9.342554e+03   3.274563e+02
  2.652730e+00   9.666907e+03   3.337387e+02
  2.655370e+00   9.259858e+03   3.249573e+02
  2.658020e+00   9.852677e+03   3.361690e+02
  2.660660e+00   9.557878e+03   3.319588e+02
  2.663300e+00   9.839989e+03   3.357361e+02
  2.665950e+00   9.497290e+03   3.332895e+02
  2.668590e+00   1.049178e+04   3.569375e+02
  2.671230e+00   9.714949e+03   3.487464e+02
  2.673880e+00   8.753951e+03   3.349606e+02
  2.676520e+00   9.659545e+03   3.508505e+02
  2.679160e+00   9.786412e+03   3.595128e+02
  2.681810e+00   9.582213e+03   3.558745e+02
  2.684450e+00   1.027530e+04   3.719909e+02
  2.687090e+00   9.383820e+03   3.569773e+02
  2.689740e+00   9.628261e+03   3.615969e+02
  2.692380e+00   1.035278e+04   3.818680e+02
  2.695020e+00   9.126248e+03   3.576859e+02
  2.697670e+00   9.570412e+03   3.689123e+02
  2.700310e+00   1.007998e+04   3.793649e+02
  2.702950e+00   9.582469e+03   3.704796e+02
  2.705600e+00   1.007307e+04   3.851536e+02
  2.708240e+00   1.001407e+04   3.815057e+02
  2.710890e+00   9.005847e+03   3.649353e+02
  2.713530e+00   1.037867e+04   3.934025e+02
  2.716170e+00   9.169096e+03   3.737045e+02
  2.718820e+00   9.549543e+03   3.835189e+02
  2.721460e+00   9.629382e+03   3.779863e+02
  2.724100e+00   1.042019e+04   3.854047e+02
  2.726750e+00   9.847466e+03   3.714042e+02
  2.729390e+00   9.822802e+03   3.702108e+02
  2.732030e+00   9.057402e+03   3.501794e+02
  2.734680e+00   9.844359e+03   3.641068e+02
  2.737320e+00   9.370853e+03   3.544382e+02
  2.739960e+00   9.562884e+03   3.556475e+02
  2.742610e+00   1.036752e+04   3.700327e+02
  2.745250e+00   9.514614e+03   3.504753e+02
  2.747890e+00   9.642742e+03   3.556779e+02
  2.750540e+00   9.647636e+03   3.553753e+02
  2.753180e+00   9.528480e+03   3.474679e+02
  2.755820e+00   9.803909e+03   3.568008e+02
  2.758470e+00   9.763509e+03   3.518525e+02
  2.761110e+00   1.007145e+04   3.608471e+02
  2.763750e+00   1.001723e+04   3.584445e+02
  2.766400e+00   9.807723e+03   3.513981e+02
  2.769040e+00   9.605517e+03   3.491185e+02
  2.771680e+00   9.239217e+03   3.401003e+02
  2.774330e+00   1.012556e+04   3.593428e+02
  2.776970e+00   9.491281e+03   3.451946e+02
  2.779610e+00   9.413757e+03   3.430564e+02
  2.782260e+00   9.334902e+03   3.450279e+02
  2.784900e+00   9.285447e+03   3.392828e+02
  2.787540e+00   9.482041e+03   3.460046e+02
  2.790190e+00   9.623828e+03   3.448094e+02
  2.792830e+00   9.844150e+03   3.518012e+02
  2.795470e+00   9.133981e+03   3.389938e+02
  2.798120e+00   9.611474e+03   3.445880e+02
  2.800760e+00   9.649168e+03   3.468322e+02
  2.803400e+00   9.178687e+03   3.365070e+02
  2.806050e+00   9.592580e+03   3.456926e+02
  2.808690e+00   9.478111e+03   3.411247e+02
  2.811330e+00   9.182661e+03   3.353034e+02
  2.813980e+00   9.291922e+03   3.395194e+02
  2.816620e+00   9.995405e+03   3.486298e+02
  2.819260e+00   8.882480e+03   3.326515e+02
  2.821910e+00   1.017435e+04   3.520978e+02
  2.824550e+00   9.734542e+03   3.441680e+02
  2.827190e+00   9.876362e+03   3.502785e+02
  2.829840e+00   8.822227e+03   3.269735e+02
  2.832480e+00   9.621809e+03   3.442954e+02
  2.835120e+00   9.028059e+03   3.305407e+02
  2.837770e+00   9.649994e+03   3.442039e+02
  2.840410e+00   9.091783e+03   3.344466e+02
  2.843050e+00   9.625028e+03   3.422266e+02
  2.845700e+00   9.981483e+03   3.500659e+02
  2.848340e+00   9.153546e+03   3.318158e+02
  2.850980e+00   9.683408e+03   3.453957e+02
  2.853630e+00   9.845355e+03   3.463584e+02
  2.856270e+00   9.494392e+03   3.390854e+02
  2.858910e+00   9.372893e+03   3.411145e+02
  2.861560e+00   9.290674e+03   3.363450e+02
  2.864200e+00   9.304328e+03   3.397460e+02
  2.866850e+00   9.205864e+03   3.350357e+02
  2.869490e+00   9.540734e+03   3.409580e+02
  2.872130e+00   1.013223e+04   3.531872e+02
  2.874780e+00   9.245325e+03   3.371423e+02
  2.877420e+00   9.496113e+03   3.413307e+02
  2.880060e+00   9.113367e+03   3.325515e+02
  2.882710e+00   9.606289e+03   3.417764e+02
  2.885350e+00   9.735015e+03   3.467955e+02
  2.887990e+00   9.303970e+03   3.370473e+02
  2.890640e+00   9.320267e+03   3.389748e+02
  2.893280e+00   9.206291e+03   3.352733e+02
  2.895920e+00   9.248783e+03   3.359309e+02
  2.898570e+00   9.029339e+03   3.321496e+02
  2.901210e+00   9.636182e+03   3.421909e+02
  2.903850e+00   1.007764e+04   3.523566e+02
  2.906500e+00   9.836040e+03   3.456032e+02
  2.909140e+00   9.511172e+03   3.441021e+02
  2.911780e+00   9.935387e+03   3.456963e+02
  2.914430e+00   9.715820e+03   3.450189e+02
  2.917070e+00   8.834263e+03   3.274196e+02
  2.919710e+00   9.647916e+03   3.436928e+02
  2.922360e+00   9.862844e+03   3.476196e+02
  2.925000e+00   9.232873e+03   3.338152e+02
  2.927640e+00   9.023672e+03   3.326170e+02
  2.930290e+00   9.650398e+03   3.429120e+02
  2.932930e+00   9.320824e+03   3.367750e+02
  2.935570e+00   1.010093e+04   3.516691e+02
  2.938220e+00   9.371344e+03   3.361951e+02
  2.940860e+00   9.694552e+03   3.466765e+02
  2.943500e+00   9.379016e+03   3.369042e+02
  2.946150e+00   9.550870e+03   3.421954e+02
  2.948790e+00   9.245894e+03   3.345047e+02
  2.951430e+00   9.059546e+03   3.323625e+02
  2.954080e+00   9.290818e+03   3.390268e+02
  2.956720e+00   9.748371e+03   3.423116e+02
  2.959360e+00   9.421048e+03   3.395110e+02
  2.962010e+00   9.391794e+03   3.373632e+02
  2.964650e+00   9.671334e+03   3.438731e+02
  2.967290e+00   9.041356e+03   3.321425e+02
  2.969940e+00   9.094484e+03   3.316417e+02
  2.972580e+00   9.084452e+03   3.332762e+02
  2.975220e+00   9.183455e+03   3.357804e+02
  2.977870e+00   9.527683e+03   3.404916e+02
  2.980510e+00   9.210447e+03   3.343180e+02
  2.983150e+00   8.900976e+03   3.278717e+02
  2.985800e+00   9.732468e+03   3.449582e+02
  2.988440e+00   9.210878e+03   3.345541e+02
  2.991080e+00   8.839917e+03   3.287601e+02
  2.993730e+00   9.205438e+03   3.347986e+02
  2.996370e+00   9.045904e+03   3.305301e+02
  2.999010e+00   9.078717e+03   3.335150e+02
  3.001660e+00   9.498501e+03   3.403191e+02
  3.004300e+00   9.143874e+03   3.332213e+02
  3.006940e+00   9.249756e+03   3.364104e+02
  3.009590e+00   9.165941e+03   3.322651e+02
  3.012230e+00   8.803237e+03   3.280773e+02
  3.014870e+00   9.271122e+03   3.354174e+02
  3.017520e+00   9.200395e+03   3.352810e+02
  3.020160e+00   9.368848e+03   3.374108e+02
  3.022810e+00   9.732251e+03   3.436577e+02
  3.025450e+00   9.716852e+03   3.439728e+02
  3.028090e+00   9.367500e+03   3.347671e+02
  3.030740e+00   9.331201e+03   3.362732e+02
  3.033380e+00   9.105433e+03   3.309426e+02
  3.036020e+00   9.354812e+03   3.364692e+02
  3.038670e+00   8.985272e+03   3.289742e+02
  3.041310e+00   8.979193e+03   3.287516e+02
  3.043950e+00   9.348452e+03   3.362405e+02
  3.046600e+00   9.401537e+03   3.328108e+02
  3.049240e+00   9.153546e+03   3.318158e+02
  3.051880e+00   9.531148e+03   3.382478e+02
  3.054530e+00   9.334565e+03   3.353075e+02
  3.057170e+00   9.731827e+03   3.411004e+02
  3.059810e+00   9.550976e+03   3.360022e+02
  3.062460e+00   9.229244e+03   3.319528e+02
  3.065100e+00   9.660093e+03   3.398409e+02
  3.067740e+00   9.235442e+03   3.321758e+02
  3.070390e+00   9.043285e+03   3.276037e+02
  3.073030e+00   9.660093e+03   3.398409e+02
  3.075670e+00   9.577322e+03   3.386095e+02
  3.078320e+00   9.193425e+03   3.313080e+02
  3.080960e+00   9.667893e+03   3.390678e+02
  3.083600e+00   9.613900e+03   3.380067e+02
  3.086250e+00   9.722095e+03   3.413889e+02
  3.088890e+00   9.458363e+03   3.367267e+02
  3.091530e+00   9.060755e+03   3.275923e+02
  3.094180e+00   9.294643e+03   3.330151e+02
  3.096820e+00   9.545205e+03   3.374739e+02
  3.099460e+00   9.224380e+03   3.324236e+02
  3.102110e+00   9.422400e+03   3.360859e+02
  3.104750e+00   8.984304e+03   3.271890e+02
  3.107390e+00   9.618735e+03   3.392266e+02
  3.110040e+00   9.444155e+03   3.357955e+02
  3.112680e+00   9.043088e+03   3.273818e+02
  3.115320e+00   9.395054e+03   3.344728e+02
  3.117970e+00   9.319075e+03   3.336764e+02
  3.120610e+00   9.560708e+03   3.386577e+02
  3.123250e+00   9.481548e+03   3.369122e+02
  3.125900e+00   9.357474e+03   3.331349e+02
  3.128540e+00   9.755738e+03   3.415191e+02
  3.131180e+00   9.301427e+03   3.334723e+02
  3.133830e+00   9.547832e+03   3.382016e+02
  3.136470e+00   9.749186e+03   3.412898e+02
  3.139110e+00   1.015883e+04   3.480358e+02
  3.141760e+00   9.794021e+03   3.426494e+02
  3.144400e+00   8.877064e+03   3.252305e+02
  3.147040e+00   9.580999e+03   3.381061e+02
  3.149690e+00   9.358711e+03   3.336020e+02
  3.152330e+00   9.779649e+03   3.419374e+02
  3.154970e+00   9.178754e+03   3.329484e+02
  3.157620e+00   9.512476e+03   3.361068e+02
  3.160260e+00   9.411878e+03   3.344365e+02
  3.162900e+00   9.427318e+03   3.358343e+02
  3.165550e+00   9.603171e+03   3.395234e+02
  3.168190e+00   8.810910e+03   3.252166e+02
  3.170830e+00   9.593741e+03   3.370897e+02
  3.173480e+00   9.607730e+03   3.392608e+02
  3.176120e+00   9.402708e+03   3.351703e+02
  3.178770e+00   9.437821e+03   3.355703e+02
  3.181410e+00   9.288941e+03   3.330247e+02
  3.184050e+00   9.043483e+03   3.278260e+02
  3.186700e+00   8.871026e+03   3.256656e+02
  3.189340e+00   9.515792e+03   3.370667e+02
  3.191980e+00   8.883218e+03   3.226530e+02
  3.194630e+00   9.889884e+03   3.432829e+02
  3.197270e+00   9.330272e+03   3.313277e+02
  3.199910e+00   8.966097e+03   3.260938e+02
  3.202560e+00   9.314566e+03   3.318177e+02
  3.205200e+00   8.865542e+03   3.228640e+02
  3.207840e+00   9.018560e+03   3.258538e+02
  3.210490e+00   9.442409e+03   3.334230e+02
  3.213130e+00   8.871530e+03   3.222285e+02
  3.215770e+00   9.495710e+03   3.328245e+02
  3.218420e+00   9.754606e+03   3.377744e+02
  3.221060e+00   9.317946e+03   3.308900e+02
  3.223700e+00   9.342884e+03   3.297032e+02
  3.226350e+00   8.995412e+03   3.260834e+02
  3.228990e+00   9.453617e+03   3.445090e+02
  3.231630e+00   9.993876e+03   3.594547e+02
  3.234280e+00   9.539306e+03   3.560037e+02
  3.236920e+00   9.274153e+03   3.512836e+02
  3.239560e+00   1.010103e+04   3.720762e+02
  3.242210e+00   9.339684e+03   3.602861e+02
  3.244850e+00   8.852446e+03   3.540978e+02
  3.247490e+00   9.524161e+03   3.690538e+02
  3.250140e+00   9.639193e+03   3.732310e+02
  3.252780e+00   9.264329e+03   3.699816e+02
  3.255420e+00   9.879947e+03   3.839951e+02
  3.258070e+00   9.007153e+03   3.671041e+02
  3.260710e+00   9.463974e+03   3.764567e+02
  3.263350e+00   8.864052e+03   3.699784e+02
  3.266000e+00   9.713490e+03   3.891628e+02
  3.268640e+00   8.249464e+03   3.603795e+02
  3.271280e+00   9.131086e+03   3.791477e+02
  3.273930e+00   8.584371e+03   3.697550e+02
  3.276570e+00   9.342533e+03   3.899498e+02
  3.279210e+00   9.051858e+03   3.866762e+02
  3.281860e+00   9.109945e+03   3.809059e+02
  3.284500e+00   9.407372e+03   3.793418e+02
  3.287140e+00   9.132532e+03   3.682592e+02
  3.289790e+00   9.174283e+03   3.672652e+02
  3.292430e+00   9.031121e+03   3.598085e+02
  3.295070e+00   8.752162e+03   3.534965e+02
  3.297720e+00   9.249600e+03   3.622423e+02
  3.300360e+00   9.318506e+03   3.627224e+02
  3.303000e+00   8.776894e+03   3.491261e+02
  3.305650e+00   9.754850e+03   3.663511e+02
  3.308290e+00   9.687283e+03   3.653628e+02
  3.310930e+00   8.991772e+03   3.526863e+02
  3.313580e+00   9.761553e+03   3.679024e+02
  3.316220e+00   8.942944e+03   3.502327e+02
  3.318860e+00   8.949929e+03   3.507754e+02
  3.321510e+00   9.036986e+03   3.496515e+02
  3.324150e+00   9.167370e+03   3.533762e+02
  3.326800e+00   8.935186e+03   3.462314e+02
  3.329440e+00   8.440353e+03   3.384273e+02
  3.332080e+00   9.944987e+03   3.670762e+02
  3.334730e+00   9.056909e+03   3.496381e+02
  3.337370e+00   9.669572e+03   3.593668e+02
  3.340010e+00   8.610986e+03   3.372322e+02
  3.342660e+00   9.201200e+03   3.500302e+02
  3.345300e+00   8.868306e+03   3.436399e+02
  3.347940e+00   1.033344e+04   3.692869e+02
  3.350590e+00   9.747697e+03   3.576083e+02
  3.353230e+00   9.243372e+03   3.486204e+02
  3.355870e+00   9.236545e+03   3.483629e+02
  3.358520e+00   9.653623e+03   3.553548e+02
  3.361160e+00   8.647856e+03   3.353495e+02
  3.363800e+00   8.592299e+03   3.362426e+02
  3.366450e+00   9.058568e+03   3.443551e+02
  3.369090e+00   8.737968e+03   3.380821e+02
  3.371730e+00   8.920645e+03   3.386231e+02
  3.374380e+00   8.817252e+03   3.378778e+02
  3.377020e+00   8.718477e+03   3.375808e+02
  3.379660e+00   8.934296e+03   3.423630e+02
  3.382310e+00   9.406736e+03   3.491167e+02
  3.384950e+00   9.145771e+03   3.429932e+02
  3.387590e+00   8.849785e+03   3.378864e+02
  3.390240e+00   9.311075e+03   3.479712e+02
  3.392880e+00   9.392330e+03   3.483423e+02
  3.395520e+00   9.211921e+03   3.452313e+02
  3.398170e+00   9.174734e+03   3.455405e+02
  3.400810e+00   8.524044e+03   3.330620e+02
  3.403450e+00   9.233049e+03   3.465102e+02
  3.406100e+00   9.561417e+03   3.500683e+02
  3.408740e+00   9.122346e+03   3.443008e+02
  3.411380e+00   9.277167e+03   3.467040e+02
  3.414030e+00   9.231573e+03   3.457251e+02
  3.416670e+00   9.601091e+03   3.527049e+02
  3.419310e+00   9.010958e+03   3.408257e+02
  3.421960e+00   9.252817e+03   3.470078e+02
  3.424600e+00   8.823466e+03   3.386136e+02
  3.427240e+00   8.920645e+03   3.386231e+02
  3.429890e+00   9.087747e+03   3.417799e+02
  3.432530e+00   9.903244e+03   3.566566e+02
  3.435170e+00   9.063255e+03   3.425588e+02
  3.437820e+00   9.316075e+03   3.448034e+02
  3.440460e+00   8.907699e+03   3.371614e+02
  3.443100e+00   9.048519e+03   3.403046e+02
  3.445750e+00   9.130523e+03   3.409856e+02
  3.448390e+00   8.562655e+03   3.308042e+02
  3.451030e+00   9.128848e+03   3.397406e+02
  3.453680e+00   9.046771e+03   3.383301e+02
  3.456320e+00   9.221064e+03   3.434104e+02
  3.458960e+00   9.398187e+03   3.438617e+02
  3.461610e+00   9.095387e+03   3.375615e+02
  3.464250e+00   9.173300e+03   3.406878e+02
  3.466890e+00   9.510548e+03   3.456667e+02
  3.469540e+00   9.999703e+03   3.553240e+02
  3.472180e+00   9.656300e+03   3.457510e+02
  3.474820e+00   9.094824e+03   3.370766e+02
  3.477470e+00   9.477904e+03   3.447080e+02
  3.480110e+00   9.272375e+03   3.415523e+02
  3.482760e+00   8.932469e+03   3.342892e+02
  3.485400e+00   9.513501e+03   3.430656e+02
  3.488040e+00   9.112798e+03   3.368187e+02
  3.490690e+00   8.863417e+03   3.342901e+02
  3.493330e+00   9.453197e+03   3.424532e+02
  3.495970e+00   9.074446e+03   3.351723e+02
  3.498620e+00   8.963600e+03   3.345186e+02
  3.501260e+00   9.000904e+03   3.349790e+02
  3.503900e+00   9.062766e+03   3.356580e+02
  3.506550e+00   9.688907e+03   3.466963e+02
  3.509190e+00   9.082594e+03   3.370867e+02
  3.511830e+00   9.450481e+03   3.434836e+02
  3.514480e+00   9.410856e+03   3.420434e+02
  3.517120e+00   9.551528e+03   3.439899e+02
  3.519760e+00   8.932000e+03   3.321846e+02
  3.522410e+00   9.342794e+03   3.409234e+02
  3.525050e+00   9.648746e+03   3.481691e+02
  3.527690e+00   9.420351e+03   3.412633e+02
  3.530340e+00   8.671009e+03   3.284379e+02
  3.532980e+00   9.150146e+03   3.375082e+02
  3.535620e+00   8.982021e+03   3.342762e+02
  3.538270e+00   8.589505e+03   3.272341e+02
  3.540910e+00   9.152584e+03   3.350999e+02
  3.543550e+00   9.400544e+03   3.425749e+02
  3.546200e+00   9.385993e+03   3.415912e+02
  3.548840e+00   9.322638e+03   3.399616e+02
  3.551480e+00   9.524996e+03   3.430343e+02
  3.554130e+00   9.111585e+03   3.358575e+02
  3.556770e+00   8.907430e+03   3.335859e+02
  3.559410e+00   8.894937e+03   3.326518e+02
  3.562060e+00   8.667178e+03   3.266566e+02
  3.564700e+00   9.527632e+03   3.437988e+02
  3.567340e+00   9.165599e+03   3.358016e+02
  3.569990e+00   8.500581e+03   3.262223e+02
  3.572630e+00   9.221188e+03   3.369349e+02
  3.575270e+00   9.037504e+03   3.347224e+02
  3.577920e+00   8.677077e+03   3.286677e+02
  3.580560e+00   8.614831e+03   3.274867e+02
  3.583200e+00   9.042571e+03   3.335403e+02
  3.585850e+00   8.876496e+03   3.303490e+02
  3.588490e+00   8.844966e+03   3.324142e+02
  3.591130e+00   8.925974e+03   3.328826e+02
  3.593780e+00   9.741780e+03   3.470365e+02
  3.596420e+00   8.685209e+03   3.273361e+02
  3.599060e+00   9.310241e+03   3.397355e+02
  3.601710e+00   8.741046e+03   3.280456e+02
  3.604350e+00   8.950647e+03   3.328781e+02
  3.606990e+00   8.678290e+03   3.277745e+02
  3.609640e+00   8.932207e+03   3.331151e+02
  3.612280e+00   8.721499e+03   3.287038e+02
  3.614920e+00   8.833167e+03   3.303417e+02
  3.617570e+00   9.265046e+03   3.380863e+02
  3.620210e+00   9.155096e+03   3.367756e+02
  3.622850e+00   9.405152e+03   3.400440e+02
  3.625500e+00   8.950492e+03   3.324129e+02
  3.628140e+00   9.123329e+03   3.356071e+02
  3.630780e+00   8.437201e+03   3.230771e+02
  3.633430e+00   9.344301e+03   3.391766e+02
  3.636070e+00   9.474774e+03   3.418915e+02
  3.638720e+00   8.609206e+03   3.270367e+02
  3.641360e+00   9.124284e+03   3.363256e+02
  3.644000e+00   8.975631e+03   3.338073e+02
  3.646650e+00   8.772249e+03   3.280635e+02
  3.649290e+00   8.734557e+03   3.282648e+02
  3.651930e+00   8.438470e+03   3.226530e+02
  3.654580e+00   9.135008e+03   3.353567e+02
  3.657220e+00   9.124925e+03   3.368071e+02
  3.659860e+00   8.510894e+03   3.247109e+02
  3.662510e+00   8.919509e+03   3.310340e+02
  3.665150e+00   8.925462e+03   3.301201e+02
  3.667790e+00   9.257620e+03   3.373664e+02
  3.670440e+00   9.061140e+03   3.339981e+02
  3.673080e+00   8.470784e+03   3.227112e+02
  3.675720e+00   9.691408e+03   3.432873e+02
  3.678370e+00   9.243399e+03   3.361792e+02
  3.681010e+00   8.925254e+03   3.289892e+02
  3.683650e+00   8.821728e+03   3.280836e+02
  3.686300e+00   8.774246e+03   3.254188e+02
  3.688940e+00   9.674768e+03   3.433447e+02
  3.691580e+00   8.840143e+03   3.280885e+02
  3.694230e+00   8.750695e+03   3.243223e+02
  3.696870e+00   8.823108e+03   3.250033e+02
  3.699510e+00   8.870897e+03   3.265422e+02
  3.702160e+00   9.444455e+03   3.377330e+02
  3.704800e+00   9.034015e+03   3.305373e+02
  3.707440e+00   8.627911e+03   3.199915e+02
  3.710090e+00   8.829049e+03   3.252222e+02
  3.712730e+00   9.685066e+03   3.405088e+02
  3.715370e+00   8.156195e+03   3.130060e+02
  3.718020e+00   8.834918e+03   3.256594e+02
  3.720660e+00   8.835400e+03   3.243577e+02
  3.723300e+00   9.111887e+03   3.313961e+02
  3.725950e+00   9.135341e+03   3.313737e+02
  3.728590e+00   8.716801e+03   3.217430e+02
  3.731230e+00   8.924766e+03   3.263218e+02
  3.733880e+00   9.049943e+03   3.284921e+02
  3.736520e+00   8.311564e+03   3.161868e+02
  3.739160e+00   9.237744e+03   3.333384e+02
  3.741810e+00   9.240256e+03   3.317059e+02
  3.744450e+00   8.744989e+03   3.238885e+02
  3.747090e+00   9.020724e+03   3.287335e+02
  3.749740e+00   8.936923e+03   3.274235e+02
  3.752380e+00   8.680314e+03   3.217139e+02
  3.755020e+00   9.241649e+03   3.323990e+02
  3.757670e+00   9.039767e+03   3.303059e+02
  3.760310e+00   8.769150e+03   3.241171e+02
  3.762950e+00   9.161608e+03   3.295201e+02
  3.765600e+00   9.014654e+03   3.285123e+02
  3.768240e+00   9.244942e+03   3.340333e+02
  3.770880e+00   9.106578e+03   3.318621e+02
  3.773530e+00   8.680314e+03   3.217139e+02
  3.776170e+00   8.918626e+03   3.250128e+02
  3.778810e+00   8.541059e+03   3.200897e+02
  3.781460e+00   8.356213e+03   3.162873e+02
  3.784100e+00   9.038791e+03   3.291733e+02
  3.786740e+00   8.468468e+03   3.212273e+02
  3.789390e+00   8.366331e+03   3.304502e+02
  3.792030e+00   8.706542e+03   3.422895e+02
  3.794680e+00   8.648994e+03   3.437667e+02
  3.797320e+00   8.832444e+03   3.502292e+02
  3.799960e+00   8.651044e+03   3.522977e+02
  3.802610e+00   9.400915e+03   3.713138e+02
  3.805250e+00   8.510821e+03   3.580529e+02
  3.807890e+00   9.140983e+03   3.692008e+02
  3.810540e+00   7.937021e+03   3.473940e+02
  3.813180e+00   8.786463e+03   3.689967e+02
  3.815820e+00   8.879332e+03   3.722410e+02
  3.818470e+00   8.481219e+03   3.673624e+02
  3.821110e+00   8.449395e+03   3.666725e+02
  3.823750e+00   9.066781e+03   3.852106e+02
  3.826400e+00   8.812117e+03   3.820537e+02
  3.829040e+00   9.313720e+03   3.949897e+02
  3.831680e+00   9.004751e+03   3.900391e+02
  3.834330e+00   9.565929e+03   4.056857e+02
  3.836970e+00   8.468050e+03   3.841186e+02
  3.839610e+00   9.141530e+03   4.012686e+02
  3.842260e+00   8.409759e+03   3.783729e+02
  3.844900e+00   8.902987e+03   3.785935e+02
  3.847540e+00   9.084865e+03   3.791949e+02
  3.850190e+00   8.841029e+03   3.690174e+02
  3.852830e+00   8.544022e+03   3.610508e+02
  3.855470e+00   8.300939e+03   3.533114e+02
  3.858120e+00   8.612322e+03   3.579159e+02
  3.860760e+00   9.475202e+03   3.730857e+02
  3.863400e+00   8.605671e+03   3.527981e+02
  3.866050e+00   9.315057e+03   3.673500e+02
  3.868690e+00   9.129015e+03   3.654531e+02
  3.871330e+00   8.873083e+03   3.595555e+02
  3.873980e+00   9.109791e+03   3.612267e+02
  3.876620e+00   8.909215e+03   3.566540e+02
  3.879260e+00   8.617637e+03   3.500676e+02
  3.881910e+00   8.438787e+03   3.468320e+02
  3.884550e+00   8.697272e+03   3.504231e+02
  3.887190e+00   8.477987e+03   3.432637e+02
  3.889840e+00   8.950531e+03   3.527003e+02
  3.892480e+00   8.066217e+03   3.337824e+02
  3.895120e+00   8.598669e+03   3.442223e+02
  3.897770e+00   9.613928e+03   3.628543e+02
  3.900410e+00   8.854197e+03   3.467571e+02
  3.903050e+00   9.203551e+03   3.552992e+02
  3.905700e+00   8.286621e+03   3.346935e+02
  3.908340e+00   9.009407e+03   3.483238e+02
  3.910980e+00   8.894937e+03   3.446718e+02
  3.913630e+00   8.155932e+03   3.310391e+02
  3.916270e+00   9.481710e+03   3.555919e+02
  3.918910e+00   8.251530e+03   3.308562e+02
  3.921560e+00   9.285124e+03   3.504444e+02
  3.924200e+00   8.466345e+03   3.341400e+02
  3.926840e+00   9.052836e+03   3.451361e+02
  3.929490e+00   8.356248e+03   3.313468e+02
  3.932130e+00   8.410235e+03   3.319255e+02
  3.934770e+00   9.065238e+03   3.446086e+02
  3.937420e+00   8.677988e+03   3.377902e+02
  3.940060e+00   8.592746e+03   3.360030e+02
  3.942700e+00   8.784320e+03   3.381086e+02
  3.945350e+00   8.934529e+03   3.433818e+02
  3.947990e+00   8.776863e+03   3.393331e+02
  3.950640e+00   9.007364e+03   3.451629e+02
  3.953280e+00   8.940553e+03   3.413519e+02
  3.955920e+00   8.619836e+03   3.360362e+02
  3.958570e+00   8.183603e+03   3.268216e+02
  3.961210e+00   8.711537e+03   3.378189e+02
  3.963850e+00   8.491804e+03   3.323100e+02
  3.966500e+00   8.738886e+03   3.371098e+02
  3.969140e+00   8.528136e+03   3.342440e+02
  3.971780e+00   8.959864e+03   3.410962e+02
  3.974430e+00   8.482419e+03   3.306791e+02
  3.977070e+00   8.823362e+03   3.388592e+02
  3.979710e+00   8.510468e+03   3.330403e+02
  3.982360e+00   8.724887e+03   3.378290e+02
  3.985000e+00   8.557812e+03   3.331124e+02
  3.987640e+00   9.049857e+03   3.418084e+02
  3.990290e+00   8.449222e+03   3.303907e+02
  3.992930e+00   8.499751e+03   3.318595e+02
  3.995570e+00   9.380116e+03   3.483688e+02
  3.998220e+00   8.984656e+03   3.393458e+02
  4.000860e+00   8.739567e+03   3.363861e+02
  4.003500e+00   9.180614e+03   3.452725e+02
  4.006150e+00   8.836716e+03   3.381275e+02
  4.008790e+00   8.355850e+03   3.274916e+02
  4.011430e+00   8.498185e+03   3.297935e+02
  4.014080e+00   8.894937e+03   3.391163e+02
  4.016720e+00   9.043725e+03   3.420651e+02
  4.019360e+00   8.542218e+03   3.310042e+02
  4.022010e+00   9.183943e+03   3.434600e+02
  4.024650e+00   8.277055e+03   3.264152e+02
  4.027290e+00   8.269260e+03   3.266161e+02
  4.029940e+00   8.244088e+03   3.243593e+02
  4.032580e+00   8.287447e+03   3.255617e+02
  4.035220e+00   8.914204e+03   3.383786e+02
  4.037870e+00   8.457903e+03   3.297234e+02
  4.040510e+00   8.600148e+03   3.320050e+02
  4.043150e+00   8.926728e+03   3.369176e+02
  4.045800e+00   9.273855e+03   3.451372e+02
  4.048440e+00   9.121025e+03   3.432743e+02
  4.051080e+00   8.952324e+03   3.378837e+02
  4.053730e+00   8.532528e+03   3.293946e+02
  4.056370e+00   8.082819e+03   3.215173e+02
  4.059010e+00   8.894937e+03   3.374042e+02
  4.061660e+00   8.740690e+03   3.351902e+02
  4.064300e+00   8.671447e+03   3.327796e+02
  4.066940e+00   8.574515e+03   3.315099e+02
  4.069590e+00   8.600573e+03   3.317743e+02
  4.072230e+00   8.115125e+03   3.207785e+02
  4.074870e+00   8.977592e+03   3.378761e+02
  4.077520e+00   8.583837e+03   3.301476e+02
  4.080160e+00   8.722282e+03   3.339935e+02
  4.082800e+00   8.862872e+03   3.371595e+02
  4.085450e+00   8.792990e+03   3.347434e+02
  4.088090e+00   9.021466e+03   3.378565e+02
  4.090730e+00   8.888570e+03   3.364373e+02
  4.093380e+00   8.657995e+03   3.329998e+02
  4.096020e+00   8.933168e+03   3.374011e+02
  4.098660e+00   8.939317e+03   3.366742e+02
  4.101310e+00   8.901296e+03   3.364373e+02
  4.103950e+00   8.724003e+03   3.323580e+02
  4.106600e+00   8.958838e+03   3.383706e+02
  4.109240e+00   8.579961e+03   3.287848e+02
  4.111880e+00   8.640068e+03   3.318198e+02
  4.114530e+00   8.997031e+03   3.388478e+02
  4.117170e+00   8.703511e+03   3.332747e+02
  4.119810e+00   8.876052e+03   3.342915e+02
  4.122460e+00   8.661027e+03   3.309208e+02
  4.125100e+00   8.297706e+03   3.247143e+02
  4.127740e+00   8.997473e+03   3.395877e+02
  4.130390e+00   8.724003e+03   3.323580e+02
  4.133030e+00   8.668154e+03   3.304703e+02
  4.135670e+00   8.367218e+03   3.261881e+02
  4.138320e+00   8.459344e+03   3.268130e+02
  4.140960e+00   8.628470e+03   3.308867e+02
  4.143600e+00   8.301942e+03   3.236434e+02
  4.146250e+00   8.489470e+03   3.279768e+02
  4.148890e+00   8.512634e+03   3.293637e+02
  4.151530e+00   8.469555e+03   3.279425e+02
  4.154180e+00   8.775669e+03   3.319263e+02
  4.156820e+00   8.275830e+03   3.233634e+02
  4.159460e+00   8.964578e+03   3.369095e+02
  4.162110e+00   8.181303e+03   3.228903e+02
  4.164750e+00   8.428111e+03   3.260934e+02
  4.167390e+00   8.756739e+03   3.316852e+02
  4.170040e+00   8.324508e+03   3.230536e+02
  4.172680e+00   8.591701e+03   3.294767e+02
  4.175320e+00   8.463630e+03   3.252837e+02
  4.177970e+00   8.270293e+03   3.214341e+02
  4.180610e+00   8.838680e+03   3.324128e+02
  4.183250e+00   8.509821e+03   3.251436e+02
  4.185900e+00   9.136345e+03   3.363135e+02
  4.188540e+00   7.918965e+03   3.127803e+02
  4.191180e+00   8.808097e+03   3.305620e+02
  4.193830e+00   8.288746e+03   3.202222e+02
  4.196470e+00   8.521723e+03   3.255983e+02
  4.199110e+00   8.630610e+03   3.257414e+02
  4.201760e+00   8.497569e+03   3.223312e+02
  4.204400e+00   8.699444e+03   3.260255e+02
  4.207040e+00   8.496474e+03   3.227543e+02
  4.209690e+00   8.415279e+03   3.196700e+02
  4.212330e+00   8.497022e+03   3.225425e+02
  4.214970e+00   8.474848e+03   3.212383e+02
  4.217620e+00   8.583156e+03   3.239504e+02
  4.220260e+00   8.374553e+03   3.183528e+02
  4.222900e+00   8.583156e+03   3.239504e+02
  4.225550e+00   7.941908e+03   3.115073e+02
  4.228190e+00   8.650906e+03   3.248916e+02
  4.230830e+00   8.456283e+03   3.209961e+02
  4.233480e+00   8.170435e+03   3.154162e+02
  4.236120e+00   9.119895e+03   3.330115e+02
  4.238760e+00   8.931342e+03   3.292136e+02
  4.241410e+00   8.317504e+03   3.196676e+02
  4.244050e+00   8.625765e+03   3.248651e+02
  4.246690e+00   9.284853e+03   3.363547e+02
  4.249340e+00   8.597428e+03   3.231111e+02
  4.251980e+00   9.404606e+03   3.378234e+02
  4.254620e+00   8.511902e+03   3.217197e+02
  4.257270e+00   8.998865e+03   3.317025e+02
  4.259910e+00   9.029524e+03   3.323814e+02
  4.262560e+00   8.937555e+03   3.298912e+02
  4.265200e+00   9.076962e+03   3.318866e+02
  4.267840e+00   8.525577e+03   3.213198e+02
  4.270490e+00   8.325371e+03   3.176327e+02
  4.273130e+00   9.065994e+03   3.328231e+02
  4.275770e+00   8.999008e+03   3.319334e+02
  4.278420e+00   9.158174e+03   3.348560e+02
  4.281060e+00   8.469633e+03   3.208102e+02
  4.283700e+00   9.022616e+03   3.312307e+02
  4.286350e+00   8.564589e+03   3.237110e+02
  4.288990e+00   8.828241e+03   3.271964e+02
  4.291630e+00   8.919241e+03   3.292152e+02
  4.294280e+00   8.479515e+03   3.218780e+02
  4.296920e+00   8.858483e+03   3.280920e+02
  4.299560e+00   8.931342e+03   3.292136e+02
  4.302210e+00   8.232225e+03   3.163901e+02
  4.304850e+00   8.742103e+03   3.269361e+02
  4.307490e+00   8.791153e+03   3.276269e+02
  4.310140e+00   8.432547e+03   3.203260e+02
  4.312780e+00   8.017629e+03   3.125597e+02
  4.315420e+00   8.379553e+03   3.187732e+02
  4.318070e+00   8.846265e+03   3.280898e+02
  4.320710e+00   9.102649e+03   3.334953e+02
  4.323350e+00   8.250905e+03   3.166407e+02
  4.326000e+00   8.809174e+03   3.285267e+02
  4.328640e+00   8.528388e+03   3.228042e+02
  4.331280e+00   8.730329e+03   3.262677e+02
  4.333930e+00   8.780359e+03   3.254217e+02
  4.336570e+00   8.925296e+03   3.292145e+02
  4.339210e+00   8.558703e+03   3.234886e+02
  4.341860e+00   8.668432e+03   3.257796e+02
  4.344500e+00   9.361816e+03   3.369391e+02
  4.347140e+00   8.444561e+03   3.250313e+02
  4.349790e+00   8.848506e+03   3.426155e+02
  4.352430e+00   8.317523e+03   3.381554e+02
  4.355070e+00   8.410525e+03   3.436447e+02
  4.357720e+00   8.446575e+03   3.495217e+02
  4.360360e+00   8.671072e+03   3.597367e+02
  4.363000e+00   8.254743e+03   3.526251e+02
  4.365650e+00   8.360019e+03   3.574486e+02
  4.368290e+00   8.344335e+03   3.597498e+02
  4.370930e+00   8.493839e+03   3.655167e+02
  4.373580e+00   8.257308e+03   3.628053e+02
  4.376220e+00   9.034049e+03   3.845146e+02
  4.378860e+00   8.919218e+03   3.799715e+02
  4.381510e+00   8.985955e+03   3.856243e+02
  4.384150e+00   9.029965e+03   3.903994e+02
  4.386790e+00   8.937908e+03   3.919532e+02
  4.389440e+00   8.664675e+03   3.844328e+02
  4.392080e+00   8.439685e+03   3.844171e+02
  4.394720e+00   9.053148e+03   3.989294e+02
  4.397370e+00   8.618918e+03   3.917690e+02
  4.400010e+00   9.364959e+03   4.075575e+02
  4.402650e+00   9.013537e+03   4.055382e+02
  4.405300e+00   8.553888e+03   3.971043e+02
  4.407940e+00   8.829465e+03   4.064091e+02
  4.410590e+00   8.612857e+03   4.024524e+02
  4.413230e+00   9.313076e+03   4.207219e+02
  4.415870e+00   8.644104e+03   4.083955e+02
  4.418520e+00   8.599097e+03   4.118221e+02
  4.421160e+00   8.578673e+03   4.117895e+02
  4.423800e+00   8.954635e+03   4.221255e+02
  4.426450e+00   8.601475e+03   4.172328e+02
  4.429090e+00   8.563963e+03   4.208958e+02
  4.431730e+00   8.603982e+03   4.228626e+02
  4.434380e+00   8.172611e+03   4.106891e+02
  4.437020e+00   9.265119e+03   4.427045e+02
  4.439660e+00   8.197506e+03   4.194209e+02
  4.442310e+00   8.690580e+03   4.323725e+02
  4.444950e+00   7.565560e+03   4.043962e+02
  4.447590e+00   9.145960e+03   4.468094e+02
  4.450240e+00   8.626073e+03   4.396254e+02
  4.452880e+00   8.460480e+03   4.398394e+02
  4.455520e+00   8.837992e+03   4.486810e+02
  4.458170e+00   8.628899e+03   4.467875e+02
  4.460810e+00   9.361863e+03   4.675091e+02
  4.463450e+00   8.339742e+03   4.438797e+02
  4.466100e+00   8.954957e+03   4.636701e+02
  4.468740e+00   9.433662e+03   4.752610e+02
  4.471380e+00   9.081024e+03   4.746727e+02
  4.474030e+00   8.264984e+03   4.563574e+02
  4.476670e+00   8.530081e+03   4.632904e+02
  4.479310e+00   9.509679e+03   4.884794e+02
  4.481960e+00   8.612965e+03   4.698758e+02
  4.484600e+00   9.636182e+03   5.050732e+02
  4.487240e+00   8.173726e+03   4.672608e+02
  4.489890e+00   7.871155e+03   4.575016e+02
  4.492530e+00   9.380116e+03   5.028270e+02
  4.495170e+00   9.059152e+03   4.979360e+02
  4.497820e+00   8.444561e+03   4.875469e+02
  4.500460e+00   7.472863e+03   4.564777e+02
  4.503100e+00   9.009342e+03   5.076189e+02
  4.505750e+00   9.416465e+03   5.223315e+02
  4.508390e+00   7.759100e+03   4.784466e+02
  4.511030e+00   8.556783e+03   5.016075e+02
  4.513680e+00   8.422117e+03   4.988831e+02
  4.516320e+00   7.899807e+03   4.918205e+02
  4.518960e+00   9.475383e+03   5.452470e+02
  4.521610e+00   8.339995e+03   5.142661e+02
  4.524250e+00   9.235858e+03   5.350189e+02
  4.526890e+00   8.670964e+03   5.267236e+02
  4.529540e+00   8.716063e+03   5.324183e+02
  4.532180e+00   9.496851e+03   5.635344e+02
  4.534820e+00   8.928004e+03   5.433410e+02
  4.537470e+00   7.765965e+03   5.154452e+02
  4.540110e+00   8.722555e+03   5.483823e+02
  4.542750e+00   8.186177e+03   5.386109e+02
  4.545400e+00   9.187421e+03   5.622610e+02
  4.548040e+00   9.037828e+03   5.682034e+02
  4.550680e+00   9.243399e+03   5.822794e+02
  4.553330e+00   8.404962e+03   5.628379e+02
  4.555970e+00   7.516317e+03   5.328176e+02
  4.558610e+00   9.288187e+03   5.898005e+02
  4.561260e+00   7.635139e+03   5.398859e+02
  4.563900e+00   8.122326e+03   5.672879e+02
  4.566550e+00   8.508201e+03   5.885246e+02
  4.569190e+00   9.034232e+03   5.996230e+02
  4.571830e+00   8.398476e+03   5.894574e+02
  4.574480e+00   8.287989e+03   5.890017e+02
  4.577120e+00   8.724699e+03   6.093594e+02
  4.579760e+00   8.534045e+03   6.019451e+02
  4.582410e+00   8.214090e+03   6.006738e+02
  4.585050e+00   8.602193e+03   6.224328e+02
  4.587690e+00   8.687004e+03   6.335649e+02
  4.590340e+00   9.055001e+03   6.435109e+02
  4.592980e+00   9.453782e+03   6.635254e+02
  4.595620e+00   8.846595e+03   6.539591e+02
  4.598270e+00   9.294710e+03   6.815212e+02
  4.600910e+00   8.141129e+03   6.396275e+02
  4.603550e+00   7.878373e+03   6.328062e+02
  4.606200e+00   9.111887e+03   7.029974e+02
  4.608840e+00   8.316629e+03   6.767977e+02
  4.611480e+00   8.132514e+03   6.777095e+02
  4.614130e+00   8.559279e+03   6.919767e+02
  4.616770e+00   8.297962e+03   7.038239e+02
  4.619410e+00   9.787509e+03   7.762000e+02
  4.622060e+00   9.022922e+03   7.598671e+02
  4.624700e+00   9.680709e+03   7.800938e+02
  4.627340e+00   1.002340e+04   8.156927e+02
  4.629990e+00   1.016564e+04   8.356107e+02
  4.632630e+00   8.967254e+03   8.052832e+02
  4.635270e+00   7.898704e+03   7.497118e+02
  4.637920e+00   8.894937e+03   8.153976e+02
  4.640560e+00   7.692919e+03   7.851552e+02
  4.643200e+00   1.013035e+04   9.134225e+02
  4.645850e+00   8.610624e+03   8.363378e+02
  4.648490e+00   8.236053e+03   8.236053e+02
  4.651130e+00   1.070765e+04   9.501503e+02
  4.653780e+00   8.675850e+03   8.719558e+02
  4.656420e+00   8.054122e+03   8.443014e+02
  4.659060e+00   8.250377e+03   8.420506e+02
  4.661710e+00   9.654806e+03   9.290342e+02
  4.664350e+00   8.711537e+03   8.937848e+02
  4.666990e+00   8.077565e+03   8.813346e+02
  4.669640e+00   8.135068e+03   8.527869e+02
  4.672280e+00   8.801307e+03   9.077855e+02
  4.674920e+00   7.940114e+03   8.933326e+02
  4.677570e+00   7.783070e+03   8.869632e+02
  4.680210e+00   9.721243e+03   9.721243e+02
  4.682850e+00   8.945191e+03   9.481884e+02
  4.685500e+00   7.848474e+03   9.062637e+02
  4.688140e+00   8.949508e+03   9.883078e+02
  4.690780e+00   1.088322e+04   1.067187e+03
  4.693430e+00   9.216441e+03   9.938344e+02
  4.696070e+00   9.784431e+03   1.043024e+03
  4.698710e+00   8.548381e+03   9.937292e+02
  4.701360e+00   8.953074e+03   1.020298e+03
  4.704000e+00   7.671884e+03   9.235862e+02
  4.706640e+00   1.028666e+04   1.115745e+03
  4.709290e+00   7.822498e+03   9.934583e+02
  4.711930e+00   7.992552e+03   1.015055e+03
  4.714570e+00   9.432216e+03   1.061207e+03
  4.717220e+00   8.250377e+03   1.031297e+03
  4.719860e+00   8.283835e+03   1.060636e+03
  4.722510e+00   8.330180e+03   1.084497e+03
  4.725150e+00   9.152762e+03   1.086233e+03
  4.727790e+00   9.459695e+03   1.155686e+03
  4.730440e+00   8.674402e+03   1.129311e+03
  4.733080e+00   9.508381e+03   1.207566e+03
  4.735720e+00   6.546674e+03   9.652544e+02
  4.738370e+00   8.291891e+03   1.118078e+03
  4.741010e+00   7.670863e+03   1.118910e+03
  4.743650e+00   9.062766e+03   1.233286e+03
  4.746300e+00   9.792592e+03   1.264218e+03
  4.748940e+00   9.149079e+03   1.245032e+03
  4.751580e+00   8.350349e+03   1.231192e+03
  4.754230e+00   9.175830e+03   1.310833e+03
  4.756870e+00   7.347992e+03   1.192002e+03
  4.759510e+00   9.720241e+03   1.335178e+03
  4.762160e+00   1.025534e+04   1.465049e+03
  4.764800e+00   8.785123e+03   1.389050e+03
  4.767440e+00   6.614184e+03   1.228223e+03
  4.770090e+00   8.067501e+03   1.291834e+03
  4.772730e+00   8.776338e+03   1.442821e+03
  4.775370e+00   1.111867e+04   1.657474e+03
  4.778020e+00   7.476904e+03   1.388426e+03
  4.780660e+00   1.029940e+04   1.552693e+03
  4.783300e+00   6.445607e+03   1.289121e+03
  4.785950e+00   1.084071e+04   1.735902e+03
  4.788590e+00   9.648746e+03   1.705673e+03
  4.791230e+00   9.675195e+03   1.737716e+03
  4.793880e+00   7.526486e+03   1.604652e+03
  4.796520e+00   9.487933e+03   1.936716e+03
  4.799160e+00   9.363092e+03   2.093651e+03
  4.801810e+00   8.371706e+03   2.092926e+03
  4.804450e+00   1.147734e+04   2.566411e+03
  4.807090e+00   8.508201e+03   2.565319e+03
  4.809740e+00   9.487933e+03   3.354491e+03
  4.812380e+00   4.105356e+03   2.370228e+03
creator: radaver
creator-version: 6572
working-directory: /dataInt/p12/vives/2015-10-17/NEW
header-file: images/header/img_0008_00003.txt
image-file: images/pilatus2m/img_0008_00003.tiff
angular-axis-file: etc/radial-averaging/saxs-2/saxis-saxs2-20150921.dat
beamstop-mask-file: etc/radial-averaging/saxs-2/mask-saxs2-20151008.msk
detector-response-file: none
beam-center-x: 656.1000
beam-center-y: 1645.9000
unit-time: 100.0000
channel-first: 8
channel-last: 1819
angular-unit: nanometer
Run Number: 8
Frame Number: 3
Buffer: NAPI
Code: NAPI
Concentration [mg/ml]: 0
Plate Row: 2
Plate Column: 1
Well Row: 1
Well Column: 9
Load Volume: 20
Load Viscosity: low
Exposure time [s]: 0.035
Exposure period [s]: 0.04
Detector Position: saxs-2
Detector Distance [m]: 3
Timestamp (begin): 2015-10-17 03:31:53.557
Timestamp (end): 2015-10-17 03:31:53.592
PETRA Current: 94.2678
Transmitted Beam: 0.160605
Wavelength [nm]: 0.123987
Flytube Vacuum [mbar]: 0.000275647
Crystal Temperature 1 [C]: -181.4
Crystal Temperature 2 [C]: -156.3
Cell Target Temperature [C]: 20
Cell Temperature [C]: 20.2
Storage Temperature [C]: 20.2
