
Sample:   c= .0000 mg/ml  Code: NAPI
  2.520060e-02   5.051285e+07   2.855338e+05
  2.784400e-02   7.595426e+06   6.120370e+04
  3.048740e-02   3.125639e+06   3.679005e+04
  3.313080e-02   1.412796e+06   2.310169e+04
  3.577420e-02   6.253490e+05   1.433895e+04
  3.841750e-02   4.391699e+05   1.212917e+04
  4.106090e-02   2.801248e+05   8.885019e+03
  4.370430e-02   2.197106e+05   7.807075e+03
  4.634770e-02   1.696264e+05   6.379457e+03
  4.899110e-02   1.364057e+05   5.434532e+03
  5.163450e-02   1.308870e+05   5.198187e+03
  5.427790e-02   1.077817e+05   4.396507e+03
  5.692130e-02   9.376537e+04   4.164266e+03
  5.956470e-02   7.334056e+04   3.488455e+03
  6.220810e-02   7.871113e+04   3.412560e+03
  6.485140e-02   6.790275e+04   3.251952e+03
  6.749480e-02   6.166601e+04   2.890947e+03
  7.013820e-02   5.119870e+04   2.654529e+03
  7.278160e-02   4.768322e+04   2.459074e+03
  7.542500e-02   4.280510e+04   2.281520e+03
  7.806840e-02   4.134747e+04   2.219649e+03
  8.071180e-02   3.756569e+04   2.016632e+03
  8.335520e-02   3.429575e+04   1.944733e+03
  8.599860e-02   3.034762e+04   1.769909e+03
  8.864200e-02   3.002903e+04   1.814120e+03
  9.128530e-02   2.723810e+04   1.733119e+03
  9.392870e-02   2.635928e+04   1.694439e+03
  9.657210e-02   2.441229e+04   1.645876e+03
  9.921550e-02   2.449250e+04   1.618510e+03
  1.018590e-01   2.126143e+04   1.526482e+03
  1.045020e-01   2.250266e+04   1.524072e+03
  1.071460e-01   2.130527e+04   1.491667e+03
  1.097890e-01   2.145776e+04   1.528802e+03
  1.124320e-01   1.824484e+04   1.337777e+03
  1.150760e-01   1.875746e+04   1.371681e+03
  1.177190e-01   1.900878e+04   1.354319e+03
  1.203630e-01   1.685162e+04   1.300131e+03
  1.230060e-01   1.885157e+04   1.371250e+03
  1.256490e-01   1.728470e+04   1.274245e+03
  1.282930e-01   1.626711e+04   1.229678e+03
  1.309360e-01   1.602447e+04   1.207890e+03
  1.335800e-01   1.654598e+04   1.240173e+03
  1.362230e-01   1.453423e+04   1.124693e+03
  1.388660e-01   1.587135e+04   1.192964e+03
  1.415100e-01   1.381869e+04   1.099356e+03
  1.441530e-01   1.116943e+04   9.648916e+02
  1.467970e-01   1.516880e+04   1.143391e+03
  1.494400e-01   1.337659e+04   1.041366e+03
  1.520830e-01   1.194688e+04   9.955732e+02
  1.547270e-01   1.351940e+04   1.049309e+03
  1.573700e-01   1.242011e+04   9.944047e+02
  1.600130e-01   1.152478e+04   9.473310e+02
  1.626570e-01   1.344801e+04   1.007971e+03
  1.653000e-01   1.331579e+04   1.018284e+03
  1.679440e-01   1.270293e+04   9.714174e+02
  1.705870e-01   1.243556e+04   9.651869e+02
  1.732300e-01   1.103256e+04   8.978172e+02
  1.758740e-01   1.202950e+04   9.336706e+02
  1.785170e-01   1.239184e+04   9.476276e+02
  1.811610e-01   1.271131e+04   9.370905e+02
  1.838040e-01   1.128518e+04   9.006553e+02
  1.864470e-01   1.137391e+04   8.881528e+02
  1.890910e-01   1.086866e+04   8.565701e+02
  1.917340e-01   1.156416e+04   8.869307e+02
  1.943780e-01   1.096595e+04   8.460411e+02
  1.970210e-01   1.142811e+04   8.816980e+02
  1.996640e-01   1.209929e+04   8.919713e+02
  2.023080e-01   9.529930e+03   7.887026e+02
  2.049510e-01   1.085339e+04   8.251680e+02
  2.075950e-01   1.271681e+04   8.838795e+02
  2.102380e-01   1.040995e+04   8.153700e+02
  2.128810e-01   1.147759e+04   8.283234e+02
  2.155250e-01   1.125888e+04   8.345638e+02
  2.181680e-01   1.147019e+04   8.365496e+02
  2.208110e-01   1.079659e+04   8.047302e+02
  2.234550e-01   9.761864e+03   7.717431e+02
  2.260980e-01   1.185535e+04   8.240038e+02
  2.287420e-01   1.183626e+04   8.287039e+02
  2.313850e-01   1.155173e+04   8.107728e+02
  2.340280e-01   1.181741e+04   8.174275e+02
  2.366720e-01   1.133990e+04   8.058916e+02
  2.393150e-01   1.143317e+04   7.927475e+02
  2.419590e-01   9.017214e+03   7.106560e+02
  2.446020e-01   1.078137e+04   7.604589e+02
  2.472450e-01   1.160026e+04   7.948368e+02
  2.498890e-01   8.415689e+03   6.759644e+02
  2.525320e-01   1.049598e+04   7.403292e+02
  2.551760e-01   1.056550e+04   7.585584e+02
  2.578190e-01   1.210527e+04   7.813915e+02
  2.604620e-01   1.013801e+04   7.223036e+02
  2.631060e-01   1.093379e+04   7.545031e+02
  2.657490e-01   1.105845e+04   7.489726e+02
  2.683920e-01   1.033541e+04   7.271968e+02
  2.710360e-01   1.048680e+04   7.151935e+02
  2.736790e-01   9.076682e+03   6.728084e+02
  2.763230e-01   1.102333e+04   7.332610e+02
  2.789660e-01   1.136861e+04   7.416066e+02
  2.816090e-01   1.076906e+04   7.227717e+02
  2.842530e-01   1.068112e+04   7.120744e+02
  2.868960e-01   9.917302e+03   6.926544e+02
  2.895400e-01   1.202120e+04   7.455232e+02
  2.921830e-01   1.031800e+04   6.924985e+02
  2.948260e-01   1.113727e+04   7.204100e+02
  2.974700e-01   1.020420e+04   6.833236e+02
  3.001130e-01   1.101516e+04   7.155114e+02
  3.027570e-01   1.111310e+04   7.014524e+02
  3.054000e-01   1.070685e+04   6.954843e+02
  3.080430e-01   9.536392e+03   6.473725e+02
  3.106870e-01   1.084990e+04   6.974583e+02
  3.133300e-01   1.119489e+04   6.996804e+02
  3.159740e-01   1.041647e+04   6.627842e+02
  3.186170e-01   1.119489e+04   6.996804e+02
  3.212600e-01   1.010309e+04   6.535148e+02
  3.239040e-01   1.082376e+04   6.804840e+02
  3.265470e-01   1.011488e+04   6.570321e+02
  3.291900e-01   1.020980e+04   6.470197e+02
  3.318340e-01   9.471839e+03   6.342813e+02
  3.344770e-01   1.111685e+04   6.728226e+02
  3.371210e-01   1.141059e+04   6.855961e+02
  3.397640e-01   9.684212e+03   6.251132e+02
  3.424070e-01   1.044609e+04   6.441338e+02
  3.450510e-01   1.078384e+04   6.649603e+02
  3.476940e-01   1.013431e+04   6.261000e+02
  3.503380e-01   1.107650e+04   6.655224e+02
  3.529810e-01   1.100772e+04   6.590150e+02
  3.556240e-01   1.177108e+04   6.784739e+02
  3.582680e-01   1.103336e+04   6.547096e+02
  3.609110e-01   1.168451e+04   6.657869e+02
  3.635550e-01   1.086060e+04   6.467395e+02
  3.661980e-01   9.531304e+03   5.968734e+02
  3.688410e-01   1.077403e+04   6.393211e+02
  3.714850e-01   1.098018e+04   6.392907e+02
  3.741280e-01   9.707701e+03   5.986025e+02
  3.767710e-01   1.035986e+04   6.235900e+02
  3.794150e-01   1.132795e+04   6.413191e+02
  3.820580e-01   1.077813e+04   6.307425e+02
  3.847020e-01   1.064549e+04   6.166766e+02
  3.873450e-01   1.063811e+04   6.214851e+02
  3.899880e-01   9.452236e+03   5.828498e+02
  3.926320e-01   1.015537e+04   5.963439e+02
  3.952750e-01   1.059536e+04   6.158429e+02
  3.979190e-01   1.069416e+04   6.083698e+02
  4.005620e-01   1.103460e+04   6.247112e+02
  4.032050e-01   1.048192e+04   5.982347e+02
  4.058490e-01   1.059094e+04   6.024975e+02
  4.084920e-01   1.021053e+04   5.985518e+02
  4.111360e-01   1.015021e+04   5.870021e+02
  4.137790e-01   1.050840e+04   6.007253e+02
  4.164220e-01   1.052486e+04   5.949000e+02
  4.190660e-01   9.511280e+03   5.633996e+02
  4.217090e-01   9.885967e+03   5.765613e+02
  4.243530e-01   1.031540e+04   5.839945e+02
  4.269960e-01   1.100479e+04   6.353617e+02
  4.296390e-01   1.063796e+04   6.246826e+02
  4.322830e-01   1.001941e+04   6.336829e+02
  4.349260e-01   9.592419e+03   6.352735e+02
  4.375690e-01   1.134984e+04   6.782826e+02
  4.402130e-01   1.164997e+04   7.076856e+02
  4.428560e-01   9.707436e+03   6.428906e+02
  4.455000e-01   9.417937e+03   6.514524e+02
  4.481430e-01   9.843573e+03   6.651670e+02
  4.507860e-01   9.798625e+03   6.636466e+02
  4.534300e-01   9.114553e+03   6.577862e+02
  4.560730e-01   1.098210e+04   7.088913e+02
  4.587170e-01   1.043299e+04   6.909418e+02
  4.613600e-01   1.070616e+04   6.910799e+02
  4.640030e-01   1.113485e+04   6.986627e+02
  4.666470e-01   1.040617e+04   6.891656e+02
  4.692900e-01   9.285589e+03   6.318043e+02
  4.719340e-01   9.787676e+03   6.675140e+02
  4.745770e-01   1.034577e+04   6.734521e+02
  4.772200e-01   1.023057e+04   6.850893e+02
  4.798640e-01   1.001980e+04   6.635777e+02
  4.825070e-01   1.023677e+04   6.397978e+02
  4.851500e-01   1.036011e+04   6.487754e+02
  4.877940e-01   1.138102e+04   6.570834e+02
  4.904370e-01   8.935469e+03   5.891874e+02
  4.930810e-01   1.032916e+04   6.161859e+02
  4.957240e-01   1.017104e+04   6.046054e+02
  4.983670e-01   1.058647e+04   6.238136e+02
  5.010110e-01   1.145674e+04   6.384592e+02
  5.036540e-01   1.017586e+04   6.017114e+02
  5.062980e-01   1.029686e+04   5.935012e+02
  5.089410e-01   1.071445e+04   6.065862e+02
  5.115840e-01   1.046611e+04   6.012622e+02
  5.142280e-01   1.178032e+04   6.287871e+02
  5.168710e-01   1.085749e+04   6.088579e+02
  5.195150e-01   8.779999e+03   5.333470e+02
  5.221580e-01   9.867216e+03   5.706359e+02
  5.248010e-01   1.048230e+04   5.859782e+02
  5.274450e-01   1.005869e+04   5.667431e+02
  5.300880e-01   1.006725e+04   5.690348e+02
  5.327320e-01   1.149182e+04   5.998680e+02
  5.353750e-01   1.079441e+04   5.897617e+02
  5.380180e-01   9.305749e+03   5.337213e+02
  5.406620e-01   1.039281e+04   5.669744e+02
  5.433050e-01   1.128111e+04   5.953941e+02
  5.459480e-01   1.046737e+04   5.685095e+02
  5.485920e-01   1.108491e+04   5.850394e+02
  5.512350e-01   1.040366e+04   5.553061e+02
  5.538790e-01   1.129012e+04   5.799347e+02
  5.565220e-01   9.766421e+03   5.425790e+02
  5.591650e-01   1.067623e+04   5.611301e+02
  5.618090e-01   1.009447e+04   5.474494e+02
  5.644520e-01   1.039776e+04   5.487727e+02
  5.670960e-01   1.017056e+04   5.467727e+02
  5.697390e-01   1.179789e+04   5.826564e+02
  5.723820e-01   1.026065e+04   5.438136e+02
  5.750260e-01   1.061838e+04   5.505374e+02
  5.776690e-01   1.082932e+04   5.555325e+02
  5.803130e-01   1.058933e+04   5.520069e+02
  5.829560e-01   1.008274e+04   5.255991e+02
  5.855990e-01   1.103651e+04   5.581404e+02
  5.882430e-01   1.064152e+04   5.437563e+02
  5.908860e-01   1.109301e+04   5.560423e+02
  5.935290e-01   1.040680e+04   5.331567e+02
  5.961730e-01   9.884729e+03   5.188137e+02
  5.988160e-01   1.108633e+04   5.481837e+02
  6.014600e-01   1.022631e+04   5.252904e+02
  6.041030e-01   9.664795e+03   5.079704e+02
  6.067460e-01   1.047669e+04   5.284791e+02
  6.093900e-01   1.003281e+04   5.133230e+02
  6.120330e-01   1.072163e+04   5.334212e+02
  6.146770e-01   1.007891e+04   5.103655e+02
  6.173200e-01   1.056565e+04   5.199018e+02
  6.199630e-01   1.084006e+04   5.239738e+02
  6.226070e-01   9.983628e+03   5.068419e+02
  6.252500e-01   9.654108e+03   4.958982e+02
  6.278940e-01   1.059253e+04   5.150266e+02
  6.305370e-01   1.024195e+04   5.064320e+02
  6.331800e-01   1.083067e+04   5.175095e+02
  6.358240e-01   1.114345e+04   5.282500e+02
  6.384670e-01   1.031774e+04   5.040545e+02
  6.411110e-01   9.986844e+03   4.962503e+02
  6.437540e-01   9.863550e+03   4.931775e+02
  6.463970e-01   9.603623e+03   4.862983e+02
  6.490410e-01   1.049123e+04   5.065214e+02
  6.516840e-01   9.866263e+03   4.908649e+02
  6.543270e-01   1.008274e+04   4.955396e+02
  6.569710e-01   1.013830e+04   5.006950e+02
  6.596140e-01   9.997383e+03   4.907523e+02
  6.622580e-01   9.620005e+03   4.840350e+02
  6.649010e-01   1.084727e+04   5.074138e+02
  6.675440e-01   1.049887e+04   5.022293e+02
  6.701880e-01   1.062333e+04   5.093496e+02
  6.728310e-01   1.026646e+04   4.916744e+02
  6.754750e-01   1.011114e+04   4.922024e+02
  6.781180e-01   9.664972e+03   4.767379e+02
  6.807610e-01   1.127038e+04   5.154953e+02
  6.834050e-01   1.039566e+04   4.928016e+02
  6.860480e-01   1.081800e+04   4.984673e+02
  6.886920e-01   1.049660e+04   4.981467e+02
  6.913350e-01   1.026213e+04   4.826899e+02
  6.939780e-01   1.034894e+04   4.916930e+02
  6.966220e-01   1.053381e+04   4.906086e+02
  6.992650e-01   1.036802e+04   4.839378e+02
  7.019080e-01   1.107313e+04   5.086058e+02
  7.045520e-01   9.875879e+03   4.681616e+02
  7.071950e-01   1.003901e+04   4.758949e+02
  7.098390e-01   1.050260e+04   4.886250e+02
  7.124820e-01   9.474911e+03   4.579871e+02
  7.151250e-01   9.671828e+03   4.686016e+02
  7.177690e-01   1.096595e+04   4.884621e+02
  7.204120e-01   1.047509e+04   4.821551e+02
  7.230560e-01   1.030193e+04   4.751926e+02
  7.256990e-01   1.020215e+04   4.746469e+02
  7.283420e-01   1.059149e+04   4.809346e+02
  7.309860e-01   9.940722e+03   4.644994e+02
  7.336290e-01   1.098142e+04   4.906136e+02
  7.362730e-01   1.011462e+04   4.665527e+02
  7.389160e-01   1.020070e+04   4.685338e+02
  7.415590e-01   1.005865e+04   4.669612e+02
  7.442030e-01   1.080886e+04   4.776884e+02
  7.468460e-01   1.048828e+04   4.762483e+02
  7.494900e-01   1.026458e+04   4.627631e+02
  7.521330e-01   1.011513e+04   4.626555e+02
  7.547760e-01   1.007059e+04   4.591794e+02
  7.574200e-01   1.003049e+04   4.607156e+02
  7.600630e-01   1.064842e+04   4.738483e+02
  7.627060e-01   1.059141e+04   4.649114e+02
  7.653500e-01   1.021400e+04   4.618929e+02
  7.679930e-01   9.774193e+03   4.489436e+02
  7.706370e-01   9.689896e+03   4.493581e+02
  7.732800e-01   9.976664e+03   4.506997e+02
  7.759230e-01   1.037036e+04   4.605640e+02
  7.785670e-01   1.027453e+04   4.594910e+02
  7.812100e-01   1.033314e+04   4.571110e+02
  7.838540e-01   1.095397e+04   4.722592e+02
  7.864970e-01   1.037335e+04   4.549015e+02
  7.891400e-01   1.085987e+04   4.651856e+02
  7.917840e-01   1.064047e+04   4.643883e+02
  7.944270e-01   1.022463e+04   4.501141e+02
  7.970710e-01   1.076447e+04   4.636586e+02
  7.997140e-01   9.357838e+03   4.284660e+02
  8.023570e-01   9.448946e+03   4.353845e+02
  8.050010e-01   1.038946e+04   4.517157e+02
  8.076440e-01   1.017321e+04   4.452692e+02
  8.102870e-01   1.027989e+04   4.490791e+02
  8.129310e-01   9.829016e+03   4.369531e+02
  8.155740e-01   9.546622e+03   4.303950e+02
  8.182180e-01   1.044150e+04   4.476756e+02
  8.208610e-01   9.970067e+03   4.372164e+02
  8.235040e-01   9.733176e+03   4.326924e+02
  8.261480e-01   9.994065e+03   4.386908e+02
  8.287910e-01   1.127747e+04   4.635010e+02
  8.314350e-01   1.107303e+04   4.558696e+02
  8.340780e-01   1.025979e+04   4.423308e+02
  8.367210e-01   1.071713e+04   4.508729e+02
  8.393650e-01   1.032232e+04   4.401452e+02
  8.420080e-01   1.044487e+04   4.441610e+02
  8.446520e-01   1.003031e+04   4.284738e+02
  8.472950e-01   1.032673e+04   4.423483e+02
  8.499380e-01   1.005525e+04   4.319102e+02
  8.525820e-01   1.039638e+04   4.362226e+02
  8.552250e-01   1.031498e+04   4.374528e+02
  8.578690e-01   1.001006e+04   4.311637e+02
  8.605120e-01   1.044029e+04   4.530699e+02
  8.631550e-01   1.005112e+04   4.416208e+02
  8.657990e-01   1.049033e+04   4.556708e+02
  8.684420e-01   1.053667e+04   4.589846e+02
  8.710850e-01   1.024367e+04   4.487835e+02
  8.737290e-01   1.056761e+04   4.625316e+02
  8.763720e-01   1.045753e+04   4.516965e+02
  8.790160e-01   1.092578e+04   4.684389e+02
  8.816590e-01   1.053400e+04   4.641834e+02
  8.843020e-01   1.032370e+04   4.522896e+02
  8.869460e-01   9.839058e+03   4.440305e+02
  8.895890e-01   9.548579e+03   4.219916e+02
  8.922330e-01   1.010196e+04   4.379756e+02
  8.948760e-01   1.028275e+04   4.360858e+02
  8.975190e-01   9.576830e+03   4.171733e+02
  9.001630e-01   1.041541e+04   4.393477e+02
  9.028060e-01   1.116867e+04   4.489066e+02
  9.054500e-01   1.005899e+04   4.293072e+02
  9.080930e-01   1.033890e+04   4.292995e+02
  9.107360e-01   1.001575e+04   4.221136e+02
  9.133800e-01   1.054449e+04   4.359608e+02
  9.160230e-01   1.004898e+04   4.223903e+02
  9.186660e-01   1.053557e+04   4.322797e+02
  9.213100e-01   1.055525e+04   4.284245e+02
  9.239530e-01   1.010743e+04   4.229829e+02
  9.265970e-01   1.018840e+04   4.248855e+02
  9.292400e-01   9.995446e+03   4.146810e+02
  9.318830e-01   1.010770e+04   4.215201e+02
  9.345270e-01   9.905441e+03   4.120120e+02
  9.371700e-01   1.101997e+04   4.390459e+02
  9.398140e-01   1.037239e+04   4.210024e+02
  9.424570e-01   1.078427e+04   4.266192e+02
  9.451000e-01   1.085181e+04   4.316619e+02
  9.477440e-01   1.085554e+04   4.284340e+02
  9.503870e-01   1.120238e+04   4.400710e+02
  9.530310e-01   1.108824e+04   4.277383e+02
  9.556740e-01   1.142442e+04   4.397260e+02
  9.583170e-01   9.511280e+03   3.983837e+02
  9.609610e-01   9.960990e+03   4.059796e+02
  9.636040e-01   9.582000e+03   4.009942e+02
  9.662480e-01   1.060715e+04   4.150899e+02
  9.688910e-01   9.918653e+03   4.049273e+02
  9.715340e-01   9.821577e+03   4.016342e+02
  9.741780e-01   1.067511e+04   4.139629e+02
  9.768210e-01   1.032307e+04   4.083744e+02
  9.794640e-01   1.036856e+04   4.045162e+02
  9.821080e-01   1.097778e+04   4.203610e+02
  9.847510e-01   1.011285e+04   4.054883e+02
  9.873950e-01   1.064596e+04   4.214776e+02
  9.900380e-01   1.016764e+04   4.196632e+02
  9.926810e-01   1.079053e+04   4.312764e+02
  9.953250e-01   1.033145e+04   4.293604e+02
  9.979680e-01   9.647201e+03   4.132407e+02
  1.000610e+00   1.039149e+04   4.341106e+02
  1.003250e+00   9.962895e+03   4.263725e+02
  1.005900e+00   1.042105e+04   4.376432e+02
  1.008540e+00   9.682529e+03   4.233874e+02
  1.011190e+00   1.021942e+04   4.349674e+02
  1.013830e+00   9.886833e+03   4.339838e+02
  1.016470e+00   1.087503e+04   4.527336e+02
  1.019120e+00   9.963032e+03   4.356530e+02
  1.021760e+00   1.013448e+04   4.393854e+02
  1.024400e+00   1.038536e+04   4.452688e+02
  1.027050e+00   1.001231e+04   4.407674e+02
  1.029690e+00   9.680734e+03   4.303611e+02
  1.032330e+00   1.036653e+04   4.507185e+02
  1.034980e+00   9.170494e+03   4.234541e+02
  1.037620e+00   1.026243e+04   4.474631e+02
  1.040260e+00   1.035184e+04   4.496554e+02
  1.042910e+00   9.851521e+03   4.216062e+02
  1.045550e+00   1.121621e+04   4.545036e+02
  1.048190e+00   9.610995e+03   4.147450e+02
  1.050840e+00   1.034202e+04   4.272249e+02
  1.053480e+00   9.778033e+03   4.135667e+02
  1.056120e+00   1.004254e+04   4.148535e+02
  1.058770e+00   1.014042e+04   4.188969e+02
  1.061410e+00   9.636148e+03   4.053958e+02
  1.064050e+00   1.014537e+04   4.141828e+02
  1.066700e+00   1.056570e+04   4.202810e+02
  1.069340e+00   1.033737e+04   4.141579e+02
  1.071980e+00   1.064927e+04   4.229367e+02
  1.074630e+00   1.009436e+04   4.047470e+02
  1.077270e+00   1.044765e+04   4.155851e+02
  1.079910e+00   1.009659e+04   4.051622e+02
  1.082560e+00   1.055709e+04   4.100036e+02
  1.085200e+00   1.075584e+04   4.164677e+02
  1.087840e+00   1.097287e+04   4.150321e+02
  1.090490e+00   9.292315e+03   3.851789e+02
  1.093130e+00   1.065578e+04   4.095350e+02
  1.095770e+00   1.012739e+04   3.990752e+02
  1.098420e+00   1.018335e+04   3.991171e+02
  1.101060e+00   1.011876e+04   3.962812e+02
  1.103700e+00   1.061813e+04   4.080878e+02
  1.106350e+00   1.073305e+04   4.074212e+02
  1.108990e+00   9.992574e+03   3.907406e+02
  1.111630e+00   1.046078e+04   3.991035e+02
  1.114280e+00   1.034281e+04   3.963372e+02
  1.116920e+00   1.014094e+04   3.965419e+02
  1.119560e+00   1.047629e+04   3.956838e+02
  1.122210e+00   1.050089e+04   3.991838e+02
  1.124850e+00   1.028759e+04   3.939322e+02
  1.127490e+00   1.013240e+04   3.914489e+02
  1.130140e+00   1.045267e+04   3.979263e+02
  1.132780e+00   1.094879e+04   4.046789e+02
  1.135420e+00   1.022449e+04   3.912293e+02
  1.138070e+00   9.619435e+03   3.778871e+02
  1.140710e+00   9.929915e+03   3.850656e+02
  1.143350e+00   1.035176e+04   3.926647e+02
  1.146000e+00   9.164030e+03   3.671491e+02
  1.148640e+00   1.024349e+04   3.910983e+02
  1.151280e+00   1.021425e+04   3.863386e+02
  1.153930e+00   1.033837e+04   3.896420e+02
  1.156570e+00   9.453446e+03   3.713664e+02
  1.159220e+00   1.002311e+04   3.812970e+02
  1.161860e+00   1.049390e+04   3.927244e+02
  1.164500e+00   1.066977e+04   3.903866e+02
  1.167150e+00   9.858703e+03   3.786212e+02
  1.169790e+00   1.009870e+04   3.787307e+02
  1.172430e+00   1.081391e+04   3.946050e+02
  1.175080e+00   1.110189e+04   3.998249e+02
  1.177720e+00   1.086400e+04   3.912572e+02
  1.180360e+00   1.002635e+04   3.795028e+02
  1.183010e+00   1.036495e+04   3.823171e+02
  1.185650e+00   1.032464e+04   3.837123e+02
  1.188290e+00   9.454001e+03   3.646960e+02
  1.190940e+00   1.021122e+04   3.776756e+02
  1.193580e+00   1.088446e+04   3.922487e+02
  1.196220e+00   1.038333e+04   3.796523e+02
  1.198870e+00   1.019518e+04   3.770822e+02
  1.201510e+00   1.011571e+04   3.741431e+02
  1.204150e+00   9.814193e+03   3.691007e+02
  1.206800e+00   1.004781e+04   3.742001e+02
  1.209440e+00   1.045582e+04   3.780309e+02
  1.212080e+00   1.040631e+04   3.794792e+02
  1.214730e+00   1.017479e+04   3.737802e+02
  1.217370e+00   9.559007e+03   3.610387e+02
  1.220010e+00   1.052163e+04   3.789271e+02
  1.222660e+00   9.612504e+03   3.584859e+02
  1.225300e+00   1.012779e+04   3.720538e+02
  1.227940e+00   1.101342e+04   3.864952e+02
  1.230590e+00   9.841081e+03   3.642348e+02
  1.233230e+00   1.073615e+04   3.802940e+02
  1.235870e+00   1.067923e+04   3.768619e+02
  1.238520e+00   9.942998e+03   3.662550e+02
  1.241160e+00   1.062857e+04   3.769565e+02
  1.243800e+00   9.774147e+03   3.590623e+02
  1.246450e+00   9.921179e+03   3.632402e+02
  1.249090e+00   1.034340e+04   3.713063e+02
  1.251730e+00   1.020444e+04   3.689423e+02
  1.254380e+00   9.929981e+03   3.592541e+02
  1.257020e+00   9.776821e+03   3.596462e+02
  1.259660e+00   1.006907e+04   3.621593e+02
  1.262310e+00   1.043448e+04   3.703059e+02
  1.264950e+00   9.784641e+03   3.587224e+02
  1.267590e+00   9.635161e+03   3.518263e+02
  1.270240e+00   9.909729e+03   3.587563e+02
  1.272880e+00   1.057763e+04   3.698383e+02
  1.275520e+00   1.048887e+04   3.692256e+02
  1.278170e+00   1.091102e+04   3.735862e+02
  1.280810e+00   1.029315e+04   3.648310e+02
  1.283450e+00   9.392562e+03   3.478727e+02
  1.286100e+00   9.879150e+03   3.550987e+02
  1.288740e+00   1.035032e+04   3.641231e+02
  1.291380e+00   9.736683e+03   3.495265e+02
  1.294030e+00   1.026265e+04   3.628396e+02
  1.296670e+00   1.005231e+04   3.583260e+02
  1.299310e+00   1.058242e+04   3.642619e+02
  1.301960e+00   1.023326e+04   3.584554e+02
  1.304600e+00   1.035569e+04   3.594512e+02
  1.307240e+00   9.703868e+03   3.513036e+02
  1.309890e+00   1.003887e+04   3.531662e+02
  1.312530e+00   1.016854e+04   3.561883e+02
  1.315180e+00   1.079140e+04   3.656526e+02
  1.317820e+00   1.043070e+04   3.586150e+02
  1.320460e+00   1.044668e+04   3.600163e+02
  1.323110e+00   1.003983e+04   3.486977e+02
  1.325750e+00   1.045386e+04   3.581434e+02
  1.328390e+00   1.060399e+04   3.590965e+02
  1.331040e+00   1.063326e+04   3.588550e+02
  1.333680e+00   1.062814e+04   3.607427e+02
  1.336320e+00   9.991337e+03   3.459717e+02
  1.338970e+00   1.039848e+04   3.564552e+02
  1.341610e+00   1.001343e+04   3.488343e+02
  1.344250e+00   9.828964e+03   3.430332e+02
  1.346900e+00   9.637063e+03   3.409348e+02
  1.349540e+00   1.099420e+04   3.610969e+02
  1.352180e+00   1.046089e+04   3.562994e+02
  1.354830e+00   9.778645e+03   3.416935e+02
  1.357470e+00   1.037672e+04   3.528191e+02
  1.360110e+00   1.046284e+04   3.545197e+02
  1.362760e+00   9.647033e+03   3.406486e+02
  1.365400e+00   1.053411e+04   3.569347e+02
  1.368040e+00   1.015377e+04   3.456383e+02
  1.370690e+00   1.048742e+04   3.543371e+02
  1.373330e+00   9.928995e+03   3.454739e+02
  1.375970e+00   1.014367e+04   3.473125e+02
  1.378620e+00   9.547172e+03   3.379662e+02
  1.381260e+00   1.026279e+04   3.471440e+02
  1.383900e+00   1.023558e+04   3.492336e+02
  1.386550e+00   1.085122e+04   3.581436e+02
  1.389190e+00   1.005610e+04   3.443145e+02
  1.391830e+00   9.793096e+03   3.391072e+02
  1.394480e+00   1.043408e+04   3.501449e+02
  1.397120e+00   1.015893e+04   3.472250e+02
  1.399760e+00   9.893400e+03   3.399412e+02
  1.402410e+00   1.049281e+04   3.486002e+02
  1.405050e+00   9.900130e+03   3.411810e+02
  1.407690e+00   9.893400e+03   3.399412e+02
  1.410340e+00   1.011193e+04   3.440147e+02
  1.412980e+00   1.076338e+04   3.523773e+02
  1.415620e+00   9.767226e+03   3.360028e+02
  1.418270e+00   1.026225e+04   3.463341e+02
  1.420910e+00   9.953569e+03   3.394139e+02
  1.423550e+00   9.999865e+03   3.402023e+02
  1.426200e+00   1.007464e+04   3.405849e+02
  1.428840e+00   1.085758e+04   3.535715e+02
  1.431480e+00   1.009608e+04   3.407263e+02
  1.434130e+00   9.779095e+03   3.330773e+02
  1.436770e+00   1.008302e+04   3.402856e+02
  1.439410e+00   9.887936e+03   3.379627e+02
  1.442060e+00   9.900387e+03   3.364288e+02
  1.444700e+00   9.960338e+03   3.378813e+02
  1.447340e+00   1.021609e+04   3.390328e+02
  1.449990e+00   1.036337e+04   3.435424e+02
  1.452630e+00   9.754658e+03   3.334073e+02
  1.455270e+00   1.037373e+04   3.429450e+02
  1.457920e+00   1.058975e+04   3.448496e+02
  1.460560e+00   1.038104e+04   3.413266e+02
  1.463200e+00   1.047316e+04   3.449151e+02
  1.465850e+00   9.861051e+03   3.329840e+02
  1.468490e+00   1.010669e+04   3.376409e+02
  1.471140e+00   9.716554e+03   3.286673e+02
  1.473780e+00   1.009364e+04   3.379599e+02
  1.476420e+00   9.969342e+03   3.341731e+02
  1.479070e+00   9.708560e+03   3.291510e+02
  1.481710e+00   1.020545e+04   3.360987e+02
  1.484350e+00   9.596668e+03   3.259199e+02
  1.487000e+00   9.602437e+03   3.285886e+02
  1.489640e+00   9.634335e+03   3.251431e+02
  1.492280e+00   9.784394e+03   3.300194e+02
  1.494930e+00   1.031006e+04   3.364562e+02
  1.497570e+00   1.010259e+04   3.347138e+02
  1.500210e+00   9.984077e+03   3.324334e+02
  1.502860e+00   1.013443e+04   3.328584e+02
  1.505500e+00   1.024847e+04   3.373325e+02
  1.508140e+00   1.010145e+04   3.330348e+02
  1.510790e+00   1.004697e+04   3.314191e+02
  1.513430e+00   1.014693e+04   3.332689e+02
  1.516070e+00   1.057662e+04   3.388968e+02
  1.518720e+00   9.614211e+03   3.252055e+02
  1.521360e+00   1.011751e+04   3.310551e+02
  1.524000e+00   1.053521e+04   3.384398e+02
  1.526650e+00   1.003936e+04   3.309879e+02
  1.529290e+00   1.021012e+04   3.319597e+02
  1.531930e+00   1.016111e+04   3.346383e+02
  1.534580e+00   9.799222e+03   3.241295e+02
  1.537220e+00   9.673452e+03   3.226277e+02
  1.539860e+00   9.942891e+03   3.279857e+02
  1.542510e+00   1.018393e+04   3.316346e+02
  1.545150e+00   1.048230e+04   3.383147e+02
  1.547790e+00   9.754299e+03   3.301330e+02
  1.550440e+00   9.916138e+03   3.383343e+02
  1.553080e+00   1.026913e+04   3.444156e+02
  1.555720e+00   9.879175e+03   3.402569e+02
  1.558370e+00   1.037949e+04   3.510915e+02
  1.561010e+00   9.981676e+03   3.433801e+02
  1.563650e+00   1.020480e+04   3.533632e+02
  1.566300e+00   1.007197e+04   3.468971e+02
  1.568940e+00   1.014711e+04   3.519993e+02
  1.571580e+00   1.006893e+04   3.499194e+02
  1.574230e+00   1.061268e+04   3.640119e+02
  1.576870e+00   9.831462e+03   3.513478e+02
  1.579510e+00   1.056868e+04   3.612299e+02
  1.582160e+00   9.688788e+03   3.491597e+02
  1.584800e+00   1.019534e+04   3.569084e+02
  1.587440e+00   1.009942e+04   3.604637e+02
  1.590090e+00   1.059639e+04   3.680279e+02
  1.592730e+00   9.400124e+03   3.441630e+02
  1.595370e+00   9.496837e+03   3.519762e+02
  1.598020e+00   1.007158e+04   3.606204e+02
  1.600660e+00   9.979591e+03   3.587090e+02
  1.603300e+00   9.420946e+03   3.392871e+02
  1.605950e+00   1.044876e+04   3.560926e+02
  1.608590e+00   9.833946e+03   3.451038e+02
  1.611230e+00   1.030483e+04   3.479694e+02
  1.613880e+00   9.707948e+03   3.394304e+02
  1.616520e+00   9.675795e+03   3.346444e+02
  1.619160e+00   9.334540e+03   3.308540e+02
  1.621810e+00   1.004988e+04   3.432972e+02
  1.624450e+00   9.978330e+03   3.365607e+02
  1.627100e+00   1.015196e+04   3.422224e+02
  1.629740e+00   1.031229e+04   3.420372e+02
  1.632380e+00   1.006621e+04   3.408848e+02
  1.635030e+00   1.002868e+04   3.373009e+02
  1.637670e+00   1.005558e+04   3.359335e+02
  1.640310e+00   1.001471e+04   3.383657e+02
  1.642960e+00   1.069716e+04   3.450696e+02
  1.645600e+00   9.882266e+03   3.331311e+02
  1.648240e+00   9.980606e+03   3.326869e+02
  1.650890e+00   9.833885e+03   3.307493e+02
  1.653530e+00   1.060114e+04   3.444907e+02
  1.656170e+00   1.016118e+04   3.353688e+02
  1.658820e+00   9.798993e+03   3.308885e+02
  1.661460e+00   1.025222e+04   3.358228e+02
  1.664100e+00   1.021102e+04   3.383060e+02
  1.666750e+00   1.039661e+04   3.401876e+02
  1.669390e+00   1.008153e+04   3.314786e+02
  1.672030e+00   1.057471e+04   3.430890e+02
  1.674680e+00   9.946802e+03   3.286516e+02
  1.677320e+00   9.332720e+03   3.220094e+02
  1.679960e+00   9.787257e+03   3.266050e+02
  1.682610e+00   9.971940e+03   3.287651e+02
  1.685250e+00   9.725264e+03   3.272812e+02
  1.687890e+00   9.497293e+03   3.214347e+02
  1.690540e+00   1.018427e+04   3.330611e+02
  1.693180e+00   9.881354e+03   3.248969e+02
  1.695820e+00   9.544204e+03   3.217351e+02
  1.698470e+00   1.000882e+04   3.316069e+02
  1.701110e+00   1.005408e+04   3.272323e+02
  1.703750e+00   9.763820e+03   3.269169e+02
  1.706400e+00   9.787134e+03   3.217990e+02
  1.709040e+00   9.728285e+03   3.237371e+02
  1.711680e+00   9.980788e+03   3.278121e+02
  1.714330e+00   1.001666e+04   3.258418e+02
  1.716970e+00   9.596387e+03   3.209512e+02
  1.719610e+00   1.006582e+04   3.283108e+02
  1.722260e+00   9.998862e+03   3.268230e+02
  1.724900e+00   9.916296e+03   3.234339e+02
  1.727540e+00   9.490144e+03   3.166902e+02
  1.730190e+00   9.932227e+03   3.253409e+02
  1.732830e+00   9.909427e+03   3.238997e+02
  1.735470e+00   9.933119e+03   3.246742e+02
  1.738120e+00   9.886923e+03   3.224759e+02
  1.740760e+00   9.931493e+03   3.235855e+02
  1.743400e+00   9.862379e+03   3.223619e+02
  1.746050e+00   1.034972e+04   3.299369e+02
  1.748690e+00   1.022477e+04   3.274546e+02
  1.751330e+00   9.860083e+03   3.202406e+02
  1.753980e+00   1.040156e+04   3.312532e+02
  1.756620e+00   1.027010e+04   3.267355e+02
  1.759260e+00   9.716436e+03   3.182725e+02
  1.761910e+00   9.693668e+03   3.175266e+02
  1.764550e+00   9.820690e+03   3.199754e+02
  1.767190e+00   1.043451e+04   3.307961e+02
  1.769840e+00   1.072447e+04   3.317552e+02
  1.772480e+00   1.050960e+04   3.300406e+02
  1.775120e+00   1.039506e+04   3.259616e+02
  1.777770e+00   9.406639e+03   3.109739e+02
  1.780410e+00   9.778380e+03   3.182592e+02
  1.783060e+00   9.856782e+03   3.163192e+02
  1.785700e+00   9.975883e+03   3.208028e+02
  1.788340e+00   9.912526e+03   3.187653e+02
  1.790990e+00   9.556934e+03   3.113817e+02
  1.793630e+00   9.751542e+03   3.167154e+02
  1.796270e+00   9.788580e+03   3.139688e+02
  1.798920e+00   9.972634e+03   3.210305e+02
  1.801560e+00   1.008449e+04   3.198607e+02
  1.804200e+00   9.510918e+03   3.105425e+02
  1.806850e+00   9.747109e+03   3.149148e+02
  1.809490e+00   1.055940e+04   3.271188e+02
  1.812130e+00   9.937860e+03   3.222572e+02
  1.814780e+00   1.041053e+04   3.240656e+02
  1.817420e+00   9.974030e+03   3.197527e+02
  1.820060e+00   1.008959e+04   3.219717e+02
  1.822710e+00   9.866969e+03   3.181238e+02
  1.825350e+00   9.120193e+03   3.070929e+02
  1.827990e+00   9.631399e+03   3.133094e+02
  1.830640e+00   9.987496e+03   3.226813e+02
  1.833280e+00   9.096700e+03   3.047509e+02
  1.835920e+00   1.008631e+04   3.228550e+02
  1.838570e+00   1.006735e+04   3.220830e+02
  1.841210e+00   1.008287e+04   3.202928e+02
  1.843850e+00   9.741346e+03   3.194313e+02
  1.846500e+00   9.940822e+03   3.188520e+02
  1.849140e+00   9.755613e+03   3.175182e+02
  1.851780e+00   9.786211e+03   3.188520e+02
  1.854430e+00   9.669250e+03   3.153762e+02
  1.857070e+00   9.822911e+03   3.203880e+02
  1.859710e+00   1.020776e+04   3.219937e+02
  1.862360e+00   9.842784e+03   3.196788e+02
  1.865000e+00   9.403633e+03   3.115563e+02
  1.867640e+00   9.731269e+03   3.173990e+02
  1.870290e+00   9.856640e+03   3.196234e+02
  1.872930e+00   1.064451e+04   3.288100e+02
  1.875570e+00   9.979660e+03   3.229342e+02
  1.878220e+00   9.605342e+03   3.149716e+02
  1.880860e+00   9.489592e+03   3.125231e+02
  1.883500e+00   1.021400e+04   3.266076e+02
  1.886150e+00   9.910841e+03   3.169137e+02
  1.888790e+00   9.829818e+03   3.207840e+02
  1.891430e+00   9.790948e+03   3.161662e+02
  1.894080e+00   9.448911e+03   3.134006e+02
  1.896720e+00   1.004142e+04   3.230773e+02
  1.899360e+00   9.639274e+03   3.150695e+02
  1.902010e+00   9.805597e+03   3.198233e+02
  1.904650e+00   1.025268e+04   3.226091e+02
  1.907290e+00   1.016616e+04   3.250778e+02
  1.909940e+00   9.985561e+03   3.201224e+02
  1.912580e+00   9.613913e+03   3.169613e+02
  1.915220e+00   9.839408e+03   3.190647e+02
  1.917870e+00   1.015265e+04   3.218608e+02
  1.920510e+00   1.018236e+04   3.247668e+02
  1.923150e+00   9.260457e+03   3.097160e+02
  1.925800e+00   9.149943e+03   3.068792e+02
  1.928440e+00   9.364042e+03   3.114434e+02
  1.931080e+00   9.758764e+03   3.162833e+02
  1.933730e+00   9.939957e+03   3.218180e+02
  1.936370e+00   9.829242e+03   3.180668e+02
  1.939020e+00   1.012185e+04   3.226729e+02
  1.941660e+00   9.716999e+03   3.164290e+02
  1.944300e+00   9.925520e+03   3.201781e+02
  1.946950e+00   9.833520e+03   3.197153e+02
  1.949590e+00   9.603325e+03   3.133927e+02
  1.952230e+00   1.047851e+04   3.295520e+02
  1.954880e+00   9.761828e+03   3.168824e+02
  1.957520e+00   9.979727e+03   3.214254e+02
  1.960160e+00   9.361780e+03   3.106816e+02
  1.962810e+00   9.819181e+03   3.170779e+02
  1.965450e+00   1.043213e+04   3.293993e+02
  1.968090e+00   9.665596e+03   3.145884e+02
  1.970740e+00   9.897917e+03   3.194539e+02
  1.973380e+00   1.016880e+04   3.228596e+02
  1.976020e+00   9.877225e+03   3.182891e+02
  1.978670e+00   1.012449e+04   3.250778e+02
  1.981310e+00   9.821359e+03   3.174794e+02
  1.983950e+00   9.621267e+03   3.153243e+02
  1.986600e+00   9.489415e+03   3.111702e+02
  1.989240e+00   9.875039e+03   3.195488e+02
  1.991880e+00   9.758216e+03   3.170994e+02
  1.994530e+00   9.624535e+03   3.117693e+02
  1.997170e+00   9.723139e+03   3.186630e+02
  1.999810e+00   9.747706e+03   3.141154e+02
  2.002460e+00   9.492954e+03   3.121264e+02
  2.005100e+00   9.764914e+03   3.156548e+02
  2.007740e+00   9.990640e+03   3.180056e+02
  2.010390e+00   1.020153e+04   3.248829e+02
  2.013030e+00   9.838806e+03   3.155799e+02
  2.015670e+00   9.738566e+03   3.141473e+02
  2.018320e+00   1.013534e+04   3.187592e+02
  2.020960e+00   9.578026e+03   3.119034e+02
  2.023600e+00   9.962015e+03   3.185501e+02
  2.026250e+00   9.989349e+03   3.163659e+02
  2.028890e+00   1.042150e+04   3.264699e+02
  2.031530e+00   9.801066e+03   3.137245e+02
  2.034180e+00   9.703692e+03   3.146638e+02
  2.036820e+00   9.852322e+03   3.155268e+02
  2.039460e+00   9.989349e+03   3.163659e+02
  2.042110e+00   9.580440e+03   3.124795e+02
  2.044750e+00   1.010216e+04   3.191393e+02
  2.047390e+00   1.000348e+04   3.200398e+02
  2.050040e+00   1.027254e+04   3.205477e+02
  2.052680e+00   1.008498e+04   3.185965e+02
  2.055320e+00   9.648902e+03   3.140450e+02
  2.057970e+00   9.554652e+03   3.096680e+02
  2.060610e+00   9.463615e+03   3.093279e+02
  2.063250e+00   9.183651e+03   3.037682e+02
  2.065900e+00   9.610638e+03   3.118103e+02
  2.068540e+00   9.773058e+03   3.154241e+02
  2.071180e+00   1.037581e+04   3.214314e+02
  2.073830e+00   9.804663e+03   3.161150e+02
  2.076470e+00   9.237081e+03   3.038777e+02
  2.079110e+00   1.023308e+04   3.235983e+02
  2.081760e+00   9.464324e+03   3.082008e+02
  2.084400e+00   1.005022e+04   3.160821e+02
  2.087040e+00   9.657327e+03   3.138210e+02
  2.089690e+00   9.950927e+03   3.167415e+02
  2.092330e+00   9.965236e+03   3.183278e+02
  2.094980e+00   1.033838e+04   3.216639e+02
  2.097620e+00   9.097622e+03   3.019152e+02
  2.100260e+00   9.402353e+03   3.081497e+02
  2.102910e+00   9.806612e+03   3.139020e+02
  2.105550e+00   1.038908e+04   3.257740e+02
  2.108190e+00   9.416635e+03   3.140624e+02
  2.110840e+00   9.738741e+03   3.258945e+02
  2.113480e+00   9.456502e+03   3.230280e+02
  2.116120e+00   1.026101e+04   3.350338e+02
  2.118770e+00   9.767167e+03   3.317104e+02
  2.121410e+00   9.789388e+03   3.300002e+02
  2.124050e+00   9.198198e+03   3.276722e+02
  2.126700e+00   1.006880e+04   3.388422e+02
  2.129340e+00   9.707436e+03   3.357387e+02
  2.131980e+00   9.981676e+03   3.433801e+02
  2.134630e+00   1.076558e+04   3.558992e+02
  2.137270e+00   9.966309e+03   3.482510e+02
  2.139910e+00   9.376574e+03   3.319271e+02
  2.142560e+00   9.567575e+03   3.419172e+02
  2.145200e+00   1.071617e+04   3.618595e+02
  2.147840e+00   1.017689e+04   3.532452e+02
  2.150490e+00   9.858066e+03   3.487533e+02
  2.153130e+00   9.028476e+03   3.305560e+02
  2.155770e+00   9.739119e+03   3.500654e+02
  2.158420e+00   9.693416e+03   3.502373e+02
  2.161060e+00   9.428954e+03   3.400168e+02
  2.163700e+00   1.004493e+04   3.459659e+02
  2.166350e+00   9.606351e+03   3.334413e+02
  2.168990e+00   1.027268e+04   3.470819e+02
  2.171630e+00   9.710329e+03   3.340455e+02
  2.174280e+00   9.816731e+03   3.343592e+02
  2.176920e+00   9.712492e+03   3.345160e+02
  2.179560e+00   9.302584e+03   3.227030e+02
  2.182210e+00   9.806334e+03   3.313253e+02
  2.184850e+00   9.605380e+03   3.267817e+02
  2.187490e+00   9.323285e+03   3.224525e+02
  2.190140e+00   9.857291e+03   3.332373e+02
  2.192780e+00   9.477155e+03   3.244916e+02
  2.195420e+00   9.828323e+03   3.277929e+02
  2.198070e+00   9.463890e+03   3.221546e+02
  2.200710e+00   9.307805e+03   3.205778e+02
  2.203350e+00   9.688281e+03   3.292212e+02
  2.206000e+00   9.112099e+03   3.155262e+02
  2.208640e+00   9.411037e+03   3.218507e+02
  2.211280e+00   1.005382e+04   3.332810e+02
  2.213930e+00   1.011090e+04   3.329848e+02
  2.216570e+00   9.881952e+03   3.303172e+02
  2.219210e+00   9.978032e+03   3.289660e+02
  2.221860e+00   1.028059e+04   3.363913e+02
  2.224500e+00   1.030438e+04   3.369892e+02
  2.227140e+00   9.625211e+03   3.253915e+02
  2.229790e+00   9.870870e+03   3.292119e+02
  2.232430e+00   1.004842e+04   3.316471e+02
  2.235070e+00   9.557503e+03   3.251529e+02
  2.237720e+00   9.835245e+03   3.300492e+02
  2.240360e+00   9.809604e+03   3.290035e+02
  2.243010e+00   9.312513e+03   3.203602e+02
  2.245650e+00   9.610073e+03   3.254381e+02
  2.248290e+00   9.689234e+03   3.271822e+02
  2.250940e+00   9.882160e+03   3.321852e+02
  2.253580e+00   9.673307e+03   3.247979e+02
  2.256220e+00   9.747725e+03   3.287826e+02
  2.258870e+00   9.786675e+03   3.304725e+02
  2.261510e+00   1.015639e+04   3.346645e+02
  2.264150e+00   9.967376e+03   3.329867e+02
  2.266800e+00   9.469746e+03   3.238585e+02
  2.269440e+00   9.232727e+03   3.202797e+02
  2.272080e+00   9.095624e+03   3.191938e+02
  2.274730e+00   9.449207e+03   3.224028e+02
  2.277370e+00   9.489031e+03   3.248982e+02
  2.280010e+00   9.385726e+03   3.221173e+02
  2.282660e+00   9.777136e+03   3.295872e+02
  2.285300e+00   9.347913e+03   3.217684e+02
  2.287940e+00   9.966219e+03   3.311054e+02
  2.290590e+00   8.950189e+03   3.170319e+02
  2.293230e+00   9.330614e+03   3.192871e+02
  2.295870e+00   1.016132e+04   3.368444e+02
  2.298520e+00   9.224348e+03   3.188401e+02
  2.301160e+00   1.020099e+04   3.368663e+02
  2.303800e+00   9.910219e+03   3.354101e+02
  2.306450e+00   9.657428e+03   3.246309e+02
  2.309090e+00   9.981937e+03   3.345953e+02
  2.311730e+00   9.679184e+03   3.272161e+02
  2.314380e+00   9.796678e+03   3.304338e+02
  2.317020e+00   9.635209e+03   3.289406e+02
  2.319660e+00   9.902541e+03   3.295359e+02
  2.322310e+00   9.809554e+03   3.329580e+02
  2.324950e+00   9.838983e+03   3.298035e+02
  2.327590e+00   9.771622e+03   3.305301e+02
  2.330240e+00   1.013409e+04   3.379909e+02
  2.332880e+00   9.997189e+03   3.321344e+02
  2.335520e+00   9.752411e+03   3.329418e+02
  2.338170e+00   9.947337e+03   3.321319e+02
  2.340810e+00   1.025316e+04   3.373042e+02
  2.343450e+00   1.028476e+04   3.396327e+02
  2.346100e+00   1.012477e+04   3.350810e+02
  2.348740e+00   9.592099e+03   3.286199e+02
  2.351380e+00   9.972397e+03   3.313107e+02
  2.354030e+00   1.002784e+04   3.338905e+02
  2.356670e+00   1.011170e+04   3.368695e+02
  2.359310e+00   9.370680e+03   3.223612e+02
  2.361960e+00   1.008315e+04   3.355463e+02
  2.364600e+00   9.716332e+03   3.275375e+02
  2.367240e+00   9.777290e+03   3.316719e+02
  2.369890e+00   9.443824e+03   3.239205e+02
  2.372530e+00   9.787388e+03   3.316330e+02
  2.375170e+00   9.706630e+03   3.298447e+02
  2.377820e+00   9.875810e+03   3.301119e+02
  2.380460e+00   1.007773e+04   3.370497e+02
  2.383100e+00   9.691213e+03   3.265052e+02
  2.385750e+00   9.834924e+03   3.319126e+02
  2.388390e+00   9.713412e+03   3.279986e+02
  2.391030e+00   9.629499e+03   3.276022e+02
  2.393680e+00   9.981986e+03   3.329179e+02
  2.396320e+00   9.447089e+03   3.217691e+02
  2.398970e+00   9.692333e+03   3.289792e+02
  2.401610e+00   9.652448e+03   3.246470e+02
  2.404250e+00   9.684212e+03   3.294636e+02
  2.406900e+00   9.900423e+03   3.309346e+02
  2.409540e+00   1.000124e+04   3.311741e+02
  2.412180e+00   9.260221e+03   3.229873e+02
  2.414830e+00   9.846512e+03   3.283996e+02
  2.417470e+00   1.018217e+04   3.377213e+02
  2.420110e+00   9.240653e+03   3.190228e+02
  2.422760e+00   1.035396e+04   3.384298e+02
  2.425400e+00   9.684212e+03   3.294636e+02
  2.428040e+00   9.616042e+03   3.256403e+02
  2.430690e+00   9.616961e+03   3.283176e+02
  2.433330e+00   1.004799e+04   3.323581e+02
  2.435970e+00   9.495227e+03   3.266457e+02
  2.438620e+00   9.174410e+03   3.207757e+02
  2.441260e+00   9.374053e+03   3.217167e+02
  2.443900e+00   9.615097e+03   3.278721e+02
  2.446550e+00   1.009650e+04   3.337799e+02
  2.449190e+00   9.605752e+03   3.281262e+02
  2.451830e+00   9.815162e+03   3.310572e+02
  2.454480e+00   9.354344e+03   3.221807e+02
  2.457120e+00   9.877362e+03   3.341068e+02
  2.459760e+00   9.565177e+03   3.257912e+02
  2.462410e+00   9.741346e+03   3.306428e+02
  2.465050e+00   9.244757e+03   3.208902e+02
  2.467690e+00   1.010549e+04   3.359177e+02
  2.470340e+00   9.571343e+03   3.286813e+02
  2.472980e+00   1.001271e+04   3.346881e+02
  2.475620e+00   9.724766e+03   3.293221e+02
  2.478270e+00   9.774388e+03   3.300576e+02
  2.480910e+00   9.124721e+03   3.204123e+02
  2.483550e+00   9.807186e+03   3.324948e+02
  2.486200e+00   9.897175e+03   3.330665e+02
  2.488840e+00   9.715940e+03   3.307345e+02
  2.491480e+00   9.669005e+03   3.283766e+02
  2.494130e+00   9.993894e+03   3.357514e+02
  2.496770e+00   9.416569e+03   3.252900e+02
  2.499410e+00   9.633296e+03   3.284927e+02
  2.502060e+00   1.007559e+04   3.383051e+02
  2.504700e+00   9.574649e+03   3.268731e+02
  2.507340e+00   9.429203e+03   3.259209e+02
  2.509990e+00   9.892050e+03   3.321425e+02
  2.512630e+00   9.731533e+03   3.318425e+02
  2.515270e+00   9.493117e+03   3.275437e+02
  2.517920e+00   9.364082e+03   3.256210e+02
  2.520560e+00   9.288124e+03   3.233710e+02
  2.523200e+00   9.874758e+03   3.326891e+02
  2.525850e+00   9.986133e+03   3.370157e+02
  2.528490e+00   9.781877e+03   3.325938e+02
  2.531130e+00   9.450279e+03   3.258717e+02
  2.533780e+00   9.277882e+03   3.236033e+02
  2.536420e+00   9.741746e+03   3.318052e+02
  2.539060e+00   9.391980e+03   3.277824e+02
  2.541710e+00   9.257326e+03   3.217143e+02
  2.544350e+00   9.261685e+03   3.236295e+02
  2.546990e+00   9.467494e+03   3.278325e+02
  2.549640e+00   9.657295e+03   3.316329e+02
  2.552280e+00   9.679042e+03   3.317933e+02
  2.554930e+00   9.675082e+03   3.285830e+02
  2.557570e+00   9.835818e+03   3.340419e+02
  2.560210e+00   9.933869e+03   3.350611e+02
  2.562860e+00   9.616483e+03   3.319979e+02
  2.565500e+00   9.184482e+03   3.233091e+02
  2.568140e+00   9.417252e+03   3.255079e+02
  2.570790e+00   1.008147e+04   3.400394e+02
  2.573430e+00   9.534141e+03   3.272109e+02
  2.576070e+00   9.678016e+03   3.315634e+02
  2.578720e+00   9.447708e+03   3.283306e+02
  2.581360e+00   9.853459e+03   3.344482e+02
  2.584000e+00   9.802262e+03   3.356230e+02
  2.586650e+00   9.459955e+03   3.271794e+02
  2.589290e+00   9.607060e+03   3.297134e+02
  2.591930e+00   9.285342e+03   3.244561e+02
  2.594580e+00   9.731102e+03   3.339705e+02
  2.597220e+00   9.832846e+03   3.364731e+02
  2.599860e+00   9.208475e+03   3.215739e+02
  2.602510e+00   9.324495e+03   3.270243e+02
  2.605150e+00   1.042501e+04   3.444521e+02
  2.607790e+00   9.942002e+03   3.364858e+02
  2.610440e+00   9.826688e+03   3.352823e+02
  2.613080e+00   9.318790e+03   3.248326e+02
  2.615720e+00   9.085797e+03   3.244928e+02
  2.618370e+00   9.519810e+03   3.290528e+02
  2.621010e+00   9.309120e+03   3.252870e+02
  2.623650e+00   9.375785e+03   3.278166e+02
  2.626300e+00   1.001179e+04   3.378815e+02
  2.628940e+00   9.242487e+03   3.273857e+02
  2.631580e+00   9.649125e+03   3.309622e+02
  2.634230e+00   9.744376e+03   3.334457e+02
  2.636870e+00   9.787236e+03   3.347164e+02
  2.639510e+00   1.031967e+04   3.430374e+02
  2.642160e+00   9.593843e+03   3.330072e+02
  2.644800e+00   9.697586e+03   3.312632e+02
  2.647440e+00   9.742271e+03   3.363406e+02
  2.650090e+00   1.011427e+04   3.403724e+02
  2.652730e+00   9.406147e+03   3.288782e+02
  2.655370e+00   9.446246e+03   3.278840e+02
  2.658020e+00   8.871471e+03   3.186727e+02
  2.660660e+00   9.884005e+03   3.372379e+02
  2.663300e+00   9.580282e+03   3.309454e+02
  2.665950e+00   9.606747e+03   3.348702e+02
  2.668590e+00   9.961848e+03   3.474594e+02
  2.671230e+00   1.030779e+04   3.588712e+02
  2.673880e+00   9.529553e+03   3.491358e+02
  2.676520e+00   9.551251e+03   3.485301e+02
  2.679160e+00   9.806433e+03   3.595213e+02
  2.681810e+00   9.154195e+03   3.474885e+02
  2.684450e+00   1.012041e+04   3.688081e+02
  2.687090e+00   9.717479e+03   3.629059e+02
  2.689740e+00   9.216019e+03   3.534182e+02
  2.692380e+00   9.657376e+03   3.684519e+02
  2.695020e+00   9.891531e+03   3.720093e+02
  2.697670e+00   1.013320e+04   3.792255e+02
  2.700310e+00   9.888881e+03   3.753768e+02
  2.702950e+00   9.734895e+03   3.730420e+02
  2.705600e+00   9.656154e+03   3.767224e+02
  2.708240e+00   1.006662e+04   3.821238e+02
  2.710890e+00   9.873389e+03   3.817273e+02
  2.713530e+00   9.613860e+03   3.782523e+02
  2.716170e+00   9.880439e+03   3.875427e+02
  2.718820e+00   9.253803e+03   3.771569e+02
  2.721460e+00   9.669405e+03   3.783930e+02
  2.724100e+00   9.375114e+03   3.652026e+02
  2.726750e+00   1.020528e+04   3.777143e+02
  2.729390e+00   9.775358e+03   3.689471e+02
  2.732030e+00   9.512245e+03   3.585062e+02
  2.734680e+00   9.313998e+03   3.538095e+02
  2.737320e+00   9.472575e+03   3.560012e+02
  2.739960e+00   9.636211e+03   3.566522e+02
  2.742610e+00   9.055134e+03   3.454749e+02
  2.745250e+00   1.019138e+04   3.623638e+02
  2.747890e+00   9.152152e+03   3.461662e+02
  2.750540e+00   1.002032e+04   3.618128e+02
  2.753180e+00   1.023027e+04   3.596772e+02
  2.755820e+00   8.566169e+03   3.331854e+02
  2.758470e+00   9.744034e+03   3.511506e+02
  2.761110e+00   1.015458e+04   3.619717e+02
  2.763750e+00   9.293213e+03   3.449035e+02
  2.766400e+00   1.021537e+04   3.582687e+02
  2.769040e+00   9.750984e+03   3.514011e+02
  2.771680e+00   9.708065e+03   3.482749e+02
  2.774330e+00   9.074466e+03   3.398414e+02
  2.776970e+00   9.760529e+03   3.497072e+02
  2.779610e+00   9.632037e+03   3.466646e+02
  2.782260e+00   9.710824e+03   3.515554e+02
  2.784900e+00   9.007105e+03   3.338255e+02
  2.787540e+00   9.349721e+03   3.432391e+02
  2.790190e+00   9.986844e+03   3.509019e+02
  2.792830e+00   9.397906e+03   3.433920e+02
  2.795470e+00   9.680788e+03   3.486451e+02
  2.798120e+00   9.136113e+03   3.356235e+02
  2.800760e+00   1.009027e+04   3.543172e+02
  2.803400e+00   9.468187e+03   3.414315e+02
  2.806050e+00   9.113423e+03   3.366119e+02
  2.808690e+00   9.765527e+03   3.459127e+02
  2.811330e+00   1.001968e+04   3.499025e+02
  2.813980e+00   9.050529e+03   3.347459e+02
  2.816620e+00   9.453636e+03   3.387117e+02
  2.819260e+00   9.461548e+03   3.429808e+02
  2.821910e+00   9.837877e+03   3.458813e+02
  2.824550e+00   9.654405e+03   3.424064e+02
  2.827190e+00   9.447517e+03   3.422474e+02
  2.829840e+00   9.868925e+03   3.454815e+02
  2.832480e+00   9.504254e+03   3.418443e+02
  2.835120e+00   9.469008e+03   3.381788e+02
  2.837770e+00   9.851297e+03   3.474284e+02
  2.840410e+00   8.889473e+03   3.303747e+02
  2.843050e+00   9.970146e+03   3.479605e+02
  2.845700e+00   9.532722e+03   3.417647e+02
  2.848340e+00   9.639469e+03   3.401695e+02
  2.850980e+00   9.123100e+03   3.349195e+02
  2.853630e+00   9.242011e+03   3.352430e+02
  2.856270e+00   9.789691e+03   3.439747e+02
  2.858910e+00   9.936511e+03   3.508704e+02
  2.861560e+00   9.478729e+03   3.393930e+02
  2.864200e+00   9.211482e+03   3.377093e+02
  2.866850e+00   9.649918e+03   3.426786e+02
  2.869490e+00   9.181208e+03   3.341384e+02
  2.872130e+00   9.337949e+03   3.387230e+02
  2.874780e+00   9.410931e+03   3.398090e+02
  2.877420e+00   9.709814e+03   3.448056e+02
  2.880060e+00   8.986192e+03   3.298935e+02
  2.882710e+00   9.926924e+03   3.470868e+02
  2.885350e+00   9.518325e+03   3.425720e+02
  2.887990e+00   1.017496e+04   3.521190e+02
  2.890640e+00   9.855347e+03   3.482216e+02
  2.893280e+00   9.407267e+03   3.385750e+02
  2.895920e+00   8.974612e+03   3.305841e+02
  2.898570e+00   9.742965e+03   3.446813e+02
  2.901210e+00   9.083359e+03   3.318987e+02
  2.903850e+00   9.233758e+03   3.369446e+02
  2.906500e+00   9.489206e+03   3.391166e+02
  2.909140e+00   9.666141e+03   3.465479e+02
  2.911780e+00   9.867551e+03   3.441704e+02
  2.914430e+00   9.928763e+03   3.484313e+02
  2.917070e+00   9.809724e+03   3.446786e+02
  2.919710e+00   9.298754e+03   3.370796e+02
  2.922360e+00   9.354069e+03   3.381971e+02
  2.925000e+00   9.262636e+03   3.340192e+02
  2.927640e+00   9.250392e+03   3.364335e+02
  2.930290e+00   9.679790e+03   3.430911e+02
  2.932930e+00   9.447958e+03   3.387257e+02
  2.935570e+00   9.824177e+03   3.464720e+02
  2.938220e+00   9.039692e+03   3.298631e+02
  2.940860e+00   9.687587e+03   3.462061e+02
  2.943500e+00   9.094595e+03   3.314255e+02
  2.946150e+00   9.495111e+03   3.408546e+02
  2.948790e+00   9.058362e+03   3.307646e+02
  2.951430e+00   9.589074e+03   3.415966e+02
  2.954080e+00   9.198206e+03   3.369962e+02
  2.956720e+00   8.697252e+03   3.230078e+02
  2.959360e+00   9.731945e+03   3.447232e+02
  2.962010e+00   9.554474e+03   3.399329e+02
  2.964650e+00   9.432401e+03   3.392599e+02
  2.967290e+00   9.412992e+03   3.385618e+02
  2.969940e+00   9.221178e+03   3.336105e+02
  2.972580e+00   8.871093e+03   3.290106e+02
  2.975220e+00   9.324424e+03   3.380101e+02
  2.977870e+00   8.804331e+03   3.269847e+02
  2.980510e+00   9.034635e+03   3.307815e+02
  2.983150e+00   1.035371e+04   3.532642e+02
  2.985800e+00   9.176152e+03   3.346198e+02
  2.988440e+00   9.325905e+03   3.363007e+02
  2.991080e+00   9.298175e+03   3.368373e+02
  2.993730e+00   9.721774e+03   3.437166e+02
  2.996370e+00   9.654627e+03   3.411295e+02
  2.999010e+00   9.402979e+03   3.390801e+02
  3.001660e+00   8.566888e+03   3.228768e+02
  3.004300e+00   9.719468e+03   3.432063e+02
  3.006940e+00   9.499941e+03   3.405894e+02
  3.009590e+00   9.520295e+03   3.382890e+02
  3.012230e+00   9.285973e+03   3.366162e+02
  3.014870e+00   9.930832e+03   3.467997e+02
  3.017520e+00   9.608832e+03   3.423005e+02
  3.020160e+00   9.519942e+03   3.397813e+02
  3.022810e+00   9.446401e+03   3.382354e+02
  3.025450e+00   9.138467e+03   3.332456e+02
  3.028090e+00   9.468212e+03   3.362261e+02
  3.030740e+00   9.663322e+03   3.418638e+02
  3.033380e+00   9.843542e+03   3.437514e+02
  3.036020e+00   9.130829e+03   3.320850e+02
  3.038670e+00   9.267863e+03   3.337739e+02
  3.041310e+00   9.417755e+03   3.363484e+02
  3.043950e+00   9.269457e+03   3.344827e+02
  3.046600e+00   9.218173e+03   3.292205e+02
  3.049240e+00   9.483413e+03   3.374047e+02
  3.051880e+00   9.272535e+03   3.332944e+02
  3.054530e+00   9.243822e+03   3.333408e+02
  3.057170e+00   9.247078e+03   3.321648e+02
  3.059810e+00   9.048250e+03   3.267134e+02
  3.062460e+00   9.139340e+03   3.300024e+02
  3.065100e+00   9.247078e+03   3.321648e+02
  3.067740e+00   9.193173e+03   3.310840e+02
  3.070390e+00   9.735896e+03   3.395784e+02
  3.073030e+00   9.354463e+03   3.340880e+02
  3.075670e+00   8.459023e+03   3.179095e+02
  3.078320e+00   9.151256e+03   3.302175e+02
  3.080960e+00   9.636741e+03   3.381833e+02
  3.083600e+00   9.582863e+03   3.371240e+02
  3.086250e+00   9.427533e+03   3.358420e+02
  3.088890e+00   8.697737e+03   3.225812e+02
  3.091530e+00   9.314553e+03   3.318172e+02
  3.094180e+00   9.526165e+03   3.368008e+02
  3.096820e+00   9.430903e+03   3.351125e+02
  3.099460e+00   9.337494e+03   3.341218e+02
  3.102110e+00   9.630919e+03   3.394453e+02
  3.104750e+00   9.442053e+03   3.350859e+02
  3.107390e+00   8.572731e+03   3.199315e+02
  3.110040e+00   9.258497e+03   3.321467e+02
  3.112680e+00   9.498184e+03   3.351836e+02
  3.115320e+00   9.364430e+03   3.335940e+02
  3.117970e+00   9.872824e+03   3.431043e+02
  3.120610e+00   9.302199e+03   3.337145e+02
  3.123250e+00   9.462635e+03   3.362401e+02
  3.125900e+00   9.232282e+03   3.305687e+02
  3.128540e+00   9.760141e+03   3.412553e+02
  3.131180e+00   9.545371e+03   3.374798e+02
  3.133830e+00   9.528787e+03   3.375269e+02
  3.136470e+00   9.252791e+03   3.321558e+02
  3.139110e+00   9.210387e+03   3.310605e+02
  3.141760e+00   9.906088e+03   3.442604e+02
  3.144400e+00   8.978275e+03   3.267529e+02
  3.147040e+00   9.240380e+03   3.317103e+02
  3.149690e+00   1.017080e+04   3.474278e+02
  3.152330e+00   9.545371e+03   3.374798e+02
  3.154970e+00   8.859115e+03   3.267734e+02
  3.157620e+00   9.019419e+03   3.269537e+02
  3.160260e+00   9.452404e+03   3.348213e+02
  3.162900e+00   1.018460e+04   3.487139e+02
  3.165550e+00   9.595996e+03   3.390578e+02
  3.168190e+00   9.703816e+03   3.409573e+02
  3.170830e+00   9.751912e+03   3.395180e+02
  3.173480e+00   9.182068e+03   3.313293e+02
  3.176120e+00   9.682044e+03   3.397731e+02
  3.178770e+00   9.490442e+03   3.361687e+02
  3.181410e+00   9.044014e+03   3.282769e+02
  3.184050e+00   9.333804e+03   3.327142e+02
  3.186700e+00   9.533439e+03   3.372688e+02
  3.189340e+00   1.043815e+04   3.526724e+02
  3.191980e+00   9.602341e+03   3.351240e+02
  3.194630e+00   9.180434e+03   3.304111e+02
  3.197270e+00   9.065072e+03   3.262591e+02
  3.199910e+00   9.338809e+03   3.324704e+02
  3.202560e+00   9.307783e+03   3.313658e+02
  3.205200e+00   9.446321e+03   3.329391e+02
  3.207840e+00   9.552825e+03   3.350322e+02
  3.210490e+00   9.270823e+03   3.300500e+02
  3.213130e+00   9.087444e+03   3.258007e+02
  3.215770e+00   1.024516e+04   3.453641e+02
  3.218420e+00   9.034778e+03   3.247484e+02
  3.221060e+00   9.639437e+03   3.362140e+02
  3.223700e+00   9.533259e+03   3.327130e+02
  3.226350e+00   9.225204e+03   3.298926e+02
  3.228990e+00   8.895989e+03   3.338605e+02
  3.231630e+00   9.870718e+03   3.568766e+02
  3.234280e+00   9.599834e+03   3.567750e+02
  3.236920e+00   9.972735e+03   3.639103e+02
  3.239560e+00   9.396969e+03   3.585167e+02
  3.242210e+00   9.875879e+03   3.701142e+02
  3.244850e+00   9.456757e+03   3.656193e+02
  3.247490e+00   9.904780e+03   3.759803e+02
  3.250140e+00   1.008149e+04   3.813171e+02
  3.252780e+00   9.275341e+03   3.698321e+02
  3.255420e+00   1.032197e+04   3.920993e+02
  3.258070e+00   9.183305e+03   3.703066e+02
  3.260710e+00   9.489930e+03   3.765964e+02
  3.263350e+00   9.601549e+03   3.846779e+02
  3.266000e+00   8.947216e+03   3.731247e+02
  3.268640e+00   9.269991e+03   3.816395e+02
  3.271280e+00   8.798635e+03   3.718102e+02
  3.273930e+00   9.171247e+03   3.818040e+02
  3.276570e+00   9.502578e+03   3.928832e+02
  3.279210e+00   8.770042e+03   3.802295e+02
  3.281860e+00   9.346089e+03   3.854262e+02
  3.284500e+00   9.022222e+03   3.711246e+02
  3.287140e+00   9.440356e+03   3.740405e+02
  3.289790e+00   8.451676e+03   3.521532e+02
  3.292430e+00   8.984494e+03   3.585203e+02
  3.295070e+00   9.561152e+03   3.691042e+02
  3.297720e+00   9.160359e+03   3.601309e+02
  3.300360e+00   9.454917e+03   3.650030e+02
  3.303000e+00   9.507815e+03   3.630101e+02
  3.305650e+00   9.433307e+03   3.599031e+02
  3.308290e+00   9.612950e+03   3.635952e+02
  3.310930e+00   8.863389e+03   3.498101e+02
  3.313580e+00   8.967143e+03   3.522626e+02
  3.316220e+00   9.116749e+03   3.532668e+02
  3.318860e+00   9.494619e+03   3.609313e+02
  3.321510e+00   9.248484e+03   3.533664e+02
  3.324150e+00   8.958762e+03   3.489838e+02
  3.326800e+00   9.640392e+03   3.592762e+02
  3.329440e+00   8.843338e+03   3.460666e+02
  3.332080e+00   9.235528e+03   3.533876e+02
  3.334730e+00   9.065785e+03   3.494603e+02
  3.337370e+00   9.183764e+03   3.498736e+02
  3.340010e+00   9.766891e+03   3.587957e+02
  3.342660e+00   9.501788e+03   3.553467e+02
  3.345300e+00   8.850616e+03   3.429544e+02
  3.347940e+00   8.758656e+03   3.396461e+02
  3.350590e+00   8.615331e+03   3.358606e+02
  3.353230e+00   8.673800e+03   3.373717e+02
  3.355870e+00   9.283684e+03   3.489022e+02
  3.358520e+00   9.033851e+03   3.434155e+02
  3.361160e+00   9.188675e+03   3.453316e+02
  3.363800e+00   8.877195e+03   3.414306e+02
  3.366450e+00   8.870663e+03   3.404248e+02
  3.369090e+00   9.308000e+03   3.485873e+02
  3.371730e+00   9.569924e+03   3.503798e+02
  3.374380e+00   8.903038e+03   3.391787e+02
  3.377020e+00   9.444657e+03   3.510079e+02
  3.379660e+00   8.864101e+03   3.406751e+02
  3.382310e+00   9.038833e+03   3.418801e+02
  3.384950e+00   8.729562e+03   3.347634e+02
  3.387590e+00   9.385750e+03   3.476204e+02
  3.390240e+00   9.331437e+03   3.480039e+02
  3.392880e+00   8.844961e+03   3.377022e+02
  3.395520e+00   9.090247e+03   3.426016e+02
  3.398170e+00   9.169421e+03   3.450957e+02
  3.400810e+00   8.701859e+03   3.361821e+02
  3.403450e+00   9.058892e+03   3.428841e+02
  3.406100e+00   9.145813e+03   3.420340e+02
  3.408740e+00   9.026337e+03   3.421424e+02
  3.411380e+00   8.728487e+03   3.359596e+02
  3.414030e+00   9.432827e+03   3.491246e+02
  3.416670e+00   9.012971e+03   3.413906e+02
  3.419310e+00   9.520470e+03   3.499794e+02
  3.421960e+00   8.961616e+03   3.411629e+02
  3.424600e+00   8.572426e+03   3.334287e+02
  3.427240e+00   9.364671e+03   3.466020e+02
  3.429890e+00   9.313357e+03   3.456511e+02
  3.432530e+00   9.357909e+03   3.463518e+02
  3.435170e+00   9.290688e+03   3.464842e+02
  3.437820e+00   9.412119e+03   3.462304e+02
  3.440460e+00   8.635205e+03   3.316331e+02
  3.443100e+00   9.477523e+03   3.479308e+02
  3.445750e+00   9.417325e+03   3.459541e+02
  3.448390e+00   9.208814e+03   3.427166e+02
  3.451030e+00   9.590146e+03   3.478712e+02
  3.453680e+00   8.877195e+03   3.348097e+02
  3.456320e+00   9.343072e+03   3.453299e+02
  3.458960e+00   8.751633e+03   3.314917e+02
  3.461610e+00   9.939957e+03   3.525340e+02
  3.464250e+00   9.344415e+03   3.435075e+02
  3.466890e+00   9.930421e+03   3.528622e+02
  3.469540e+00   9.412725e+03   3.443936e+02
  3.472180e+00   8.772176e+03   3.292139e+02
  3.474820e+00   8.852259e+03   3.322193e+02
  3.477470e+00   9.071129e+03   3.368933e+02
  3.480110e+00   9.065537e+03   3.373843e+02
  3.482760e+00   9.064477e+03   3.364143e+02
  3.485400e+00   8.852501e+03   3.306027e+02
  3.488040e+00   9.107045e+03   3.363764e+02
  3.490690e+00   8.896069e+03   3.345711e+02
  3.493330e+00   9.917201e+03   3.504071e+02
  3.495970e+00   8.710400e+03   3.280526e+02
  3.498620e+00   8.920802e+03   3.333860e+02
  3.501260e+00   9.269110e+03   3.395939e+02
  3.503900e+00   9.268015e+03   3.390989e+02
  3.506550e+00   9.644818e+03   3.455615e+02
  3.509190e+00   9.763666e+03   3.491480e+02
  3.511830e+00   8.833587e+03   3.317523e+02
  3.514480e+00   9.168759e+03   3.372782e+02
  3.517120e+00   9.037924e+03   3.342797e+02
  3.519760e+00   9.000489e+03   3.331230e+02
  3.522410e+00   8.740622e+03   3.294246e+02
  3.525050e+00   9.692191e+03   3.486039e+02
  3.527690e+00   9.376884e+03   3.401353e+02
  3.530340e+00   8.951689e+03   3.333783e+02
  3.532980e+00   9.380381e+03   3.413870e+02
  3.535620e+00   9.212417e+03   3.381985e+02
  3.538270e+00   9.903640e+03   3.510252e+02
  3.540910e+00   9.562881e+03   3.421868e+02
  3.543550e+00   9.244742e+03   3.393851e+02
  3.546200e+00   8.536003e+03   3.254321e+02
  3.548840e+00   8.908126e+03   3.319862e+02
  3.551480e+00   9.493667e+03   3.421280e+02
  3.554130e+00   8.969858e+03   3.329027e+02
  3.556770e+00   9.188894e+03   3.384773e+02
  3.559410e+00   9.026183e+03   3.347626e+02
  3.562060e+00   8.883338e+03   3.303749e+02
  3.564700e+00   8.691479e+03   3.280387e+02
  3.567340e+00   9.613891e+03   3.435724e+02
  3.569990e+00   8.883442e+03   3.331551e+02
  3.572630e+00   9.301088e+03   3.380538e+02
  3.575270e+00   9.390649e+03   3.408590e+02
  3.577920e+00   8.709466e+03   3.289520e+02
  3.580560e+00   8.895831e+03   3.324528e+02
  3.583200e+00   9.245543e+03   3.369263e+02
  3.585850e+00   8.883330e+03   3.301463e+02
  3.588490e+00   9.126554e+03   3.373271e+02
  3.591130e+00   8.957727e+03   3.331415e+02
  3.593780e+00   8.908040e+03   3.315229e+02
  3.596420e+00   8.507825e+03   3.236529e+02
  3.599060e+00   9.167946e+03   3.367929e+02
  3.601710e+00   9.092213e+03   3.342364e+02
  3.604350e+00   9.476421e+03   3.421737e+02
  3.606990e+00   8.982214e+03   3.331319e+02
  3.609640e+00   8.567237e+03   3.259130e+02
  3.612280e+00   9.322291e+03   3.394978e+02
  3.614920e+00   9.074466e+03   3.344892e+02
  3.617570e+00   9.049567e+03   3.337983e+02
  3.620210e+00   8.963741e+03   3.329050e+02
  3.622850e+00   9.018297e+03   3.326449e+02
  3.625500e+00   9.092810e+03   3.347110e+02
  3.628140e+00   9.561004e+03   3.432200e+02
  3.630780e+00   8.951274e+03   3.324420e+02
  3.633430e+00   8.932485e+03   3.312875e+02
  3.636070e+00   9.074192e+03   3.342522e+02
  3.638720e+00   9.100364e+03   3.359006e+02
  3.641360e+00   9.266925e+03   3.386061e+02
  3.644000e+00   9.106403e+03   3.358948e+02
  3.646650e+00   9.220038e+03   3.359969e+02
  3.649290e+00   8.938756e+03   3.317484e+02
  3.651930e+00   8.594011e+03   3.252881e+02
  3.654580e+00   9.288802e+03   3.378304e+02
  3.657220e+00   8.709700e+03   3.287265e+02
  3.659860e+00   8.753557e+03   3.289788e+02
  3.662510e+00   9.355386e+03   3.386877e+02
  3.665150e+00   9.041700e+03   3.319312e+02
  3.667790e+00   8.637934e+03   3.255544e+02
  3.670440e+00   8.465588e+03   3.225132e+02
  3.673080e+00   9.312772e+03   3.380322e+02
  3.675720e+00   9.016754e+03   3.307926e+02
  3.678370e+00   9.383591e+03   3.383810e+02
  3.681010e+00   9.512577e+03   3.393024e+02
  3.683650e+00   8.755422e+03   3.265222e+02
  3.686300e+00   8.684474e+03   3.234267e+02
  3.688940e+00   7.952994e+03   3.109867e+02
  3.691580e+00   8.822510e+03   3.274340e+02
  3.694230e+00   8.913183e+03   3.269930e+02
  3.696870e+00   9.414844e+03   3.353899e+02
  3.699510e+00   8.649267e+03   3.221155e+02
  3.702160e+00   9.136339e+03   3.318468e+02
  3.704800e+00   8.726325e+03   3.245355e+02
  3.707440e+00   8.906805e+03   3.247978e+02
  3.710090e+00   8.763614e+03   3.236915e+02
  3.712730e+00   9.163941e+03   3.308907e+02
  3.715370e+00   9.434642e+03   3.363087e+02
  3.718020e+00   9.176695e+03   3.315675e+02
  3.720660e+00   9.756595e+03   3.405075e+02
  3.723300e+00   9.201970e+03   3.326979e+02
  3.725950e+00   8.781225e+03   3.245634e+02
  3.728590e+00   9.019419e+03   3.269537e+02
  3.731230e+00   9.240380e+03   3.317103e+02
  3.733880e+00   8.984292e+03   3.269719e+02
  3.736520e+00   8.703132e+03   3.232262e+02
  3.739160e+00   9.651473e+03   3.403812e+02
  3.741810e+00   8.520681e+03   3.182107e+02
  3.744450e+00   8.607826e+03   3.210177e+02
  3.747090e+00   9.301626e+03   3.334795e+02
  3.749740e+00   9.026844e+03   3.287383e+02
  3.752380e+00   8.770097e+03   3.230507e+02
  3.755020e+00   8.650492e+03   3.212712e+02
  3.757670e+00   9.599897e+03   3.400458e+02
  3.760310e+00   8.811438e+03   3.245735e+02
  3.762950e+00   8.894937e+03   3.243650e+02
  3.765600e+00   8.984725e+03   3.276392e+02
  3.768240e+00   8.816969e+03   3.258846e+02
  3.770880e+00   9.510849e+03   3.388100e+02
  3.773530e+00   8.663000e+03   3.210721e+02
  3.776170e+00   8.475298e+03   3.165158e+02
  3.778810e+00   8.476135e+03   3.185526e+02
  3.781460e+00   9.187837e+03   3.313219e+02
  3.784100e+00   8.602026e+03   3.208014e+02
  3.786740e+00   8.901516e+03   3.290095e+02
  3.789390e+00   9.469876e+03   3.512183e+02
  3.792030e+00   8.648886e+03   3.408138e+02
  3.794680e+00   9.054466e+03   3.513814e+02
  3.797320e+00   8.967283e+03   3.525403e+02
  3.799960e+00   8.304472e+03   3.448244e+02
  3.802610e+00   8.869876e+03   3.603141e+02
  3.805250e+00   9.320679e+03   3.743275e+02
  3.807890e+00   9.271571e+03   3.714577e+02
  3.810540e+00   8.649574e+03   3.622908e+02
  3.813180e+00   8.645212e+03   3.656535e+02
  3.815820e+00   9.001787e+03   3.744250e+02
  3.818470e+00   9.639458e+03   3.912535e+02
  3.821110e+00   9.909427e+03   3.966945e+02
  3.823750e+00   9.032362e+03   3.840951e+02
  3.826400e+00   9.290472e+03   3.918949e+02
  3.829040e+00   8.860477e+03   3.848745e+02
  3.831680e+00   9.593777e+03   4.021921e+02
  3.834330e+00   8.963048e+03   3.923019e+02
  3.836970e+00   9.129338e+03   3.984370e+02
  3.839610e+00   8.560780e+03   3.879260e+02
  3.842260e+00   9.378395e+03   3.991710e+02
  3.844900e+00   9.286911e+03   3.862846e+02
  3.847540e+00   9.287883e+03   3.830259e+02
  3.850190e+00   8.515958e+03   3.618084e+02
  3.852830e+00   8.816288e+03   3.663924e+02
  3.855470e+00   8.839675e+03   3.642325e+02
  3.858120e+00   8.520919e+03   3.556563e+02
  3.860760e+00   9.045795e+03   3.641700e+02
  3.863400e+00   8.805022e+03   3.565049e+02
  3.866050e+00   8.848279e+03   3.576705e+02
  3.868690e+00   8.482977e+03   3.519332e+02
  3.871330e+00   8.695434e+03   3.555827e+02
  3.873980e+00   9.120210e+03   3.610726e+02
  3.876620e+00   8.620711e+03   3.504817e+02
  3.879260e+00   8.600448e+03   3.493693e+02
  3.881910e+00   8.279691e+03   3.432042e+02
  3.884550e+00   9.694460e+03   3.695978e+02
  3.887190e+00   8.558170e+03   3.445390e+02
  3.889840e+00   8.322370e+03   3.397593e+02
  3.892480e+00   9.097746e+03   3.541293e+02
  3.895120e+00   8.897823e+03   3.498095e+02
  3.897770e+00   8.679012e+03   3.444161e+02
  3.900410e+00   8.511265e+03   3.396364e+02
  3.903050e+00   8.884039e+03   3.487290e+02
  3.905700e+00   8.836721e+03   3.452793e+02
  3.908340e+00   9.018316e+03   3.481482e+02
  3.910980e+00   8.663929e+03   3.398272e+02
  3.913630e+00   8.515134e+03   3.379128e+02
  3.916270e+00   9.289778e+03   3.516233e+02
  3.918910e+00   8.764658e+03   3.406481e+02
  3.921560e+00   8.712191e+03   3.391216e+02
  3.924200e+00   8.383652e+03   3.321724e+02
  3.926840e+00   8.680215e+03   3.376213e+02
  3.929490e+00   8.601831e+03   3.358451e+02
  3.932130e+00   8.406533e+03   3.315213e+02
  3.934770e+00   8.602642e+03   3.353659e+02
  3.937420e+00   8.936245e+03   3.424376e+02
  3.940060e+00   8.706732e+03   3.378867e+02
  3.942700e+00   9.143446e+03   3.446066e+02
  3.945350e+00   8.561093e+03   3.357937e+02
  3.947990e+00   9.414016e+03   3.510836e+02
  3.950640e+00   8.870595e+03   3.421906e+02
  3.953280e+00   8.714609e+03   3.366747e+02
  3.955920e+00   8.746455e+03   3.381575e+02
  3.958570e+00   8.492929e+03   3.326088e+02
  3.961210e+00   8.694160e+03   3.371451e+02
  3.963850e+00   8.526779e+03   3.326613e+02
  3.966500e+00   9.032935e+03   3.423925e+02
  3.969140e+00   8.694160e+03   3.371451e+02
  3.971780e+00   8.255143e+03   3.270807e+02
  3.974430e+00   9.584797e+03   3.511598e+02
  3.977070e+00   8.727834e+03   3.366835e+02
  3.979710e+00   9.013767e+03   3.424047e+02
  3.982360e+00   8.851085e+03   3.399239e+02
  3.985000e+00   8.488979e+03   3.314390e+02
  3.987640e+00   8.967384e+03   3.399078e+02
  3.990290e+00   8.264752e+03   3.264381e+02
  3.992930e+00   9.012971e+03   3.413906e+02
  3.995570e+00   8.689967e+03   3.349736e+02
  3.998220e+00   9.030691e+03   3.398745e+02
  4.000860e+00   8.980568e+03   3.406524e+02
  4.003500e+00   8.605047e+03   3.339406e+02
  4.006150e+00   9.219370e+03   3.450263e+02
  4.008790e+00   8.710667e+03   3.340388e+02
  4.011430e+00   8.902741e+03   3.372153e+02
  4.014080e+00   8.399787e+03   3.292136e+02
  4.016720e+00   8.793265e+03   3.369586e+02
  4.019360e+00   8.921997e+03   3.379447e+02
  4.022010e+00   8.588766e+03   3.318130e+02
  4.024650e+00   9.365376e+03   3.468658e+02
  4.027290e+00   8.754884e+03   3.357345e+02
  4.029940e+00   8.826250e+03   3.352815e+02
  4.032580e+00   9.023978e+03   3.393816e+02
  4.035220e+00   8.434937e+03   3.288281e+02
  4.037870e+00   8.415375e+03   3.285652e+02
  4.040510e+00   9.133022e+03   3.417947e+02
  4.043150e+00   8.896231e+03   3.360060e+02
  4.045800e+00   8.383661e+03   3.278271e+02
  4.048440e+00   8.922322e+03   3.391758e+02
  4.051080e+00   9.010830e+03   3.386477e+02
  4.053730e+00   8.452054e+03   3.275104e+02
  4.056370e+00   8.551719e+03   3.303817e+02
  4.059010e+00   9.273156e+03   3.441591e+02
  4.061660e+00   8.851538e+03   3.369723e+02
  4.064300e+00   8.743368e+03   3.338233e+02
  4.066940e+00   8.506246e+03   3.298581e+02
  4.069590e+00   8.698373e+03   3.333224e+02
  4.072230e+00   8.124247e+03   3.206384e+02
  4.074870e+00   8.388600e+03   3.262787e+02
  4.077520e+00   8.452661e+03   3.272883e+02
  4.080160e+00   8.475136e+03   3.288991e+02
  4.082800e+00   8.102760e+03   3.220558e+02
  4.085450e+00   8.622834e+03   3.311579e+02
  4.088090e+00   8.536250e+03   3.283173e+02
  4.090730e+00   8.248102e+03   3.237663e+02
  4.093380e+00   9.024189e+03   3.396298e+02
  4.096020e+00   8.826322e+03   3.350426e+02
  4.098660e+00   8.681049e+03   3.314440e+02
  4.101310e+00   8.794705e+03   3.340832e+02
  4.103950e+00   8.719237e+03   3.319357e+02
  4.106600e+00   8.864440e+03   3.362474e+02
  4.109240e+00   7.971872e+03   3.166035e+02
  4.111880e+00   8.228574e+03   3.234986e+02
  4.114530e+00   9.106448e+03   3.405618e+02
  4.117170e+00   8.533315e+03   3.296707e+02
  4.119810e+00   9.084518e+03   3.378568e+02
  4.122460e+00   8.252573e+03   3.227012e+02
  4.125100e+00   8.407972e+03   3.265386e+02
  4.127740e+00   8.365541e+03   3.271185e+02
  4.130390e+00   8.390686e+03   3.256218e+02
  4.133030e+00   8.688586e+03   3.305294e+02
  4.135670e+00   8.528198e+03   3.289824e+02
  4.138320e+00   8.480273e+03   3.268905e+02
  4.140960e+00   8.611259e+03   3.302267e+02
  4.143600e+00   9.078663e+03   3.381071e+02
  4.146250e+00   9.142752e+03   3.400226e+02
  4.148890e+00   8.533807e+03   3.294440e+02
  4.151530e+00   8.439988e+03   3.270429e+02
  4.154180e+00   8.720575e+03   3.305525e+02
  4.156820e+00   9.003291e+03   3.369397e+02
  4.159460e+00   8.757147e+03   3.326565e+02
  4.162110e+00   8.813604e+03   3.348011e+02
  4.164750e+00   8.260198e+03   3.225066e+02
  4.167390e+00   8.124890e+03   3.191758e+02
  4.170040e+00   8.946010e+03   3.345618e+02
  4.172680e+00   8.410638e+03   3.256612e+02
  4.175320e+00   8.708759e+03   3.296314e+02
  4.177970e+00   9.014342e+03   3.352470e+02
  4.180610e+00   8.596468e+03   3.274994e+02
  4.183250e+00   8.244881e+03   3.197228e+02
  4.185900e+00   8.352100e+03   3.212346e+02
  4.188540e+00   8.618276e+03   3.259732e+02
  4.191180e+00   8.307668e+03   3.207139e+02
  4.193830e+00   8.790769e+03   3.294480e+02
  4.196470e+00   8.777869e+03   3.301258e+02
  4.199110e+00   8.858790e+03   3.296900e+02
  4.201760e+00   8.553833e+03   3.230738e+02
  4.204400e+00   8.877195e+03   3.290107e+02
  4.207040e+00   8.993436e+03   3.317279e+02
  4.209690e+00   8.762064e+03   3.258647e+02
  4.212330e+00   8.797770e+03   3.278735e+02
  4.214970e+00   8.409334e+03   3.196749e+02
  4.217620e+00   8.419607e+03   3.205290e+02
  4.220260e+00   8.406160e+03   3.186347e+02
  4.222900e+00   8.553833e+03   3.230738e+02
  4.225550e+00   8.950358e+03   3.303638e+02
  4.228190e+00   9.205980e+03   3.348182e+02
  4.230830e+00   8.670465e+03   3.247115e+02
  4.233480e+00   8.603770e+03   3.233495e+02
  4.236120e+00   8.737635e+03   3.256324e+02
  4.238760e+00   8.683422e+03   3.242883e+02
  4.241410e+00   8.116993e+03   3.154759e+02
  4.244050e+00   8.987091e+03   3.312686e+02
  4.246690e+00   8.427255e+03   3.201249e+02
  4.249340e+00   9.101397e+03   3.321147e+02
  4.251980e+00   8.392764e+03   3.188147e+02
  4.254620e+00   8.507059e+03   3.213072e+02
  4.257270e+00   9.224961e+03   3.355086e+02
  4.259910e+00   8.718455e+03   3.262800e+02
  4.262560e+00   8.275660e+03   3.171240e+02
  4.265200e+00   8.259545e+03   3.162743e+02
  4.267840e+00   8.375624e+03   3.181637e+02
  4.270490e+00   8.369235e+03   3.181506e+02
  4.273130e+00   8.523570e+03   3.223910e+02
  4.275770e+00   8.822209e+03   3.283286e+02
  4.278420e+00   8.590045e+03   3.239797e+02
  4.281060e+00   8.367847e+03   3.185585e+02
  4.283700e+00   8.446381e+03   3.201592e+02
  4.286350e+00   9.023723e+03   3.319430e+02
  4.288990e+00   8.859041e+03   3.274396e+02
  4.291630e+00   8.634648e+03   3.235971e+02
  4.294280e+00   9.230819e+03   3.354998e+02
  4.296920e+00   8.877195e+03   3.281106e+02
  4.299560e+00   8.756087e+03   3.256424e+02
  4.302210e+00   8.482788e+03   3.208485e+02
  4.304850e+00   9.017521e+03   3.317149e+02
  4.307490e+00   8.639576e+03   3.244661e+02
  4.310140e+00   8.585741e+03   3.229000e+02
  4.312780e+00   8.147562e+03   3.147678e+02
  4.315420e+00   8.992169e+03   3.298907e+02
  4.318070e+00   8.269999e+03   3.169071e+02
  4.320710e+00   8.499182e+03   3.219295e+02
  4.323350e+00   8.707412e+03   3.249577e+02
  4.326000e+00   8.571506e+03   3.237413e+02
  4.328640e+00   8.291885e+03   3.179793e+02
  4.331280e+00   8.639902e+03   3.242497e+02
  4.333930e+00   9.063766e+03   3.303020e+02
  4.336570e+00   8.774183e+03   3.260899e+02
  4.339210e+00   9.115140e+03   3.335055e+02
  4.341860e+00   8.871085e+03   3.292368e+02
  4.344500e+00   8.447555e+03   3.197447e+02
  4.347140e+00   7.940782e+03   3.148725e+02
  4.349790e+00   7.824641e+03   3.218627e+02
  4.352430e+00   8.451858e+03   3.405351e+02
  4.355070e+00   9.066369e+03   3.564358e+02
  4.357720e+00   8.039996e+03   3.406656e+02
  4.360360e+00   8.862300e+03   3.633189e+02
  4.363000e+00   8.584044e+03   3.592311e+02
  4.365650e+00   8.251825e+03   3.547737e+02
  4.368290e+00   9.519572e+03   3.838662e+02
  4.370930e+00   8.728064e+03   3.701524e+02
  4.373580e+00   8.813559e+03   3.744522e+02
  4.376220e+00   8.852695e+03   3.802558e+02
  4.378860e+00   8.384466e+03   3.680372e+02
  4.381510e+00   8.125730e+03   3.663362e+02
  4.384150e+00   8.877195e+03   3.866967e+02
  4.386790e+00   9.297468e+03   3.993604e+02
  4.389440e+00   8.477168e+03   3.798710e+02
  4.392080e+00   8.632548e+03   3.883967e+02
  4.394720e+00   8.807019e+03   3.930765e+02
  4.397370e+00   9.205980e+03   4.044875e+02
  4.400010e+00   8.213396e+03   3.812974e+02
  4.402650e+00   8.285382e+03   3.884247e+02
  4.405300e+00   9.162369e+03   4.105756e+02
  4.407940e+00   9.371928e+03   4.182896e+02
  4.410590e+00   8.295391e+03   3.945715e+02
  4.413230e+00   8.915131e+03   4.112243e+02
  4.415870e+00   9.089015e+03   4.183558e+02
  4.418520e+00   8.129227e+03   4.000131e+02
  4.421160e+00   8.068384e+03   3.989559e+02
  4.423800e+00   8.916914e+03   4.208152e+02
  4.426450e+00   8.220747e+03   4.074873e+02
  4.429090e+00   8.794616e+03   4.261005e+02
  4.431730e+00   8.441631e+03   4.184361e+02
  4.434380e+00   8.774211e+03   4.251119e+02
  4.437020e+00   8.592196e+03   4.258993e+02
  4.439660e+00   9.487569e+03   4.507680e+02
  4.442310e+00   8.480029e+03   4.266766e+02
  4.444950e+00   9.362582e+03   4.494183e+02
  4.447590e+00   8.474181e+03   4.296580e+02
  4.450240e+00   8.743031e+03   4.421541e+02
  4.452880e+00   9.584632e+03   4.676821e+02
  4.455520e+00   8.979493e+03   4.518073e+02
  4.458170e+00   8.865651e+03   4.524234e+02
  4.460810e+00   9.133492e+03   4.613110e+02
  4.463450e+00   8.912562e+03   4.584127e+02
  4.466100e+00   9.128775e+03   4.676813e+02
  4.468740e+00   8.697978e+03   4.558979e+02
  4.471380e+00   9.087672e+03   4.743726e+02
  4.474030e+00   8.701160e+03   4.677772e+02
  4.476670e+00   9.065537e+03   4.771335e+02
  4.479310e+00   8.514094e+03   4.617416e+02
  4.481960e+00   8.826029e+03   4.751774e+02
  4.484600e+00   9.035716e+03   4.885956e+02
  4.487240e+00   9.063802e+03   4.915537e+02
  4.489890e+00   8.625077e+03   4.784332e+02
  4.492530e+00   8.123978e+03   4.674824e+02
  4.495170e+00   9.259597e+03   5.029123e+02
  4.497820e+00   8.596271e+03   4.914161e+02
  4.500460e+00   9.266789e+03   5.078169e+02
  4.503100e+00   8.277770e+03   4.860874e+02
  4.505750e+00   8.790447e+03   5.041667e+02
  4.508390e+00   7.684736e+03   4.756732e+02
  4.511030e+00   7.923446e+03   4.822056e+02
  4.513680e+00   9.643996e+03   5.333142e+02
  4.516320e+00   8.006282e+03   4.946298e+02
  4.518960e+00   8.924164e+03   5.286218e+02
  4.521610e+00   8.576541e+03   5.209878e+02
  4.524250e+00   8.227644e+03   5.044692e+02
  4.526890e+00   9.132654e+03   5.400251e+02
  4.529540e+00   8.374100e+03   5.213487e+02
  4.532180e+00   8.510093e+03   5.329227e+02
  4.534820e+00   9.042198e+03   5.462592e+02
  4.537470e+00   8.126047e+03   5.267334e+02
  4.540110e+00   8.498710e+03   5.407599e+02
  4.542750e+00   7.957645e+03   5.305096e+02
  4.545400e+00   8.173201e+03   5.297899e+02
  4.548040e+00   8.877195e+03   5.625694e+02
  4.550680e+00   9.188354e+03   5.799638e+02
  4.553330e+00   9.065271e+03   5.839454e+02
  4.555970e+00   9.084518e+03   5.851852e+02
  4.558610e+00   8.447352e+03   5.619095e+02
  4.561260e+00   8.839095e+03   5.803150e+02
  4.563900e+00   8.541087e+03   5.811474e+02
  4.566550e+00   8.084951e+03   5.731270e+02
  4.569190e+00   7.665765e+03   5.517939e+02
  4.571830e+00   8.712038e+03   5.997614e+02
  4.574480e+00   9.441158e+03   6.280165e+02
  4.577120e+00   9.344415e+03   6.300004e+02
  4.579760e+00   8.856008e+03   6.125829e+02
  4.582410e+00   8.592248e+03   6.137320e+02
  4.585050e+00   8.405243e+03   6.146522e+02
  4.587690e+00   7.655139e+03   5.941540e+02
  4.590340e+00   8.900015e+03   6.373433e+02
  4.592980e+00   9.341969e+03   6.589317e+02
  4.595620e+00   9.504388e+03   6.771596e+02
  4.598270e+00   8.627835e+03   6.559622e+02
  4.600910e+00   8.475966e+03   6.519973e+02
  4.603550e+00   9.333736e+03   6.880922e+02
  4.606200e+00   8.335902e+03   6.717262e+02
  4.608840e+00   9.014613e+03   7.039230e+02
  4.611480e+00   8.961739e+03   7.107122e+02
  4.614130e+00   1.010549e+04   7.511348e+02
  4.616770e+00   9.294244e+03   7.441351e+02
  4.619410e+00   7.802102e+03   6.923246e+02
  4.622060e+00   8.046953e+03   7.168796e+02
  4.624700e+00   9.034036e+03   7.528363e+02
  4.627340e+00   9.142186e+03   7.782345e+02
  4.629990e+00   8.020323e+03   7.414791e+02
  4.632630e+00   9.959779e+03   8.478327e+02
  4.635270e+00   8.096002e+03   7.582600e+02
  4.637920e+00   7.758221e+03   7.607561e+02
  4.640560e+00   9.996841e+03   8.941446e+02
  4.643200e+00   9.699157e+03   8.928798e+02
  4.645850e+00   9.160941e+03   8.617888e+02
  4.648490e+00   8.137428e+03   8.178423e+02
  4.651130e+00   8.919267e+03   8.663158e+02
  4.653780e+00   1.040775e+04   9.540765e+02
  4.656420e+00   8.744699e+03   8.788753e+02
  4.659060e+00   6.432750e+03   7.427900e+02
  4.661710e+00   9.457112e+03   9.185559e+02
  4.664350e+00   9.151747e+03   9.151747e+02
  4.666990e+00   9.405028e+03   9.500513e+02
  4.669640e+00   9.011022e+03   8.966302e+02
  4.672280e+00   7.849309e+03   8.564298e+02
  4.674920e+00   7.823968e+03   8.858899e+02
  4.677570e+00   8.473686e+03   9.245549e+02
  4.680210e+00   7.761482e+03   8.677600e+02
  4.682850e+00   8.526119e+03   9.247875e+02
  4.685500e+00   8.563882e+03   9.457225e+02
  4.688140e+00   9.694114e+03   1.027574e+03
  4.690780e+00   8.355007e+03   9.341182e+02
  4.693430e+00   8.877195e+03   9.743987e+02
  4.696070e+00   7.878510e+03   9.350071e+02
  4.698710e+00   8.300753e+03   9.782532e+02
  4.701360e+00   9.051257e+03   1.024853e+03
  4.704000e+00   7.989475e+03   9.415687e+02
  4.706640e+00   8.696027e+03   1.024837e+03
  4.709290e+00   9.066071e+03   1.068447e+03
  4.711930e+00   7.719300e+03   9.965573e+02
  4.714570e+00   1.167738e+04   1.179594e+03
  4.717220e+00   1.042105e+04   1.157895e+03
  4.719860e+00   7.318603e+03   9.959358e+02
  4.722510e+00   9.018103e+03   1.127263e+03
  4.725150e+00   7.590645e+03   9.882178e+02
  4.727790e+00   8.172655e+03   1.073122e+03
  4.730440e+00   8.363638e+03   1.107791e+03
  4.733080e+00   8.571085e+03   1.145359e+03
  4.735720e+00   7.527861e+03   1.034031e+03
  4.738370e+00   7.523046e+03   1.063919e+03
  4.741010e+00   8.795753e+03   1.196950e+03
  4.743650e+00   6.699770e+03   1.059327e+03
  4.746300e+00   8.307100e+03   1.163227e+03
  4.748940e+00   7.101756e+03   1.095825e+03
  4.751580e+00   1.105120e+04   1.414961e+03
  4.754230e+00   7.849309e+03   1.211175e+03
  4.756870e+00   9.070177e+03   1.323021e+03
  4.759510e+00   7.870502e+03   1.200240e+03
  4.762160e+00   1.211476e+04   1.590746e+03
  4.764800e+00   8.767600e+03   1.386279e+03
  4.767440e+00   8.877195e+03   1.421489e+03
  4.770090e+00   9.909427e+03   1.430303e+03
  4.772730e+00   1.065263e+04   1.588001e+03
  4.775370e+00   6.164719e+03   1.232944e+03
  4.778020e+00   9.520470e+03   1.565156e+03
  4.780660e+00   7.241922e+03   1.300688e+03
  4.783300e+00   8.233920e+03   1.455565e+03
  4.785950e+00   6.657896e+03   1.359037e+03
  4.788590e+00   8.124890e+03   1.563636e+03
  4.791230e+00   8.098493e+03   1.588245e+03
  4.793880e+00   4.097167e+03   1.182750e+03
  4.796520e+00   8.285382e+03   1.808019e+03
  4.799160e+00   9.344415e+03   2.089475e+03
  4.801810e+00   7.832819e+03   2.022425e+03
  4.804450e+00   9.163556e+03   2.290889e+03
  4.807090e+00   9.263160e+03   2.674044e+03
  4.809740e+00   5.918130e+03   2.646668e+03
  4.812380e+00   5.462889e+03   2.731445e+03
creator: radaver
creator-version: 6572
working-directory: /dataInt/p12/vives/2015-10-17/NEW
header-file: images/header/img_0008_00001.txt
image-file: images/pilatus2m/img_0008_00001.tiff
angular-axis-file: etc/radial-averaging/saxs-2/saxis-saxs2-20150921.dat
beamstop-mask-file: etc/radial-averaging/saxs-2/mask-saxs2-20151008.msk
detector-response-file: none
beam-center-x: 656.1000
beam-center-y: 1645.9000
unit-time: 100.0000
channel-first: 8
channel-last: 1819
angular-unit: nanometer
Run Number: 8
Frame Number: 1
Buffer: NAPI
Code: NAPI
Concentration [mg/ml]: 0
Plate Row: 2
Plate Column: 1
Well Row: 1
Well Column: 9
Load Volume: 20
Load Viscosity: low
Exposure time [s]: 0.035
Exposure period [s]: 0.04
Detector Position: saxs-2
Detector Distance [m]: 3
Timestamp (begin): 2015-10-17 03:31:53.479
Timestamp (end): 2015-10-17 03:31:53.514
PETRA Current: 94.2678
Transmitted Beam: 0.160926
Wavelength [nm]: 0.123987
Flytube Vacuum [mbar]: 0.000285457
Crystal Temperature 1 [C]: -181.4
Crystal Temperature 2 [C]: -156.3
Cell Target Temperature [C]: 20
Cell Temperature [C]: 20.2
Storage Temperature [C]: 20.2
