
Sample:   c= 3.0000 mg/ml  Code: ADR_NAPI
  2.520060e-02   5.233665e+07   2.918330e+05
  2.784400e-02   7.664725e+06   6.173405e+04
  3.048740e-02   3.161333e+06   3.715104e+04
  3.313080e-02   1.475045e+06   2.370181e+04
  3.577420e-02   6.722483e+05   1.492780e+04
  3.841750e-02   4.768858e+05   1.269103e+04
  4.106090e-02   3.562973e+05   1.006152e+04
  4.370430e-02   2.841641e+05   8.915022e+03
  4.634770e-02   2.310081e+05   7.475246e+03
  4.899110e-02   2.152378e+05   6.854569e+03
  5.163450e-02   2.048105e+05   6.529120e+03
  5.427790e-02   1.654403e+05   5.469289e+03
  5.692130e-02   1.611009e+05   5.480765e+03
  5.956470e-02   1.361746e+05   4.772918e+03
  6.220810e-02   1.273891e+05   4.359164e+03
  6.485140e-02   1.191770e+05   4.325851e+03
  6.749480e-02   1.173755e+05   4.004800e+03
  7.013820e-02   1.049029e+05   3.815283e+03
  7.278160e-02   1.008799e+05   3.591418e+03
  7.542500e-02   9.759234e+04   3.459069e+03
  7.806840e-02   9.995225e+04   3.465221e+03
  8.071180e-02   9.342981e+04   3.193365e+03
  8.335520e-02   9.328066e+04   3.220406e+03
  8.599860e-02   9.033308e+04   3.066104e+03
  8.864200e-02   8.563321e+04   3.076036e+03
  9.128530e-02   8.627627e+04   3.097138e+03
  9.392870e-02   8.104464e+04   2.983294e+03
  9.657210e-02   8.122172e+04   3.014421e+03
  9.921550e-02   8.281493e+04   2.988327e+03
  1.018590e-01   8.441777e+04   3.054128e+03
  1.045020e-01   7.753242e+04   2.840568e+03
  1.071460e-01   8.065576e+04   2.914211e+03
  1.097890e-01   7.445564e+04   2.859452e+03
  1.124320e-01   7.347943e+04   2.695699e+03
  1.150760e-01   7.615129e+04   2.775107e+03
  1.177190e-01   7.296238e+04   2.664209e+03
  1.203630e-01   6.806084e+04   2.623553e+03
  1.230060e-01   7.471785e+04   2.741132e+03
  1.256490e-01   7.131628e+04   2.598910e+03
  1.282930e-01   6.766426e+04   2.518203e+03
  1.309360e-01   6.783680e+04   2.495417e+03
  1.335800e-01   6.963234e+04   2.554563e+03
  1.362230e-01   7.089845e+04   2.494199e+03
  1.388660e-01   6.626654e+04   2.447611e+03
  1.415100e-01   6.842601e+04   2.456351e+03
  1.441530e-01   6.739851e+04   2.379924e+03
  1.467970e-01   6.716883e+04   2.415895e+03
  1.494400e-01   6.669627e+04   2.334837e+03
  1.520830e-01   6.750179e+04   2.376176e+03
  1.547270e-01   6.191137e+04   2.254679e+03
  1.573700e-01   7.232284e+04   2.409423e+03
  1.600130e-01   6.202229e+04   2.206654e+03
  1.626570e-01   6.360249e+04   2.201055e+03
  1.653000e-01   6.249334e+04   2.215018e+03
  1.679440e-01   6.396104e+04   2.188702e+03
  1.705870e-01   6.389657e+04   2.196809e+03
  1.732300e-01   6.489708e+04   2.186438e+03
  1.758740e-01   6.349057e+04   2.153770e+03
  1.785170e-01   6.319832e+04   2.148807e+03
  1.811610e-01   6.261554e+04   2.088345e+03
  1.838040e-01   6.094731e+04   2.101632e+03
  1.864470e-01   5.978355e+04   2.044554e+03
  1.890910e-01   5.771592e+04   1.981973e+03
  1.917340e-01   6.158733e+04   2.055196e+03
  1.943780e-01   5.883343e+04   1.967684e+03
  1.970210e-01   6.206741e+04   2.063190e+03
  1.996640e-01   5.920293e+04   1.981151e+03
  2.023080e-01   5.876762e+04   1.966583e+03
  2.049510e-01   5.667312e+04   1.893316e+03
  2.075950e-01   6.063737e+04   1.937979e+03
  2.102380e-01   6.052553e+04   1.974125e+03
  2.128810e-01   5.924512e+04   1.889626e+03
  2.155250e-01   5.762960e+04   1.895875e+03
  2.181680e-01   6.046667e+04   1.928587e+03
  2.208110e-01   5.932433e+04   1.894080e+03
  2.234550e-01   5.794466e+04   1.887939e+03
  2.260980e-01   5.912808e+04   1.847753e+03
  2.287420e-01   5.855557e+04   1.850764e+03
  2.313850e-01   5.748687e+04   1.816079e+03
  2.340280e-01   5.677867e+04   1.799101e+03
  2.366720e-01   5.901260e+04   1.845947e+03
  2.393150e-01   5.619413e+04   1.764704e+03
  2.419590e-01   5.183689e+04   1.710872e+03
  2.446020e-01   5.781030e+04   1.768139e+03
  2.472450e-01   5.919114e+04   1.802799e+03
  2.498890e-01   5.320765e+04   1.706636e+03
  2.525320e-01   5.559561e+04   1.710837e+03
  2.551760e-01   5.639082e+04   1.759637e+03
  2.578190e-01   5.431054e+04   1.661876e+03
  2.604620e-01   5.572380e+04   1.700351e+03
  2.631060e-01   5.443521e+04   1.690404e+03
  2.657490e-01   5.283088e+04   1.643757e+03
  2.683920e-01   5.137897e+04   1.628005e+03
  2.710360e-01   5.561818e+04   1.653809e+03
  2.736790e-01   5.440425e+04   1.653938e+03
  2.763230e-01   5.374949e+04   1.625789e+03
  2.789660e-01   5.199322e+04   1.592458e+03
  2.816090e-01   5.409157e+04   1.626492e+03
  2.842530e-01   5.379603e+04   1.604601e+03
  2.868960e-01   5.179812e+04   1.589468e+03
  2.895400e-01   5.239509e+04   1.562815e+03
  2.921830e-01   5.285685e+04   1.573790e+03
  2.948260e-01   5.257274e+04   1.571613e+03
  2.974700e-01   5.236242e+04   1.554253e+03
  3.001130e-01   5.145108e+04   1.552721e+03
  3.027570e-01   5.164693e+04   1.518371e+03
  3.054000e-01   5.388250e+04   1.566590e+03
  3.080430e-01   4.802899e+04   1.458777e+03
  3.106870e-01   4.755280e+04   1.466116e+03
  3.133300e-01   5.149586e+04   1.506784e+03
  3.159740e-01   4.740764e+04   1.419747e+03
  3.186170e-01   5.189266e+04   1.512578e+03
  3.212600e-01   4.837290e+04   1.435834e+03
  3.239040e-01   4.766172e+04   1.433800e+03
  3.265470e-01   5.038707e+04   1.472450e+03
  3.291900e-01   4.741667e+04   1.400069e+03
  3.318340e-01   5.138786e+04   1.483440e+03
  3.344770e-01   5.008744e+04   1.433999e+03
  3.371210e-01   4.539400e+04   1.373056e+03
  3.397640e-01   4.845232e+04   1.403973e+03
  3.424070e-01   4.777365e+04   1.383147e+03
  3.450510e-01   4.811945e+04   1.410406e+03
  3.476940e-01   4.699265e+04   1.353743e+03
  3.503380e-01   4.926560e+04   1.409315e+03
  3.529810e-01   4.697783e+04   1.366998e+03
  3.556240e-01   4.447426e+04   1.324202e+03
  3.582680e-01   4.504402e+04   1.328276e+03
  3.609110e-01   4.616544e+04   1.328811e+03
  3.635550e-01   4.360481e+04   1.301201e+03
  3.661980e-01   4.386467e+04   1.285696e+03
  3.688410e-01   4.463551e+04   1.306607e+03
  3.714850e-01   4.356818e+04   1.278655e+03
  3.741280e-01   4.447115e+04   1.286454e+03
  3.767710e-01   4.340680e+04   1.281670e+03
  3.794150e-01   4.403645e+04   1.269637e+03
  3.820580e-01   4.208943e+04   1.251531e+03
  3.847020e-01   4.174290e+04   1.226142e+03
  3.873450e-01   4.107140e+04   1.226149e+03
  3.899880e-01   4.210510e+04   1.235184e+03
  3.926320e-01   4.374404e+04   1.242748e+03
  3.952750e-01   4.258492e+04   1.239695e+03
  3.979190e-01   4.131330e+04   1.200643e+03
  4.005620e-01   4.136279e+04   1.214453e+03
  4.032050e-01   4.189313e+04   1.200874e+03
  4.058490e-01   3.963594e+04   1.170328e+03
  4.084920e-01   4.121269e+04   1.207447e+03
  4.111360e-01   4.178972e+04   1.195946e+03
  4.137790e-01   4.106291e+04   1.192360e+03
  4.164220e-01   3.939379e+04   1.155646e+03
  4.190660e-01   3.940041e+04   1.151390e+03
  4.217090e-01   4.071595e+04   1.174879e+03
  4.243530e-01   4.026690e+04   1.158550e+03
  4.269960e-01   3.983143e+04   1.213719e+03
  4.296390e-01   4.053412e+04   1.224378e+03
  4.322830e-01   3.883070e+04   1.252603e+03
  4.349260e-01   3.881183e+04   1.283080e+03
  4.375690e-01   3.886529e+04   1.260293e+03
  4.402130e-01   3.892081e+04   1.298804e+03
  4.428560e-01   3.786065e+04   1.274834e+03
  4.455000e-01   3.784463e+04   1.311239e+03
  4.481430e-01   3.774883e+04   1.307919e+03
  4.507860e-01   3.974276e+04   1.342018e+03
  4.534300e-01   3.838471e+04   1.355411e+03
  4.560730e-01   3.773785e+04   1.319473e+03
  4.587170e-01   3.856826e+04   1.333911e+03
  4.613600e-01   3.642986e+04   1.280015e+03
  4.640030e-01   3.557922e+04   1.254003e+03
  4.666470e-01   3.497192e+04   1.268565e+03
  4.692900e-01   3.619028e+04   1.252416e+03
  4.719340e-01   3.492815e+04   1.266144e+03
  4.745770e-01   3.571181e+04   1.256337e+03
  4.772200e-01   3.427384e+04   1.259081e+03
  4.798640e-01   3.376208e+04   1.223071e+03
  4.825070e-01   3.648557e+04   1.212821e+03
  4.851500e-01   3.289195e+04   1.160732e+03
  4.877940e-01   3.537948e+04   1.163270e+03
  4.904370e-01   3.466431e+04   1.165228e+03
  4.930810e-01   3.509606e+04   1.140469e+03
  4.957240e-01   3.529292e+04   1.130858e+03
  4.983670e-01   3.339129e+04   1.112425e+03
  5.010110e-01   3.432946e+04   1.109714e+03
  5.036540e-01   3.475992e+04   1.116649e+03
  5.062980e-01   3.497246e+04   1.098265e+03
  5.089410e-01   3.417292e+04   1.087736e+03
  5.115840e-01   3.301420e+04   1.072251e+03
  5.142280e-01   3.211191e+04   1.042397e+03
  5.168710e-01   3.418231e+04   1.084743e+03
  5.195150e-01   3.269709e+04   1.033456e+03
  5.221580e-01   3.144163e+04   1.022796e+03
  5.248010e-01   3.236550e+04   1.033878e+03
  5.274450e-01   3.258076e+04   1.024168e+03
  5.300880e-01   3.187645e+04   1.016701e+03
  5.327320e-01   3.153828e+04   9.978269e+02
  5.353750e-01   3.173938e+04   1.015433e+03
  5.380180e-01   3.296088e+04   1.008587e+03
  5.406620e-01   3.355490e+04   1.022939e+03
  5.433050e-01   3.171328e+04   1.002361e+03
  5.459480e-01   3.066365e+04   9.770253e+02
  5.485920e-01   2.963634e+04   9.605194e+02
  5.512350e-01   3.039133e+04   9.529919e+02
  5.538790e-01   3.189582e+04   9.787495e+02
  5.565220e-01   3.011715e+04   9.567028e+02
  5.591650e-01   2.961545e+04   9.384015e+02
  5.618090e-01   3.038228e+04   9.536464e+02
  5.644520e-01   3.101127e+04   9.516063e+02
  5.670960e-01   3.052501e+04   9.511241e+02
  5.697390e-01   2.860535e+04   9.109800e+02
  5.723820e-01   2.894237e+04   9.170742e+02
  5.750260e-01   3.033233e+04   9.342981e+02
  5.776690e-01   2.945041e+04   9.198763e+02
  5.803130e-01   2.825721e+04   9.054195e+02
  5.829560e-01   3.063459e+04   9.199120e+02
  5.855990e-01   2.814500e+04   8.949588e+02
  5.882430e-01   2.804069e+04   8.862816e+02
  5.908860e-01   2.748242e+04   8.787909e+02
  5.935290e-01   2.770385e+04   8.734563e+02
  5.961730e-01   2.734433e+04   8.664382e+02
  5.988160e-01   2.918673e+04   8.930995e+02
  6.014600e-01   2.812873e+04   8.747620e+02
  6.041030e-01   2.627143e+04   8.409280e+02
  6.067460e-01   2.811338e+04   8.692549e+02
  6.093900e-01   2.804173e+04   8.617014e+02
  6.120330e-01   2.697056e+04   8.494928e+02
  6.146770e-01   2.626391e+04   8.272353e+02
  6.173200e-01   2.615375e+04   8.213250e+02
  6.199630e-01   2.811414e+04   8.472882e+02
  6.226070e-01   2.521580e+04   8.087971e+02
  6.252500e-01   2.670891e+04   8.282080e+02
  6.278940e-01   2.777167e+04   8.373473e+02
  6.305370e-01   2.686278e+04   8.235313e+02
  6.331800e-01   2.582800e+04   8.024370e+02
  6.358240e-01   2.623160e+04   8.137988e+02
  6.384670e-01   2.554675e+04   7.963940e+02
  6.411110e-01   2.538334e+04   7.943939e+02
  6.437540e-01   2.555737e+04   7.971125e+02
  6.463970e-01   2.457850e+04   7.811562e+02
  6.490410e-01   2.490235e+04   7.835732e+02
  6.516840e-01   2.545902e+04   7.917378e+02
  6.543270e-01   2.462799e+04   7.776398e+02
  6.569710e-01   2.415766e+04   7.760558e+02
  6.596140e-01   2.470069e+04   7.745483e+02
  6.622580e-01   2.534006e+04   7.888017e+02
  6.649010e-01   2.419386e+04   7.609034e+02
  6.675440e-01   2.339851e+04   7.528347e+02
  6.701880e-01   2.371087e+04   7.640720e+02
  6.728310e-01   2.393011e+04   7.537277e+02
  6.754750e-01   2.492970e+04   7.760276e+02
  6.781180e-01   2.349537e+04   7.463549e+02
  6.807610e-01   2.529311e+04   7.754100e+02
  6.834050e-01   2.275197e+04   7.320327e+02
  6.860480e-01   2.361980e+04   7.395646e+02
  6.886920e-01   2.421638e+04   7.597356e+02
  6.913350e-01   2.364553e+04   7.356969e+02
  6.939780e-01   2.286974e+04   7.339248e+02
  6.966220e-01   2.377465e+04   7.400727e+02
  6.992650e-01   2.206768e+04   7.089162e+02
  7.019080e-01   2.197473e+04   7.194204e+02
  7.045520e-01   2.219613e+04   7.047278e+02
  7.071950e-01   2.288120e+04   7.214061e+02
  7.098390e-01   2.234648e+04   7.156601e+02
  7.124820e-01   2.225237e+04   7.047397e+02
  7.151250e-01   2.220345e+04   7.129099e+02
  7.177690e-01   2.257256e+04   7.036765e+02
  7.204120e-01   2.192763e+04   7.004523e+02
  7.230560e-01   2.154642e+04   6.900377e+02
  7.256990e-01   2.023780e+04   6.712456e+02
  7.283420e-01   2.126876e+04   6.843110e+02
  7.309860e-01   2.258302e+04   7.029786e+02
  7.336290e-01   2.269556e+04   7.081997e+02
  7.362730e-01   2.163200e+04   6.850924e+02
  7.389160e-01   2.124146e+04   6.788799e+02
  7.415590e-01   2.089438e+04   6.757726e+02
  7.442030e-01   2.111403e+04   6.703712e+02
  7.468460e-01   2.141035e+04   6.832319e+02
  7.494900e-01   2.086593e+04   6.624938e+02
  7.521330e-01   2.201777e+04   6.853831e+02
  7.547760e-01   2.121416e+04   6.691796e+02
  7.574200e-01   1.962824e+04   6.471240e+02
  7.600630e-01   2.004727e+04   6.528288e+02
  7.627060e-01   1.958724e+04   6.348261e+02
  7.653500e-01   2.011129e+04   6.507861e+02
  7.679930e-01   2.022857e+04   6.484982e+02
  7.706370e-01   1.958086e+04   6.413925e+02
  7.732800e-01   1.989128e+04   6.390001e+02
  7.759230e-01   2.122028e+04   6.615208e+02
  7.785670e-01   1.928819e+04   6.321449e+02
  7.812100e-01   2.036697e+04   6.443825e+02
  7.838540e-01   1.956284e+04   6.337026e+02
  7.864970e-01   1.936831e+04   6.241352e+02
  7.891400e-01   2.021044e+04   6.372015e+02
  7.917840e-01   2.025000e+04   6.432625e+02
  7.944270e-01   1.923862e+04   6.199557e+02
  7.970710e-01   1.997402e+04   6.341757e+02
  7.997140e-01   1.875061e+04   6.089913e+02
  8.023570e-01   1.933616e+04   6.253760e+02
  8.050010e-01   1.940498e+04   6.198693e+02
  8.076440e-01   1.962920e+04   6.210405e+02
  8.102870e-01   1.914619e+04   6.153818e+02
  8.129310e-01   1.915350e+04   6.124615e+02
  8.155740e-01   1.790010e+04   5.917592e+02
  8.182180e-01   1.958368e+04   6.156077e+02
  8.208610e-01   1.861533e+04   5.998708e+02
  8.235040e-01   1.950975e+04   6.151100e+02
  8.261480e-01   1.885141e+04   6.049705e+02
  8.287910e-01   1.822661e+04   5.916607e+02
  8.314350e-01   1.901649e+04   5.998566e+02
  8.340780e-01   1.959206e+04   6.137520e+02
  8.367210e-01   1.843558e+04   5.937699e+02
  8.393650e-01   1.774873e+04   5.795165e+02
  8.420080e-01   1.822383e+04   5.890927e+02
  8.446520e-01   1.871207e+04   5.876284e+02
  8.472950e-01   1.874066e+04   5.983433e+02
  8.499380e-01   1.784399e+04   5.777205e+02
  8.525820e-01   1.749412e+04   5.681826e+02
  8.552250e-01   1.692747e+04   5.626883e+02
  8.578690e-01   1.761924e+04   5.743709e+02
  8.605120e-01   1.750364e+04   5.890445e+02
  8.631550e-01   1.881956e+04   6.067670e+02
  8.657990e-01   1.770055e+04   5.943262e+02
  8.684420e-01   1.834357e+04   6.080836e+02
  8.710850e-01   1.788028e+04   5.953482e+02
  8.737290e-01   1.714491e+04   5.915556e+02
  8.763720e-01   1.801813e+04   5.953356e+02
  8.790160e-01   1.792035e+04   6.023860e+02
  8.816590e-01   1.748766e+04   6.005287e+02
  8.843020e-01   1.762041e+04   5.933102e+02
  8.869460e-01   1.723339e+04   5.900602e+02
  8.895890e-01   1.774968e+04   5.777029e+02
  8.922330e-01   1.770866e+04   5.822571e+02
  8.948760e-01   1.717291e+04   5.658667e+02
  8.975190e-01   1.727717e+04   5.626221e+02
  9.001630e-01   1.584477e+04   5.441116e+02
  9.028060e-01   1.771819e+04   5.677275e+02
  9.054500e-01   1.608977e+04   5.451812e+02
  9.080930e-01   1.739689e+04   5.591571e+02
  9.107360e-01   1.572985e+04   5.311593e+02
  9.133800e-01   1.722771e+04   5.595301e+02
  9.160230e-01   1.661130e+04   5.452925e+02
  9.186660e-01   1.756034e+04   5.603730e+02
  9.213100e-01   1.698844e+04   5.457474e+02
  9.239530e-01   1.670438e+04   5.459999e+02
  9.265970e-01   1.706048e+04   5.520641e+02
  9.292400e-01   1.599215e+04   5.266733e+02
  9.318830e-01   1.651772e+04   5.410559e+02
  9.345270e-01   1.662152e+04   5.358995e+02
  9.371700e-01   1.624236e+04   5.352039e+02
  9.398140e-01   1.624620e+04   5.290489e+02
  9.424570e-01   1.689620e+04   5.361847e+02
  9.451000e-01   1.693066e+04   5.413828e+02
  9.477440e-01   1.761029e+04   5.479190e+02
  9.503870e-01   1.697634e+04   5.439570e+02
  9.530310e-01   1.650270e+04   5.239612e+02
  9.556740e-01   1.539170e+04   5.124875e+02
  9.583170e-01   1.603271e+04   5.193503e+02
  9.609610e-01   1.726618e+04   5.366931e+02
  9.636040e-01   1.504082e+04   5.044530e+02
  9.662480e-01   1.667183e+04   5.225276e+02
  9.688910e-01   1.593343e+04   5.153238e+02
  9.715340e-01   1.515134e+04   5.008877e+02
  9.741780e-01   1.535913e+04   4.985785e+02
  9.768210e-01   1.654823e+04   5.191641e+02
  9.794640e-01   1.509973e+04   4.901580e+02
  9.821080e-01   1.580662e+04   5.064767e+02
  9.847510e-01   1.544130e+04   5.031047e+02
  9.873950e-01   1.507377e+04   5.035793e+02
  9.900380e-01   1.535043e+04   5.177571e+02
  9.926810e-01   1.644029e+04   5.345199e+02
  9.953250e-01   1.532753e+04   5.251124e+02
  9.979680e-01   1.509819e+04   5.190866e+02
  1.000610e+00   1.523063e+04   5.277100e+02
  1.003250e+00   1.589485e+04   5.407538e+02
  1.005900e+00   1.467586e+04   5.214840e+02
  1.008540e+00   1.584691e+04   5.438646e+02
  1.011190e+00   1.532428e+04   5.348211e+02
  1.013830e+00   1.448141e+04   5.273820e+02
  1.016470e+00   1.470773e+04   5.286584e+02
  1.019120e+00   1.528807e+04   5.418713e+02
  1.021760e+00   1.475030e+04   5.322556e+02
  1.024400e+00   1.462804e+04   5.306148e+02
  1.027050e+00   1.459396e+04   5.343230e+02
  1.029690e+00   1.518037e+04   5.411217e+02
  1.032330e+00   1.485748e+04   5.417966e+02
  1.034980e+00   1.419391e+04   5.289760e+02
  1.037620e+00   1.469382e+04   5.376188e+02
  1.040260e+00   1.441460e+04   5.327791e+02
  1.042910e+00   1.460750e+04   5.154876e+02
  1.045550e+00   1.466917e+04   5.219057e+02
  1.048190e+00   1.564455e+04   5.313166e+02
  1.050840e+00   1.371867e+04   4.940657e+02
  1.053480e+00   1.433772e+04   5.028457e+02
  1.056120e+00   1.466910e+04   5.034422e+02
  1.058770e+00   1.400953e+04   4.943858e+02
  1.061410e+00   1.442669e+04   4.980647e+02
  1.064050e+00   1.460989e+04   4.990645e+02
  1.066700e+00   1.356835e+04   4.782213e+02
  1.069340e+00   1.388513e+04   4.819598e+02
  1.071980e+00   1.397123e+04   4.864156e+02
  1.074630e+00   1.394048e+04   4.775931e+02
  1.077270e+00   1.481675e+04   4.969379e+02
  1.079910e+00   1.426107e+04   4.834956e+02
  1.082560e+00   1.521910e+04   4.942934e+02
  1.085200e+00   1.404695e+04   4.778869e+02
  1.087840e+00   1.359522e+04   4.638628e+02
  1.090490e+00   1.381141e+04   4.715138e+02
  1.093130e+00   1.379006e+04   4.677958e+02
  1.095770e+00   1.420593e+04   4.745867e+02
  1.098420e+00   1.411506e+04   4.718144e+02
  1.101060e+00   1.389449e+04   4.662684e+02
  1.103700e+00   1.432641e+04   4.759630e+02
  1.106350e+00   1.439181e+04   4.737121e+02
  1.108990e+00   1.404896e+04   4.652076e+02
  1.111630e+00   1.404682e+04   4.643736e+02
  1.114280e+00   1.494483e+04   4.783722e+02
  1.116920e+00   1.314759e+04   4.533651e+02
  1.119560e+00   1.325934e+04   4.469721e+02
  1.122210e+00   1.407529e+04   4.640487e+02
  1.124850e+00   1.359617e+04   4.547240e+02
  1.127490e+00   1.355468e+04   4.546093e+02
  1.130140e+00   1.354726e+04   4.548726e+02
  1.132780e+00   1.384355e+04   4.569053e+02
  1.135420e+00   1.370429e+04   4.547930e+02
  1.138070e+00   1.290124e+04   4.394181e+02
  1.140710e+00   1.315786e+04   4.450711e+02
  1.143350e+00   1.357525e+04   4.515060e+02
  1.146000e+00   1.327307e+04   4.436697e+02
  1.148640e+00   1.324818e+04   4.465962e+02
  1.151280e+00   1.274369e+04   4.332986e+02
  1.153930e+00   1.373970e+04   4.510277e+02
  1.156570e+00   1.357584e+04   4.468542e+02
  1.159220e+00   1.332271e+04   4.414010e+02
  1.161860e+00   1.261009e+04   4.322683e+02
  1.164500e+00   1.381030e+04   4.459577e+02
  1.167150e+00   1.249049e+04   4.279171e+02
  1.169790e+00   1.270191e+04   4.264885e+02
  1.172430e+00   1.308029e+04   4.357675e+02
  1.175080e+00   1.292059e+04   4.330993e+02
  1.177720e+00   1.356714e+04   4.390224e+02
  1.180360e+00   1.300509e+04   4.339855e+02
  1.183010e+00   1.281016e+04   4.267683e+02
  1.185650e+00   1.301172e+04   4.325243e+02
  1.188290e+00   1.275134e+04   4.252810e+02
  1.190940e+00   1.330889e+04   4.329382e+02
  1.193580e+00   1.281226e+04   4.273126e+02
  1.196220e+00   1.242791e+04   4.170532e+02
  1.198870e+00   1.320361e+04   4.308836e+02
  1.201510e+00   1.264029e+04   4.199455e+02
  1.204150e+00   1.256786e+04   4.193949e+02
  1.206800e+00   1.322135e+04   4.310036e+02
  1.209440e+00   1.219522e+04   4.099378e+02
  1.212080e+00   1.342159e+04   4.327294e+02
  1.214730e+00   1.335932e+04   4.300517e+02
  1.217370e+00   1.306075e+04   4.237467e+02
  1.220010e+00   1.268555e+04   4.177762e+02
  1.222660e+00   1.217153e+04   4.050432e+02
  1.225300e+00   1.196096e+04   4.059815e+02
  1.227940e+00   1.274476e+04   4.174686e+02
  1.230590e+00   1.213728e+04   4.061584e+02
  1.233230e+00   1.230462e+04   4.087937e+02
  1.235870e+00   1.285858e+04   4.152251e+02
  1.238520e+00   1.279939e+04   4.172482e+02
  1.241160e+00   1.262982e+04   4.125981e+02
  1.243800e+00   1.216835e+04   4.022731e+02
  1.246450e+00   1.221498e+04   4.047002e+02
  1.249090e+00   1.256501e+04   4.109198e+02
  1.251730e+00   1.229203e+04   4.065843e+02
  1.254380e+00   1.344473e+04   4.197382e+02
  1.257020e+00   1.273815e+04   4.121969e+02
  1.259660e+00   1.210851e+04   3.987724e+02
  1.262310e+00   1.274604e+04   4.109488e+02
  1.264950e+00   1.178755e+04   3.953417e+02
  1.267590e+00   1.238242e+04   4.004759e+02
  1.270240e+00   1.233496e+04   4.018949e+02
  1.272880e+00   1.290685e+04   4.102066e+02
  1.275520e+00   1.219985e+04   3.998340e+02
  1.278170e+00   1.191621e+04   3.920144e+02
  1.280810e+00   1.199424e+04   3.954385e+02
  1.283450e+00   1.197670e+04   3.944317e+02
  1.286100e+00   1.246959e+04   4.005809e+02
  1.288740e+00   1.237251e+04   3.997377e+02
  1.291380e+00   1.219484e+04   3.927694e+02
  1.294030e+00   1.227399e+04   3.984305e+02
  1.296670e+00   1.196345e+04   3.925081e+02
  1.299310e+00   1.256547e+04   3.985524e+02
  1.301960e+00   1.211485e+04   3.916175e+02
  1.304600e+00   1.202565e+04   3.889373e+02
  1.307240e+00   1.269420e+04   4.034481e+02
  1.309890e+00   1.226326e+04   3.919355e+02
  1.312530e+00   1.212628e+04   3.905612e+02
  1.315180e+00   1.142958e+04   3.778504e+02
  1.317820e+00   1.161021e+04   3.798975e+02
  1.320460e+00   1.278400e+04   3.998907e+02
  1.323110e+00   1.230785e+04   3.876607e+02
  1.325750e+00   1.199938e+04   3.852768e+02
  1.328390e+00   1.161055e+04   3.772921e+02
  1.331040e+00   1.188049e+04   3.808711e+02
  1.333680e+00   1.172765e+04   3.804953e+02
  1.336320e+00   1.159521e+04   3.742337e+02
  1.338970e+00   1.171576e+04   3.799095e+02
  1.341610e+00   1.173737e+04   3.792172e+02
  1.344250e+00   1.175637e+04   3.766985e+02
  1.346900e+00   1.158886e+04   3.753999e+02
  1.349540e+00   1.146707e+04   3.702909e+02
  1.352180e+00   1.152556e+04   3.755231e+02
  1.354830e+00   1.170067e+04   3.752992e+02
  1.357470e+00   1.196162e+04   3.803575e+02
  1.360110e+00   1.182037e+04   3.783607e+02
  1.362760e+00   1.154532e+04   3.741861e+02
  1.365400e+00   1.140095e+04   3.728510e+02
  1.368040e+00   1.176733e+04   3.736131e+02
  1.370690e+00   1.146669e+04   3.720285e+02
  1.373330e+00   1.228890e+04   3.859171e+02
  1.375970e+00   1.150978e+04   3.714765e+02
  1.378620e+00   1.141071e+04   3.709943e+02
  1.381260e+00   1.121124e+04   3.643164e+02
  1.383900e+00   1.158101e+04   3.729991e+02
  1.386550e+00   1.192943e+04   3.770532e+02
  1.389190e+00   1.127968e+04   3.661539e+02
  1.391830e+00   1.143618e+04   3.679530e+02
  1.394480e+00   1.098173e+04   3.606874e+02
  1.397120e+00   1.184566e+04   3.764797e+02
  1.399760e+00   1.114046e+04   3.622076e+02
  1.402410e+00   1.110437e+04   3.600838e+02
  1.405050e+00   1.159358e+04   3.707217e+02
  1.407690e+00   1.102270e+04   3.602881e+02
  1.410340e+00   1.175247e+04   3.723914e+02
  1.412980e+00   1.179383e+04   3.703701e+02
  1.415620e+00   1.081465e+04   3.550081e+02
  1.418270e+00   1.150132e+04   3.681482e+02
  1.420910e+00   1.126050e+04   3.624882e+02
  1.423550e+00   1.149387e+04   3.662253e+02
  1.426200e+00   1.114403e+04   3.596721e+02
  1.428840e+00   1.083061e+04   3.545782e+02
  1.431480e+00   1.094410e+04   3.562003e+02
  1.434130e+00   1.123189e+04   3.584239e+02
  1.436770e+00   1.161307e+04   3.666878e+02
  1.439410e+00   1.087749e+04   3.559222e+02
  1.442060e+00   1.133020e+04   3.613773e+02
  1.444700e+00   1.116301e+04   3.591639e+02
  1.447340e+00   1.120742e+04   3.565554e+02
  1.449990e+00   1.132104e+04   3.605354e+02
  1.452630e+00   1.115597e+04   3.580121e+02
  1.455270e+00   1.143046e+04   3.614629e+02
  1.457920e+00   1.110690e+04   3.546159e+02
  1.460560e+00   1.105461e+04   3.536685e+02
  1.463200e+00   1.086833e+04   3.528009e+02
  1.465850e+00   1.108695e+04   3.545217e+02
  1.468490e+00   1.128139e+04   3.581844e+02
  1.471140e+00   1.147759e+04   3.586746e+02
  1.473780e+00   1.137438e+04   3.602302e+02
  1.476420e+00   1.069489e+04   3.475372e+02
  1.479070e+00   1.085707e+04   3.495015e+02
  1.481710e+00   1.136054e+04   3.560615e+02
  1.484350e+00   1.056820e+04   3.434205e+02
  1.487000e+00   1.192584e+04   3.676895e+02
  1.489640e+00   1.076440e+04   3.450908e+02
  1.492280e+00   1.149198e+04   3.591243e+02
  1.494930e+00   1.159023e+04   3.581945e+02
  1.497570e+00   1.127002e+04   3.549723e+02
  1.500210e+00   1.117082e+04   3.530760e+02
  1.502860e+00   1.106632e+04   3.492500e+02
  1.505500e+00   1.141845e+04   3.575256e+02
  1.508140e+00   1.094818e+04   3.481318e+02
  1.510790e+00   1.027272e+04   3.364941e+02
  1.513430e+00   1.083718e+04   3.458282e+02
  1.516070e+00   1.142979e+04   3.537431e+02
  1.518720e+00   1.103507e+04   3.498352e+02
  1.521360e+00   1.085583e+04   3.443260e+02
  1.524000e+00   1.074225e+04   3.431487e+02
  1.526650e+00   1.090289e+04   3.463417e+02
  1.529290e+00   1.058772e+04   3.394267e+02
  1.531930e+00   1.154451e+04   3.581523e+02
  1.534580e+00   1.083086e+04   3.421599e+02
  1.537220e+00   1.056649e+04   3.385720e+02
  1.539860e+00   1.127892e+04   3.507577e+02
  1.542510e+00   1.105146e+04   3.468860e+02
  1.545150e+00   1.092060e+04   3.467295e+02
  1.547790e+00   1.128754e+04   3.565870e+02
  1.550440e+00   1.131268e+04   3.628543e+02
  1.553080e+00   1.084255e+04   3.553502e+02
  1.555720e+00   1.095274e+04   3.597351e+02
  1.558370e+00   1.056046e+04   3.555893e+02
  1.561010e+00   1.087345e+04   3.598586e+02
  1.563650e+00   1.062163e+04   3.619843e+02
  1.566300e+00   1.092557e+04   3.627775e+02
  1.568940e+00   1.052585e+04   3.599765e+02
  1.571580e+00   1.080136e+04   3.639072e+02
  1.574230e+00   1.103966e+04   3.727827e+02
  1.576870e+00   1.060841e+04   3.664613e+02
  1.579510e+00   1.120312e+04   3.734375e+02
  1.582160e+00   1.115109e+04   3.761170e+02
  1.584800e+00   1.084588e+04   3.696264e+02
  1.587440e+00   1.089571e+04   3.759379e+02
  1.590090e+00   1.074779e+04   3.721657e+02
  1.592730e+00   1.050631e+04   3.653401e+02
  1.595370e+00   1.045597e+04   3.708352e+02
  1.598020e+00   1.109155e+04   3.799904e+02
  1.600660e+00   1.123144e+04   3.821013e+02
  1.603300e+00   1.029903e+04   3.561993e+02
  1.605950e+00   1.106062e+04   3.678709e+02
  1.608590e+00   1.069611e+04   3.613879e+02
  1.611230e+00   1.029463e+04   3.492215e+02
  1.613880e+00   1.081664e+04   3.597561e+02
  1.616520e+00   1.065371e+04   3.525864e+02
  1.619160e+00   1.111367e+04   3.624880e+02
  1.621810e+00   1.118461e+04   3.636430e+02
  1.624450e+00   1.059814e+04   3.482766e+02
  1.627100e+00   1.045627e+04   3.487360e+02
  1.629740e+00   1.133483e+04   3.600626e+02
  1.632380e+00   1.105663e+04   3.587245e+02
  1.635030e+00   1.080869e+04   3.516067e+02
  1.637670e+00   1.061334e+04   3.465377e+02
  1.640310e+00   1.086915e+04   3.539484e+02
  1.642960e+00   1.033605e+04   3.405843e+02
  1.645600e+00   1.066534e+04   3.474954e+02
  1.648240e+00   1.099051e+04   3.505427e+02
  1.650890e+00   1.046416e+04   3.425812e+02
  1.653530e+00   1.050756e+04   3.443715e+02
  1.656170e+00   1.109271e+04   3.518393e+02
  1.658820e+00   1.070176e+04   3.472110e+02
  1.661460e+00   1.044727e+04   3.403905e+02
  1.664100e+00   1.081465e+04   3.495878e+02
  1.666750e+00   1.135731e+04   3.570139e+02
  1.669390e+00   1.034008e+04   3.370771e+02
  1.672030e+00   1.007793e+04   3.363048e+02
  1.674680e+00   1.088239e+04   3.451684e+02
  1.677320e+00   1.052947e+04   3.434335e+02
  1.679960e+00   1.069171e+04   3.427606e+02
  1.682610e+00   1.087338e+04   3.447094e+02
  1.685250e+00   1.149293e+04   3.572405e+02
  1.687890e+00   1.088045e+04   3.454548e+02
  1.690540e+00   9.960364e+03   3.307285e+02
  1.693180e+00   1.061944e+04   3.381917e+02
  1.695820e+00   1.115339e+04   3.492263e+02
  1.698470e+00   1.027927e+04   3.374335e+02
  1.701110e+00   1.078087e+04   3.402411e+02
  1.703750e+00   1.006467e+04   3.332745e+02
  1.706400e+00   1.037950e+04   3.327515e+02
  1.709040e+00   1.051414e+04   3.379372e+02
  1.711680e+00   1.089855e+04   3.439551e+02
  1.714330e+00   1.031260e+04   3.319742e+02
  1.716970e+00   1.085478e+04   3.427445e+02
  1.719610e+00   1.018082e+04   3.315331e+02
  1.722260e+00   1.029633e+04   3.330071e+02
  1.724900e+00   1.011468e+04   3.279908e+02
  1.727540e+00   1.045238e+04   3.337189e+02
  1.730190e+00   1.007821e+04   3.290652e+02
  1.732830e+00   1.113286e+04   3.447185e+02
  1.735470e+00   1.011094e+04   3.289088e+02
  1.738120e+00   1.059372e+04   3.351705e+02
  1.740760e+00   1.120351e+04   3.450911e+02
  1.743400e+00   1.057009e+04   3.350944e+02
  1.746050e+00   1.096487e+04   3.409913e+02
  1.748690e+00   1.072103e+04   3.366802e+02
  1.751330e+00   1.044435e+04   3.309418e+02
  1.753980e+00   1.061456e+04   3.359980e+02
  1.756620e+00   1.077360e+04   3.360193e+02
  1.759260e+00   1.075267e+04   3.361853e+02
  1.761910e+00   1.024511e+04   3.277701e+02
  1.764550e+00   1.051092e+04   3.323846e+02
  1.767190e+00   1.048842e+04   3.330078e+02
  1.769840e+00   1.084353e+04   3.349578e+02
  1.772480e+00   1.091979e+04   3.377974e+02
  1.775120e+00   9.779619e+03   3.174599e+02
  1.777770e+00   9.960625e+03   3.213105e+02
  1.780410e+00   1.060012e+04   3.327191e+02
  1.783060e+00   1.040846e+04   3.263820e+02
  1.785700e+00   1.044259e+04   3.295653e+02
  1.788340e+00   1.046929e+04   3.289367e+02
  1.790990e+00   1.030023e+04   3.245878e+02
  1.793630e+00   1.014270e+04   3.243278e+02
  1.796270e+00   1.042734e+04   3.253782e+02
  1.798920e+00   1.042957e+04   3.296472e+02
  1.801560e+00   1.037183e+04   3.257140e+02
  1.804200e+00   1.074415e+04   3.314139e+02
  1.806850e+00   1.066826e+04   3.308086e+02
  1.809490e+00   1.072780e+04   3.310671e+02
  1.812130e+00   1.080960e+04   3.374705e+02
  1.814780e+00   1.066887e+04   3.294053e+02
  1.817420e+00   1.072766e+04   3.329709e+02
  1.820060e+00   1.044173e+04   3.288835e+02
  1.822710e+00   1.044431e+04   3.286390e+02
  1.825350e+00   1.002906e+04   3.233499e+02
  1.827990e+00   1.047084e+04   3.280156e+02
  1.830640e+00   1.031122e+04   3.292118e+02
  1.833280e+00   1.168293e+04   3.467799e+02
  1.835920e+00   1.011700e+04   3.246699e+02
  1.838570e+00   1.013958e+04   3.245601e+02
  1.841210e+00   9.662978e+03   3.148368e+02
  1.843850e+00   9.969143e+03   3.244680e+02
  1.846500e+00   1.058952e+04   3.304388e+02
  1.849140e+00   1.028370e+04   3.273339e+02
  1.851780e+00   1.012838e+04   3.257067e+02
  1.854430e+00   1.041234e+04   3.286106e+02
  1.857070e+00   1.074638e+04   3.364823e+02
  1.859710e+00   1.005601e+04   3.209001e+02
  1.862360e+00   1.063538e+04   3.336616e+02
  1.865000e+00   1.027175e+04   3.269533e+02
  1.867640e+00   1.066700e+04   3.336698e+02
  1.870290e+00   1.025102e+04   3.272900e+02
  1.872930e+00   1.068067e+04   3.307168e+02
  1.875570e+00   1.105192e+04   3.412321e+02
  1.878220e+00   1.048598e+04   3.304414e+02
  1.880860e+00   1.000330e+04   3.221847e+02
  1.883500e+00   1.092959e+04   3.392386e+02
  1.886150e+00   1.070737e+04   3.307517e+02
  1.888790e+00   9.741625e+03   3.206495e+02
  1.891430e+00   1.069477e+04   3.317903e+02
  1.894080e+00   1.068976e+04   3.347093e+02
  1.896720e+00   1.030199e+04   3.285825e+02
  1.899360e+00   1.017523e+04   3.250359e+02
  1.902010e+00   1.065382e+04   3.347347e+02
  1.904650e+00   1.049034e+04   3.276632e+02
  1.907290e+00   1.078408e+04   3.361827e+02
  1.909940e+00   9.964046e+03   3.210869e+02
  1.912580e+00   1.044085e+04   3.316645e+02
  1.915220e+00   1.053561e+04   3.315118e+02
  1.917870e+00   1.046230e+04   3.280702e+02
  1.920510e+00   1.061056e+04   3.328830e+02
  1.923150e+00   1.025548e+04   3.272657e+02
  1.925800e+00   1.044951e+04   3.292920e+02
  1.928440e+00   9.879520e+03   3.212109e+02
  1.931080e+00   1.028326e+04   3.260012e+02
  1.933730e+00   1.017911e+04   3.270001e+02
  1.936370e+00   1.065705e+04   3.325459e+02
  1.939020e+00   9.935283e+03   3.209944e+02
  1.941660e+00   1.066942e+04   3.329320e+02
  1.944300e+00   1.112118e+04   3.403026e+02
  1.946950e+00   1.016575e+04   3.264025e+02
  1.949590e+00   1.004303e+04   3.217994e+02
  1.952230e+00   1.037642e+04   3.292856e+02
  1.954880e+00   1.025678e+04   3.261466e+02
  1.957520e+00   1.009294e+04   3.245672e+02
  1.960160e+00   1.060285e+04   3.319881e+02
  1.962810e+00   1.088045e+04   3.351404e+02
  1.965450e+00   1.023462e+04   3.276023e+02
  1.968090e+00   1.069464e+04   3.322663e+02
  1.970740e+00   1.059245e+04   3.318253e+02
  1.973380e+00   9.973210e+03   3.210490e+02
  1.976020e+00   1.024783e+04   3.255332e+02
  1.978670e+00   1.049171e+04   3.322759e+02
  1.981310e+00   1.048139e+04   3.293170e+02
  1.983950e+00   1.036706e+04   3.286578e+02
  1.986600e+00   1.024627e+04   3.246654e+02
  1.989240e+00   1.045650e+04   3.301686e+02
  1.991880e+00   1.021230e+04   3.257219e+02
  1.994530e+00   9.947896e+03   3.182614e+02
  1.997170e+00   1.044524e+04   3.316366e+02
  1.999810e+00   1.017469e+04   3.222356e+02
  2.002460e+00   1.098839e+04   3.371877e+02
  2.005100e+00   1.048288e+04   3.283926e+02
  2.007740e+00   1.078701e+04   3.317901e+02
  2.010390e+00   1.079639e+04   3.355895e+02
  2.013030e+00   1.030736e+04   3.243296e+02
  2.015670e+00   1.043151e+04   3.264633e+02
  2.018320e+00   1.090582e+04   3.320073e+02
  2.020960e+00   1.048610e+04   3.276907e+02
  2.023600e+00   1.026971e+04   3.247567e+02
  2.026250e+00   1.019255e+04   3.208761e+02
  2.028890e+00   9.754319e+03   3.171403e+02
  2.031530e+00   1.028648e+04   3.227157e+02
  2.034180e+00   1.000966e+04   3.208948e+02
  2.036820e+00   9.933182e+03   3.181164e+02
  2.039460e+00   1.019255e+04   3.208761e+02
  2.042110e+00   1.087159e+04   3.342337e+02
  2.044750e+00   1.000210e+04   3.188554e+02
  2.047390e+00   1.101465e+04   3.372008e+02
  2.050040e+00   1.070981e+04   3.286393e+02
  2.052680e+00   1.020834e+04   3.218518e+02
  2.055320e+00   1.005786e+04   3.219442e+02
  2.057970e+00   1.127231e+04   3.377305e+02
  2.060610e+00   9.918451e+03   3.179709e+02
  2.063250e+00   1.029231e+04   3.228984e+02
  2.065900e+00   9.842507e+03   3.168415e+02
  2.068540e+00   9.996961e+03   3.203233e+02
  2.071180e+00   9.969042e+03   3.163580e+02
  2.073830e+00   1.058387e+04   3.297813e+02
  2.076470e+00   9.847072e+03   3.150358e+02
  2.079110e+00   1.090513e+04   3.354235e+02
  2.081760e+00   1.025031e+04   3.220568e+02
  2.084400e+00   1.055364e+04   3.252283e+02
  2.087040e+00   1.090868e+04   3.348995e+02
  2.089690e+00   1.062215e+04   3.285900e+02
  2.092330e+00   1.056988e+04   3.291854e+02
  2.094980e+00   1.007007e+04   3.187625e+02
  2.097620e+00   1.014204e+04   3.200801e+02
  2.100260e+00   1.020245e+04   3.223076e+02
  2.102910e+00   9.897227e+03   3.166404e+02
  2.105550e+00   1.015506e+04   3.234031e+02
  2.108190e+00   1.049717e+04   3.329500e+02
  2.110840e+00   1.018151e+04   3.345851e+02
  2.113480e+00   1.035736e+04   3.394488e+02
  2.116120e+00   1.023493e+04   3.359781e+02
  2.118770e+00   1.014263e+04   3.394103e+02
  2.121410e+00   1.028471e+04   3.396310e+02
  2.124050e+00   1.019164e+04   3.463261e+02
  2.126700e+00   1.022042e+04   3.427818e+02
  2.129340e+00   1.029051e+04   3.470903e+02
  2.131980e+00   1.003978e+04   3.457883e+02
  2.134630e+00   1.032014e+04   3.498855e+02
  2.137270e+00   1.055112e+04   3.597903e+02
  2.139910e+00   1.037756e+04   3.506252e+02
  2.142560e+00   1.033599e+04   3.568378e+02
  2.145200e+00   1.011424e+04   3.529893e+02
  2.147840e+00   1.038404e+04   3.582833e+02
  2.150490e+00   1.027483e+04   3.575072e+02
  2.153130e+00   1.023735e+04   3.534324e+02
  2.155770e+00   1.019963e+04   3.597133e+02
  2.158420e+00   9.887798e+03   3.551802e+02
  2.161060e+00   1.007499e+04   3.529115e+02
  2.163700e+00   9.839050e+03   3.438042e+02
  2.166350e+00   1.045534e+04   3.492884e+02
  2.168990e+00   1.038064e+04   3.503297e+02
  2.171630e+00   1.105288e+04   3.578502e+02
  2.174280e+00   9.656181e+03   3.329718e+02
  2.176920e+00   1.018714e+04   3.439954e+02
  2.179560e+00   1.069943e+04   3.475014e+02
  2.182210e+00   1.050756e+04   3.443715e+02
  2.184850e+00   9.684214e+03   3.294636e+02
  2.187490e+00   1.018687e+04   3.384360e+02
  2.190140e+00   1.064238e+04   3.476715e+02
  2.192780e+00   9.577339e+03   3.275381e+02
  2.195420e+00   1.064748e+04   3.425769e+02
  2.198070e+00   1.033761e+04   3.380761e+02
  2.200710e+00   9.940791e+03   3.326559e+02
  2.203350e+00   1.039943e+04   3.424870e+02
  2.206000e+00   9.638517e+03   3.258413e+02
  2.208640e+00   1.026509e+04   3.375142e+02
  2.211280e+00   9.958116e+03   3.330492e+02
  2.213930e+00   1.050346e+04   3.407772e+02
  2.216570e+00   1.013003e+04   3.358073e+02
  2.219210e+00   1.016927e+04   3.334635e+02
  2.221860e+00   9.676931e+03   3.277022e+02
  2.224500e+00   1.011117e+04   3.351820e+02
  2.227140e+00   1.019219e+04   3.362093e+02
  2.229790e+00   1.028398e+04   3.374064e+02
  2.232430e+00   1.090339e+04   3.468831e+02
  2.235070e+00   1.041663e+04   3.408427e+02
  2.237720e+00   9.904798e+03   3.325706e+02
  2.240360e+00   1.034624e+04   3.392665e+02
  2.243010e+00   1.021117e+04   3.368354e+02
  2.245650e+00   9.944502e+03   3.324080e+02
  2.248290e+00   1.015861e+04   3.363854e+02
  2.250940e+00   9.929491e+03   3.343434e+02
  2.253580e+00   9.598765e+03   3.248690e+02
  2.256220e+00   1.037558e+04   3.405949e+02
  2.258870e+00   1.035078e+04   3.412552e+02
  2.261510e+00   1.041764e+04   3.403294e+02
  2.264150e+00   1.019498e+04   3.381463e+02
  2.266800e+00   1.021746e+04   3.377789e+02
  2.269440e+00   1.009261e+04   3.362336e+02
  2.272080e+00   9.960814e+03   3.353981e+02
  2.274730e+00   1.053600e+04   3.418329e+02
  2.277370e+00   1.016134e+04   3.375878e+02
  2.280010e+00   1.019838e+04   3.371480e+02
  2.282660e+00   1.050707e+04   3.430680e+02
  2.285300e+00   1.064180e+04   3.447216e+02
  2.287940e+00   1.001474e+04   3.332697e+02
  2.290590e+00   1.028039e+04   3.411667e+02
  2.293230e+00   9.473285e+03   3.230363e+02
  2.295870e+00   9.839428e+03   3.328236e+02
  2.298520e+00   1.000006e+04   3.333353e+02
  2.301160e+00   9.578125e+03   3.277567e+02
  2.303800e+00   1.017467e+04   3.412476e+02
  2.306450e+00   9.681678e+03   3.263693e+02
  2.309090e+00   1.002994e+04   3.367724e+02
  2.311730e+00   1.021588e+04   3.375423e+02
  2.314380e+00   9.899555e+03   3.335245e+02
  2.317020e+00   9.804864e+03   3.331828e+02
  2.319660e+00   1.089043e+04   3.469979e+02
  2.322310e+00   9.969822e+03   3.370415e+02
  2.324950e+00   1.010921e+04   3.356709e+02
  2.327590e+00   9.818004e+03   3.326704e+02
  2.330240e+00   9.580817e+03   3.299809e+02
  2.332880e+00   1.040186e+04   3.401773e+02
  2.335520e+00   1.027938e+04   3.432185e+02
  2.338170e+00   1.007370e+04   3.356036e+02
  2.340810e+00   1.032612e+04   3.398884e+02
  2.343450e+00   1.049355e+04   3.444678e+02
  2.346100e+00   1.017432e+04   3.372756e+02
  2.348740e+00   1.009080e+04   3.384346e+02
  2.351380e+00   9.876684e+03   3.310672e+02
  2.354030e+00   1.046881e+04   3.425501e+02
  2.356670e+00   1.027389e+04   3.409510e+02
  2.359310e+00   9.805366e+03   3.311037e+02
  2.361960e+00   9.603011e+03   3.288008e+02
  2.364600e+00   1.069776e+04   3.450891e+02
  2.367240e+00   9.846191e+03   3.342015e+02
  2.369890e+00   1.022703e+04   3.384653e+02
  2.372530e+00   9.697777e+03   3.314632e+02
  2.375170e+00   1.037392e+04   3.423905e+02
  2.377820e+00   1.009036e+04   3.350450e+02
  2.380460e+00   1.036501e+04   3.432198e+02
  2.383100e+00   1.005910e+04   3.340071e+02
  2.385750e+00   1.032220e+04   3.414282e+02
  2.388390e+00   9.860132e+03   3.318198e+02
  2.391030e+00   9.652347e+03   3.293338e+02
  2.393680e+00   1.053408e+04   3.434013e+02
  2.396320e+00   1.026494e+04   3.367816e+02
  2.398970e+00   1.001955e+04   3.358562e+02
  2.401610e+00   1.035916e+04   3.376990e+02
  2.404250e+00   1.010271e+04   3.378852e+02
  2.406900e+00   1.057277e+04   3.433876e+02
  2.409540e+00   1.017177e+04   3.353533e+02
  2.412180e+00   1.046066e+04   3.446904e+02
  2.414830e+00   1.004879e+04   3.331143e+02
  2.417470e+00   9.972108e+03   3.355882e+02
  2.420110e+00   9.427536e+03   3.235522e+02
  2.422760e+00   1.047240e+04   3.417538e+02
  2.425400e+00   9.876698e+03   3.340843e+02
  2.428040e+00   1.015080e+04   3.359426e+02
  2.430690e+00   1.003491e+04   3.367494e+02
  2.433330e+00   1.059597e+04   3.426983e+02
  2.435970e+00   1.009430e+04   3.381717e+02
  2.438620e+00   1.041440e+04   3.431661e+02
  2.441260e+00   9.907395e+03   3.320966e+02
  2.443900e+00   9.581289e+03   3.286355e+02
  2.446550e+00   1.012374e+04   3.355986e+02
  2.449190e+00   1.058863e+04   3.459156e+02
  2.451830e+00   1.044736e+04   3.429513e+02
  2.454480e+00   1.012475e+04   3.365579e+02
  2.457120e+00   1.015213e+04   3.401091e+02
  2.459760e+00   1.037087e+04   3.406241e+02
  2.462410e+00   1.014943e+04   3.388795e+02
  2.465050e+00   9.444157e+03   3.256606e+02
  2.467690e+00   9.681817e+03   3.301472e+02
  2.470340e+00   1.005956e+04   3.383397e+02
  2.472980e+00   9.395580e+03   3.255376e+02
  2.475620e+00   1.005194e+04   3.361872e+02
  2.478270e+00   1.021418e+04   3.387831e+02
  2.480910e+00   9.834848e+03   3.340089e+02
  2.483550e+00   1.046730e+04   3.449092e+02
  2.486200e+00   1.008011e+04   3.375070e+02
  2.488840e+00   9.897838e+03   3.351831e+02
  2.491480e+00   1.108637e+04   3.530620e+02
  2.494130e+00   1.079237e+04   3.503353e+02
  2.496770e+00   9.924361e+03   3.353131e+02
  2.499410e+00   1.055937e+04   3.453282e+02
  2.502060e+00   1.000940e+04   3.385730e+02
  2.504700e+00   1.003576e+04   3.360221e+02
  2.507340e+00   9.517948e+03   3.287921e+02
  2.509990e+00   9.793335e+03   3.318345e+02
  2.512630e+00   1.047310e+04   3.456638e+02
  2.515270e+00   1.025467e+04   3.418225e+02
  2.517920e+00   1.016014e+04   3.405685e+02
  2.520560e+00   9.818382e+03   3.338350e+02
  2.523200e+00   1.011401e+04   3.380741e+02
  2.525850e+00   9.563540e+03   3.311583e+02
  2.528490e+00   1.039802e+04   3.443129e+02
  2.531130e+00   1.045683e+04   3.441908e+02
  2.533780e+00   1.001404e+04   3.375733e+02
  2.536420e+00   9.548241e+03   3.298385e+02
  2.539060e+00   1.023028e+04   3.434991e+02
  2.541710e+00   1.008853e+04   3.372225e+02
  2.544350e+00   1.006738e+04   3.387944e+02
  2.546990e+00   1.004878e+04   3.391299e+02
  2.549640e+00   9.495436e+03   3.301887e+02
  2.552280e+00   1.034330e+04   3.443943e+02
  2.554930e+00   9.945752e+03   3.345118e+02
  2.557570e+00   1.001948e+04   3.385269e+02
  2.560210e+00   1.072183e+04   3.495217e+02
  2.562860e+00   9.891858e+03   3.380968e+02
  2.565500e+00   9.684415e+03   3.333513e+02
  2.568140e+00   1.003903e+04   3.374583e+02
  2.570790e+00   9.586037e+03   3.329368e+02
  2.573430e+00   9.510491e+03   3.281431e+02
  2.576070e+00   9.047397e+03   3.218919e+02
  2.578720e+00   9.697807e+03   3.340102e+02
  2.581360e+00   1.015178e+04   3.408636e+02
  2.584000e+00   1.004491e+04   3.411431e+02
  2.586650e+00   1.042747e+04   3.449099e+02
  2.589290e+00   9.731541e+03   3.332016e+02
  2.591930e+00   9.452992e+03   3.287127e+02
  2.594580e+00   1.038876e+04   3.464846e+02
  2.597220e+00   9.959980e+03   3.400281e+02
  2.599860e+00   1.033700e+04   3.421047e+02
  2.602510e+00   1.084644e+04   3.541490e+02
  2.605150e+00   1.001717e+04   3.390299e+02
  2.607790e+00   1.017286e+04   3.417640e+02
  2.610440e+00   1.003421e+04   3.401915e+02
  2.613080e+00   9.771995e+03   3.339999e+02
  2.615720e+00   9.966572e+03   3.412489e+02
  2.618370e+00   9.735546e+03   3.341231e+02
  2.621010e+00   1.016478e+04   3.413000e+02
  2.623650e+00   1.072388e+04   3.520287e+02
  2.626300e+00   9.933005e+03   3.379277e+02
  2.628940e+00   9.762630e+03   3.378497e+02
  2.631580e+00   9.339184e+03   3.269368e+02
  2.634230e+00   1.027300e+04   3.437729e+02
  2.636870e+00   9.694447e+03   3.344902e+02
  2.639510e+00   9.818040e+03   3.359664e+02
  2.642160e+00   9.963925e+03   3.407590e+02
  2.644800e+00   1.019929e+04   3.411154e+02
  2.647440e+00   9.471016e+03   3.329832e+02
  2.650090e+00   1.019728e+04   3.431659e+02
  2.652730e+00   9.923891e+03   3.391916e+02
  2.655370e+00   9.672940e+03   3.331538e+02
  2.658020e+00   9.982972e+03   3.394312e+02
  2.660660e+00   9.802714e+03   3.372236e+02
  2.663300e+00   9.716540e+03   3.346554e+02
  2.665950e+00   1.015634e+04   3.457257e+02
  2.668590e+00   1.019023e+04   3.528588e+02
  2.671230e+00   9.674370e+03   3.490937e+02
  2.673880e+00   1.035575e+04   3.654465e+02
  2.676520e+00   1.015536e+04   3.608550e+02
  2.679160e+00   9.807183e+03   3.610074e+02
  2.681810e+00   1.070549e+04   3.773188e+02
  2.684450e+00   1.052868e+04   3.777141e+02
  2.687090e+00   1.015250e+04   3.724591e+02
  2.689740e+00   9.961202e+03   3.689334e+02
  2.692380e+00   1.017599e+04   3.797645e+02
  2.695020e+00   1.011377e+04   3.777057e+02
  2.697670e+00   1.041669e+04   3.860681e+02
  2.700310e+00   1.086074e+04   3.950012e+02
  2.702950e+00   1.016069e+04   3.826736e+02
  2.705600e+00   9.853947e+03   3.821197e+02
  2.708240e+00   1.029548e+04   3.880257e+02
  2.710890e+00   9.552673e+03   3.770139e+02
  2.713530e+00   1.024792e+04   3.921258e+02
  2.716170e+00   9.394489e+03   3.794398e+02
  2.718820e+00   9.872178e+03   3.911499e+02
  2.721460e+00   9.748763e+03   3.814986e+02
  2.724100e+00   9.523773e+03   3.695941e+02
  2.726750e+00   1.011990e+04   3.776713e+02
  2.729390e+00   1.027677e+04   3.798402e+02
  2.732030e+00   1.032593e+04   3.750548e+02
  2.734680e+00   9.580146e+03   3.602985e+02
  2.737320e+00   1.034618e+04   3.735789e+02
  2.739960e+00   1.038073e+04   3.716897e+02
  2.742610e+00   9.222473e+03   3.500803e+02
  2.745250e+00   9.742436e+03   3.557435e+02
  2.747890e+00   1.016451e+04   3.663036e+02
  2.750540e+00   1.008939e+04   3.645444e+02
  2.753180e+00   1.030148e+04   3.624049e+02
  2.755820e+00   1.042648e+04   3.690935e+02
  2.758470e+00   9.709179e+03   3.519575e+02
  2.761110e+00   1.002978e+04   3.612138e+02
  2.763750e+00   9.782464e+03   3.553151e+02
  2.766400e+00   1.032455e+04   3.616531e+02
  2.769040e+00   9.779942e+03   3.533637e+02
  2.771680e+00   1.003968e+04   3.556236e+02
  2.774330e+00   1.085555e+04   3.732214e+02
  2.776970e+00   1.048489e+04   3.639358e+02
  2.779610e+00   9.396611e+03   3.438040e+02
  2.782260e+00   9.456900e+03   3.483494e+02
  2.784900e+00   9.542564e+03   3.450121e+02
  2.787540e+00   1.015059e+04   3.591021e+02
  2.790190e+00   9.695889e+03   3.471685e+02
  2.792830e+00   9.601539e+03   3.485138e+02
  2.795470e+00   9.709603e+03   3.505935e+02
  2.798120e+00   1.023041e+04   3.566095e+02
  2.800760e+00   9.683868e+03   3.485300e+02
  2.803400e+00   9.955536e+03   3.515422e+02
  2.806050e+00   9.890183e+03   3.520998e+02
  2.808690e+00   9.475072e+03   3.421250e+02
  2.811330e+00   1.015119e+04   3.536336e+02
  2.813980e+00   9.549218e+03   3.452527e+02
  2.816620e+00   9.910515e+03   3.482200e+02
  2.819260e+00   1.045426e+04   3.620015e+02
  2.821910e+00   9.648891e+03   3.439458e+02
  2.824550e+00   1.021114e+04   3.535828e+02
  2.827190e+00   9.462555e+03   3.439224e+02
  2.829840e+00   9.462180e+03   3.396725e+02
  2.832480e+00   9.619446e+03   3.453180e+02
  2.835120e+00   9.765907e+03   3.448462e+02
  2.837770e+00   1.021628e+04   3.552548e+02
  2.840410e+00   1.029937e+04   3.570663e+02
  2.843050e+00   1.029684e+04   3.550636e+02
  2.845700e+00   9.697433e+03   3.461162e+02
  2.848340e+00   9.621759e+03   3.412486e+02
  2.850980e+00   9.483088e+03   3.428618e+02
  2.853630e+00   1.002896e+04   3.506544e+02
  2.856270e+00   9.784740e+03   3.452960e+02
  2.858910e+00   1.003055e+04   3.539705e+02
  2.861560e+00   9.924082e+03   3.486967e+02
  2.864200e+00   1.007349e+04   3.546036e+02
  2.866850e+00   9.630967e+03   3.437440e+02
  2.869490e+00   9.379164e+03   3.391044e+02
  2.872130e+00   9.749053e+03   3.475162e+02
  2.874780e+00   9.747948e+03   3.472563e+02
  2.877420e+00   9.517917e+03   3.427794e+02
  2.880060e+00   9.560560e+03   3.416665e+02
  2.882710e+00   9.653576e+03   3.436764e+02
  2.885350e+00   9.658597e+03   3.465002e+02
  2.887990e+00   9.447618e+03   3.406898e+02
  2.890640e+00   9.948637e+03   3.512986e+02
  2.893280e+00   9.545903e+03   3.424573e+02
  2.895920e+00   9.944502e+03   3.494142e+02
  2.898570e+00   9.577047e+03   3.431333e+02
  2.901210e+00   9.818158e+03   3.464753e+02
  2.903850e+00   9.792993e+03   3.484190e+02
  2.906500e+00   9.787019e+03   3.458073e+02
  2.909140e+00   9.995999e+03   3.538545e+02
  2.911780e+00   9.779096e+03   3.440274e+02
  2.914430e+00   9.689725e+03   3.456211e+02
  2.917070e+00   9.035523e+03   3.321524e+02
  2.919710e+00   9.473626e+03   3.416277e+02
  2.922360e+00   1.023215e+04   3.551632e+02
  2.925000e+00   9.836556e+03   3.456213e+02
  2.927640e+00   9.536030e+03   3.429872e+02
  2.930290e+00   9.661152e+03   3.441643e+02
  2.932930e+00   1.023563e+04   3.540066e+02
  2.935570e+00   1.024975e+04   3.553461e+02
  2.938220e+00   9.599310e+03   3.413122e+02
  2.940860e+00   9.779569e+03   3.492703e+02
  2.943500e+00   9.717199e+03   3.439851e+02
  2.946150e+00   1.004182e+04   3.519657e+02
  2.948790e+00   9.169236e+03   3.341456e+02
  2.951430e+00   9.900880e+03   3.485275e+02
  2.954080e+00   9.447968e+03   3.429395e+02
  2.956720e+00   9.893435e+03   3.459159e+02
  2.959360e+00   9.467111e+03   3.413928e+02
  2.962010e+00   9.254890e+03   3.359312e+02
  2.964650e+00   9.731259e+03   3.460037e+02
  2.967290e+00   9.686681e+03   3.448550e+02
  2.969940e+00   9.394208e+03   3.381049e+02
  2.972580e+00   9.411394e+03   3.402697e+02
  2.975220e+00   9.845674e+03   3.487517e+02
  2.977870e+00   9.574474e+03   3.423825e+02
  2.980510e+00   9.792553e+03   3.457871e+02
  2.983150e+00   9.624495e+03   3.419916e+02
  2.985800e+00   9.460604e+03   3.411581e+02
  2.988440e+00   9.500260e+03   3.408199e+02
  2.991080e+00   1.011264e+04   3.527187e+02
  2.993730e+00   1.085523e+04   3.646886e+02
  2.996370e+00   9.685256e+03   3.430694e+02
  2.999010e+00   9.813004e+03   3.478127e+02
  3.001660e+00   9.680042e+03   3.446186e+02
  3.004300e+00   9.579304e+03   3.421180e+02
  3.006940e+00   1.009497e+04   3.525316e+02
  3.009590e+00   9.622669e+03   3.414957e+02
  3.012230e+00   1.011264e+04   3.527187e+02
  3.014870e+00   9.816973e+03   3.462180e+02
  3.017520e+00   9.380342e+03   3.395912e+02
  3.020160e+00   1.017274e+04   3.526762e+02
  3.022810e+00   9.426248e+03   3.392581e+02
  3.025450e+00   9.446256e+03   3.401986e+02
  3.028090e+00   9.497768e+03   3.381295e+02
  3.030740e+00   9.632889e+03   3.427228e+02
  3.033380e+00   9.658068e+03   3.418919e+02
  3.036020e+00   9.449306e+03   3.392103e+02
  3.038670e+00   9.428761e+03   3.380375e+02
  3.041310e+00   9.955267e+03   3.472298e+02
  3.043950e+00   9.187340e+03   3.343616e+02
  3.046600e+00   9.436081e+03   3.344530e+02
  3.049240e+00   9.839610e+03   3.450902e+02
  3.051880e+00   9.662674e+03   3.416271e+02
  3.054530e+00   9.101542e+03   3.321200e+02
  3.057170e+00   1.005678e+04   3.478210e+02
  3.059810e+00   9.562580e+03   3.372462e+02
  3.062460e+00   1.006731e+04   3.477693e+02
  3.065100e+00   9.816186e+03   3.436352e+02
  3.067740e+00   9.569162e+03   3.391700e+02
  3.070390e+00   9.457559e+03   3.360597e+02
  3.073030e+00   9.671830e+03   3.410991e+02
  3.075670e+00   9.480068e+03   3.379279e+02
  3.078320e+00   1.021147e+04   3.502505e+02
  3.080960e+00   9.464560e+03   3.365210e+02
  3.083600e+00   1.033112e+04   3.514719e+02
  3.086250e+00   9.794396e+03   3.437159e+02
  3.088890e+00   9.323976e+03   3.353601e+02
  3.091530e+00   9.688937e+03   3.398059e+02
  3.094180e+00   9.772424e+03   3.425233e+02
  3.096820e+00   9.124130e+03   3.309670e+02
  3.099460e+00   1.005299e+04   3.481065e+02
  3.102110e+00   9.758210e+03   3.430804e+02
  3.104750e+00   9.495567e+03   3.374103e+02
  3.107390e+00   9.846862e+03   3.442875e+02
  3.110040e+00   9.682875e+03   3.410647e+02
  3.112680e+00   9.659616e+03   3.394043e+02
  3.115320e+00   9.812707e+03   3.428837e+02
  3.117970e+00   9.509054e+03   3.381030e+02
  3.120610e+00   9.511316e+03   3.388266e+02
  3.123250e+00   9.684847e+03   3.415582e+02
  3.125900e+00   1.013146e+04   3.477108e+02
  3.128540e+00   9.575593e+03   3.393979e+02
  3.131180e+00   9.575593e+03   3.393979e+02
  3.133830e+00   1.016147e+04   3.499797e+02
  3.136470e+00   9.653313e+03   3.406580e+02
  3.139110e+00   9.705887e+03   3.412408e+02
  3.141760e+00   9.348100e+03   3.357937e+02
  3.144400e+00   8.944057e+03   3.274652e+02
  3.147040e+00   9.448277e+03   3.367947e+02
  3.149690e+00   9.656005e+03   3.399075e+02
  3.152330e+00   9.335000e+03   3.351070e+02
  3.154970e+00   9.673104e+03   3.428541e+02
  3.157620e+00   9.690910e+03   3.402939e+02
  3.160260e+00   9.494109e+03   3.369333e+02
  3.162900e+00   9.569995e+03   3.394127e+02
  3.165550e+00   9.662674e+03   3.416271e+02
  3.168190e+00   1.003710e+04   3.481832e+02
  3.170830e+00   9.534010e+03   3.370781e+02
  3.173480e+00   9.390020e+03   3.364324e+02
  3.176120e+00   9.725442e+03   3.419283e+02
  3.178770e+00   9.412261e+03   3.361522e+02
  3.181410e+00   9.875090e+03   3.444333e+02
  3.184050e+00   9.745213e+03   3.413599e+02
  3.186700e+00   9.190644e+03   3.325058e+02
  3.189340e+00   9.430591e+03   3.365922e+02
  3.191980e+00   1.009387e+04   3.450012e+02
  3.194630e+00   9.579493e+03   3.388981e+02
  3.197270e+00   1.045357e+04   3.517905e+02
  3.199910e+00   9.224520e+03   3.317829e+02
  3.202560e+00   9.003573e+03   3.272404e+02
  3.205200e+00   1.002075e+04   3.443169e+02
  3.207840e+00   9.725999e+03   3.394397e+02
  3.210490e+00   1.024725e+04   3.484168e+02
  3.213130e+00   9.479989e+03   3.341257e+02
  3.215770e+00   9.930156e+03   3.414058e+02
  3.218420e+00   9.873890e+03   3.408845e+02
  3.221060e+00   9.659435e+03   3.379408e+02
  3.223700e+00   8.979319e+03   3.242244e+02
  3.226350e+00   8.908423e+03   3.255067e+02
  3.228990e+00   9.335340e+03   3.434060e+02
  3.231630e+00   9.808632e+03   3.572093e+02
  3.234280e+00   9.865778e+03   3.631643e+02
  3.236920e+00   9.693100e+03   3.602412e+02
  3.239560e+00   9.777483e+03   3.672011e+02
  3.242210e+00   9.677243e+03   3.678736e+02
  3.244850e+00   9.363350e+03   3.652991e+02
  3.247490e+00   9.151500e+03   3.628806e+02
  3.250140e+00   9.829789e+03   3.780688e+02
  3.252780e+00   9.187927e+03   3.695926e+02
  3.255420e+00   9.971198e+03   3.869575e+02
  3.258070e+00   9.830755e+03   3.847072e+02
  3.260710e+00   9.884232e+03   3.859144e+02
  3.263350e+00   9.944502e+03   3.930909e+02
  3.266000e+00   1.004037e+04   3.968806e+02
  3.268640e+00   9.393594e+03   3.857487e+02
  3.271280e+00   9.187664e+03   3.814970e+02
  3.273930e+00   8.958064e+03   3.788857e+02
  3.276570e+00   9.793469e+03   4.004847e+02
  3.279210e+00   9.706277e+03   4.016486e+02
  3.281860e+00   9.839448e+03   3.970878e+02
  3.284500e+00   9.711922e+03   3.866255e+02
  3.287140e+00   1.019021e+04   3.902033e+02
  3.289790e+00   1.026667e+04   3.897175e+02
  3.292430e+00   9.029383e+03   3.608867e+02
  3.295070e+00   9.165542e+03   3.628673e+02
  3.297720e+00   1.022047e+04   3.819570e+02
  3.300360e+00   9.745612e+03   3.720892e+02
  3.303000e+00   9.753530e+03   3.691766e+02
  3.305650e+00   9.136944e+03   3.556550e+02
  3.308290e+00   9.664115e+03   3.660544e+02
  3.310930e+00   9.910477e+03   3.714108e+02
  3.313580e+00   1.007317e+04   3.748845e+02
  3.316220e+00   9.798823e+03   3.677433e+02
  3.318860e+00   9.835373e+03   3.688553e+02
  3.321510e+00   9.310776e+03   3.560064e+02
  3.324150e+00   9.690178e+03   3.644367e+02
  3.326800e+00   9.598019e+03   3.599538e+02
  3.329440e+00   9.339184e+03   3.570926e+02
  3.332080e+00   9.938443e+03   3.680905e+02
  3.334730e+00   1.059338e+04   3.793040e+02
  3.337370e+00   9.944502e+03   3.655672e+02
  3.340010e+00   9.661006e+03   3.583069e+02
  3.342660e+00   9.432390e+03   3.554966e+02
  3.345300e+00   9.218017e+03   3.514336e+02
  3.347940e+00   9.016447e+03   3.460195e+02
  3.350590e+00   9.346072e+03   3.512469e+02
  3.353230e+00   9.247725e+03   3.497811e+02
  3.355870e+00   9.703601e+03   3.581664e+02
  3.358520e+00   9.397554e+03   3.516946e+02
  3.361160e+00   8.989306e+03   3.429634e+02
  3.363800e+00   9.612038e+03   3.567362e+02
  3.366450e+00   9.523013e+03   3.541647e+02
  3.369090e+00   9.792409e+03   3.590071e+02
  3.371730e+00   9.907138e+03   3.579594e+02
  3.374380e+00   9.497216e+03   3.517488e+02
  3.377020e+00   9.916736e+03   3.611462e+02
  3.379660e+00   9.464878e+03   3.534723e+02
  3.382310e+00   9.243389e+03   3.471428e+02
  3.384950e+00   9.849587e+03   3.570472e+02
  3.387590e+00   9.709411e+03   3.550112e+02
  3.390240e+00   9.865993e+03   3.592983e+02
  3.392880e+00   9.164541e+03   3.451566e+02
  3.395520e+00   9.308054e+03   3.481015e+02
  3.398170e+00   9.716076e+03   3.566884e+02
  3.400810e+00   9.663699e+03   3.557257e+02
  3.403450e+00   9.499616e+03   3.525638e+02
  3.406100e+00   9.401423e+03   3.482009e+02
  3.408740e+00   9.610355e+03   3.544833e+02
  3.411380e+00   9.438947e+03   3.507957e+02
  3.414030e+00   9.614466e+03   3.539134e+02
  3.416670e+00   9.491096e+03   3.517634e+02
  3.419310e+00   9.287300e+03   3.470827e+02
  3.421960e+00   9.297054e+03   3.489122e+02
  3.424600e+00   9.701882e+03   3.561673e+02
  3.427240e+00   9.234591e+03   3.455959e+02
  3.429890e+00   9.700200e+03   3.542012e+02
  3.432530e+00   9.111605e+03   3.431629e+02
  3.435170e+00   9.848965e+03   3.582034e+02
  3.437820e+00   1.034970e+04   3.645527e+02
  3.440460e+00   1.028550e+04   3.634202e+02
  3.443100e+00   9.233363e+03   3.448262e+02
  3.445750e+00   9.776506e+03   3.539333e+02
  3.448390e+00   9.541578e+03   3.502823e+02
  3.451030e+00   8.994579e+03   3.382760e+02
  3.453680e+00   9.612075e+03   3.498192e+02
  3.456320e+00   8.711984e+03   3.348287e+02
  3.458960e+00   9.355146e+03   3.441346e+02
  3.461610e+00   9.063503e+03   3.380116e+02
  3.464250e+00   9.013708e+03   3.387559e+02
  3.466890e+00   9.670607e+03   3.496415e+02
  3.469540e+00   9.235894e+03   3.425404e+02
  3.472180e+00   9.068389e+03   3.360969e+02
  3.474820e+00   9.251739e+03   3.410236e+02
  3.477470e+00   9.208651e+03   3.408275e+02
  3.480110e+00   8.481661e+03   3.276752e+02
  3.482760e+00   9.428395e+03   3.445060e+02
  3.485400e+00   8.950052e+03   3.337806e+02
  3.488040e+00   9.018946e+03   3.361163e+02
  3.490690e+00   9.273547e+03   3.429945e+02
  3.493330e+00   9.374461e+03   3.420789e+02
  3.495970e+00   9.902980e+03   3.512225e+02
  3.498620e+00   8.880963e+03   3.340030e+02
  3.501260e+00   9.483166e+03   3.448994e+02
  3.503900e+00   9.231500e+03   3.398162e+02
  3.506550e+00   9.062395e+03   3.363370e+02
  3.509190e+00   9.126283e+03   3.389417e+02
  3.511830e+00   1.045115e+04   3.623284e+02
  3.514480e+00   8.781183e+03   3.314244e+02
  3.517120e+00   9.560849e+03   3.452222e+02
  3.519760e+00   9.012205e+03   3.347049e+02
  3.522410e+00   9.288026e+03   3.409741e+02
  3.525050e+00   9.190237e+03   3.408470e+02
  3.527690e+00   9.167739e+03   3.376980e+02
  3.530340e+00   9.463271e+03   3.441758e+02
  3.532980e+00   8.993894e+03   3.356491e+02
  3.535620e+00   9.813763e+03   3.504915e+02
  3.538270e+00   8.780709e+03   3.318796e+02
  3.540910e+00   9.011776e+03   3.335408e+02
  3.543550e+00   9.019140e+03   3.365913e+02
  3.546200e+00   9.331570e+03   3.416531e+02
  3.548840e+00   9.804516e+03   3.497155e+02
  3.551480e+00   9.869918e+03   3.502703e+02
  3.554130e+00   9.267694e+03   3.397702e+02
  3.556770e+00   9.415153e+03   3.440222e+02
  3.559410e+00   9.500824e+03   3.448581e+02
  3.562060e+00   1.009591e+04   3.536442e+02
  3.564700e+00   8.525642e+03   3.262246e+02
  3.567340e+00   8.950052e+03   3.328560e+02
  3.569990e+00   9.535804e+03   3.465847e+02
  3.572630e+00   9.699502e+03   3.466319e+02
  3.575270e+00   9.742147e+03   3.486014e+02
  3.577920e+00   9.444841e+03   3.439608e+02
  3.580560e+00   9.131683e+03   3.382105e+02
  3.583200e+00   9.841343e+03   3.490365e+02
  3.585850e+00   8.894384e+03   3.317046e+02
  3.588490e+00   1.009395e+04   3.562077e+02
  3.591130e+00   1.075505e+04   3.665312e+02
  3.593780e+00   9.578234e+03   3.451756e+02
  3.596420e+00   9.434174e+03   3.422134e+02
  3.599060e+00   9.305559e+03   3.407007e+02
  3.601710e+00   9.117284e+03   3.360676e+02
  3.604350e+00   9.442086e+03   3.429520e+02
  3.606990e+00   9.828240e+03   3.498946e+02
  3.609640e+00   9.450054e+03   3.436952e+02
  3.612280e+00   8.750608e+03   3.302704e+02
  3.614920e+00   9.559152e+03   3.447118e+02
  3.617570e+00   9.384520e+03   3.413117e+02
  3.620210e+00   8.999913e+03   3.349421e+02
  3.622850e+00   8.733568e+03   3.286922e+02
  3.625500e+00   8.608447e+03   3.270078e+02
  3.628140e+00   9.192281e+03   3.379150e+02
  3.630780e+00   8.800677e+03   3.309835e+02
  3.633430e+00   9.018183e+03   3.342361e+02
  3.636070e+00   9.247973e+03   3.388195e+02
  3.638720e+00   9.537555e+03   3.452827e+02
  3.641360e+00   9.417824e+03   3.427497e+02
  3.644000e+00   9.405986e+03   3.427732e+02
  3.646650e+00   8.715498e+03   3.280121e+02
  3.649290e+00   9.421760e+03   3.419882e+02
  3.651930e+00   9.198319e+03   3.379087e+02
  3.654580e+00   9.575626e+03   3.444113e+02
  3.657220e+00   9.193973e+03   3.391248e+02
  3.659860e+00   9.398801e+03   3.422841e+02
  3.662510e+00   9.493977e+03   3.425844e+02
  3.665150e+00   9.054479e+03   3.335260e+02
  3.667790e+00   8.931496e+03   3.323959e+02
  3.670440e+00   9.526076e+03   3.435191e+02
  3.673080e+00   9.117053e+03   3.358310e+02
  3.675720e+00   9.176403e+03   3.350749e+02
  3.678370e+00   9.608234e+03   3.438096e+02
  3.681010e+00   9.236795e+03   3.357170e+02
  3.683650e+00   9.244703e+03   3.368957e+02
  3.686300e+00   8.998627e+03   3.305728e+02
  3.688940e+00   9.710193e+03   3.450367e+02
  3.691580e+00   9.054193e+03   3.330639e+02
  3.694230e+00   8.998430e+03   3.298985e+02
  3.696870e+00   8.974143e+03   3.287872e+02
  3.699510e+00   9.300797e+03   3.353953e+02
  3.702160e+00   8.640172e+03   3.240318e+02
  3.704800e+00   9.345533e+03   3.372279e+02
  3.707440e+00   9.015729e+03   3.281160e+02
  3.710090e+00   9.510560e+03   3.385849e+02
  3.712730e+00   9.684847e+03   3.415582e+02
  3.715370e+00   9.693371e+03   3.422848e+02
  3.718020e+00   8.648093e+03   3.231944e+02
  3.720660e+00   9.740819e+03   3.416254e+02
  3.723300e+00   8.707503e+03   3.249611e+02
  3.725950e+00   8.587212e+03   3.222723e+02
  3.728590e+00   9.392177e+03   3.350079e+02
  3.731230e+00   8.872016e+03   3.263624e+02
  3.733880e+00   8.866070e+03   3.261437e+02
  3.736520e+00   9.645965e+03   3.416776e+02
  3.739160e+00   9.585451e+03   3.406042e+02
  3.741810e+00   9.369398e+03   3.350490e+02
  3.744450e+00   9.414754e+03   3.371023e+02
  3.747090e+00   8.799377e+03   3.256796e+02
  3.749740e+00   9.366473e+03   3.362368e+02
  3.752380e+00   9.070025e+03   3.298736e+02
  3.755020e+00   8.625251e+03   3.221159e+02
  3.757670e+00   9.059347e+03   3.316862e+02
  3.760310e+00   9.028402e+03   3.298906e+02
  3.762950e+00   9.194523e+03   3.311327e+02
  3.765600e+00   9.528251e+03   3.387856e+02
  3.768240e+00   9.617966e+03   3.417595e+02
  3.770880e+00   9.138666e+03   3.334747e+02
  3.773530e+00   8.998041e+03   3.285620e+02
  3.776170e+00   9.164567e+03   3.304827e+02
  3.778810e+00   8.968157e+03   3.290098e+02
  3.781460e+00   8.660952e+03   3.229990e+02
  3.784100e+00   8.925927e+03   3.281236e+02
  3.786740e+00   9.182998e+03   3.355394e+02
  3.789390e+00   9.311206e+03   3.496897e+02
  3.792030e+00   9.031293e+03   3.496930e+02
  3.794680e+00   8.991296e+03   3.515875e+02
  3.797320e+00   9.096774e+03   3.565307e+02
  3.799960e+00   9.253198e+03   3.654794e+02
  3.802610e+00   9.149270e+03   3.674435e+02
  3.805250e+00   9.215294e+03   3.737295e+02
  3.807890e+00   9.437691e+03   3.763054e+02
  3.810540e+00   9.393729e+03   3.791001e+02
  3.813180e+00   8.747350e+03   3.693134e+02
  3.815820e+00   9.201281e+03   3.801014e+02
  3.818470e+00   8.950052e+03   3.785468e+02
  3.821110e+00   9.110160e+03   3.819178e+02
  3.823750e+00   9.649918e+03   3.986344e+02
  3.826400e+00   8.933385e+03   3.858635e+02
  3.829040e+00   8.747791e+03   3.839854e+02
  3.831680e+00   8.890555e+03   3.887568e+02
  3.834330e+00   9.209724e+03   3.992922e+02
  3.836970e+00   9.169201e+03   4.009412e+02
  3.839610e+00   9.641244e+03   4.133649e+02
  3.842260e+00   9.249814e+03   3.980486e+02
  3.844900e+00   8.553171e+03   3.722290e+02
  3.847540e+00   9.682618e+03   3.926820e+02
  3.850190e+00   9.577718e+03   3.852723e+02
  3.852830e+00   9.241734e+03   3.766650e+02
  3.855470e+00   9.411550e+03   3.773688e+02
  3.858120e+00   9.249384e+03   3.720648e+02
  3.860760e+00   9.519130e+03   3.751063e+02
  3.863400e+00   9.153793e+03   3.649856e+02
  3.866050e+00   8.891745e+03   3.600162e+02
  3.868690e+00   8.640921e+03   3.566490e+02
  3.871330e+00   9.309226e+03   3.694254e+02
  3.873980e+00   9.641843e+03   3.727752e+02
  3.876620e+00   9.754551e+03   3.743453e+02
  3.879260e+00   9.257687e+03   3.639572e+02
  3.881910e+00   9.050453e+03   3.602928e+02
  3.884550e+00   8.893226e+03   3.554448e+02
  3.887190e+00   9.537399e+03   3.652059e+02
  3.889840e+00   9.341616e+03   3.614380e+02
  3.892480e+00   8.533124e+03   3.443688e+02
  3.895120e+00   9.262021e+03   3.583583e+02
  3.897770e+00   9.328999e+03   3.585426e+02
  3.900410e+00   9.783568e+03   3.656291e+02
  3.903050e+00   9.122566e+03   3.548267e+02
  3.905700e+00   8.841236e+03   3.467818e+02
  3.908340e+00   1.008151e+04   3.696061e+02
  3.910980e+00   8.452826e+03   3.370363e+02
  3.913630e+00   8.733736e+03   3.436243e+02
  3.916270e+00   8.252296e+03   3.327647e+02
  3.918910e+00   8.542928e+03   3.376889e+02
  3.921560e+00   9.369273e+03   3.531178e+02
  3.924200e+00   9.129185e+03   3.480469e+02
  3.926840e+00   8.552860e+03   3.365078e+02
  3.929490e+00   8.963272e+03   3.442324e+02
  3.932130e+00   9.068683e+03   3.457403e+02
  3.934770e+00   8.528252e+03   3.352802e+02
  3.937420e+00   9.115426e+03   3.472701e+02
  3.940060e+00   9.478858e+03   3.539944e+02
  3.942700e+00   9.716076e+03   3.566884e+02
  3.945350e+00   9.003168e+03   3.457646e+02
  3.947990e+00   8.501229e+03   3.349953e+02
  3.950640e+00   8.690533e+03   3.400868e+02
  3.953280e+00   8.445177e+03   3.327866e+02
  3.955920e+00   8.963233e+03   3.437243e+02
  3.958570e+00   9.284940e+03   3.491961e+02
  3.961210e+00   8.290990e+03   3.305834e+02
  3.963850e+00   9.473446e+03   3.520779e+02
  3.966500e+00   8.675269e+03   3.369195e+02
  3.969140e+00   9.081864e+03   3.459915e+02
  3.971780e+00   9.185235e+03   3.464277e+02
  3.974430e+00   9.417011e+03   3.494980e+02
  3.977070e+00   9.113732e+03   3.454551e+02
  3.979710e+00   8.877927e+03   3.412064e+02
  3.982360e+00   9.160641e+03   3.472332e+02
  3.985000e+00   8.623883e+03   3.354302e+02
  3.987640e+00   9.378719e+03   3.490398e+02
  3.990290e+00   8.800559e+03   3.382330e+02
  3.992930e+00   9.321612e+03   3.486085e+02
  3.995570e+00   9.438236e+03   3.505273e+02
  3.998220e+00   8.833985e+03   3.375292e+02
  4.000860e+00   8.845830e+03   3.394718e+02
  4.003500e+00   8.701802e+03   3.371880e+02
  4.006150e+00   8.396776e+03   3.306227e+02
  4.008790e+00   8.833817e+03   3.377694e+02
  4.011430e+00   9.284874e+03   3.457868e+02
  4.014080e+00   8.520761e+03   3.329337e+02
  4.016720e+00   8.826378e+03   3.389750e+02
  4.019360e+00   8.904882e+03   3.390031e+02
  4.022010e+00   9.008211e+03   3.412103e+02
  4.024650e+00   8.975956e+03   3.409684e+02
  4.027290e+00   8.774815e+03   3.374929e+02
  4.029940e+00   9.450844e+03   3.483627e+02
  4.032580e+00   8.583299e+03   3.323467e+02
  4.035220e+00   8.400770e+03   3.295053e+02
  4.037870e+00   8.510309e+03   3.317664e+02
  4.040510e+00   9.285356e+03   3.460448e+02
  4.043150e+00   8.879679e+03   3.370680e+02
  4.045800e+00   9.163302e+03   3.441350e+02
  4.048440e+00   8.982550e+03   3.417123e+02
  4.051080e+00   8.661340e+03   3.333751e+02
  4.053730e+00   8.969244e+03   3.387637e+02
  4.056370e+00   8.724853e+03   3.350759e+02
  4.059010e+00   9.439407e+03   3.486524e+02
  4.061660e+00   8.445641e+03   3.305035e+02
  4.064300e+00   9.560428e+03   3.505023e+02
  4.066940e+00   9.207978e+03   3.445999e+02
  4.069590e+00   8.988685e+03   3.402267e+02
  4.072230e+00   8.688503e+03   3.329442e+02
  4.074870e+00   8.764525e+03   3.348753e+02
  4.077520e+00   8.854227e+03   3.363443e+02
  4.080160e+00   8.917880e+03   3.387623e+02
  4.082800e+00   8.543524e+03   3.320535e+02
  4.085450e+00   8.911584e+03   3.380357e+02
  4.088090e+00   9.293795e+03   3.439788e+02
  4.090730e+00   9.417735e+03   3.473784e+02
  4.093380e+00   8.982269e+03   3.402277e+02
  4.096020e+00   9.475771e+03   3.485719e+02
  4.098660e+00   9.594353e+03   3.498701e+02
  4.101310e+00   9.020424e+03   3.397288e+02
  4.103950e+00   8.930941e+03   3.373170e+02
  4.106600e+00   9.181518e+03   3.436097e+02
  4.109240e+00   8.658478e+03   3.313074e+02
  4.111880e+00   8.642313e+03   3.328895e+02
  4.114530e+00   8.988574e+03   3.397362e+02
  4.117170e+00   9.155505e+03   3.428763e+02
  4.119810e+00   9.349098e+03   3.441451e+02
  4.122460e+00   9.236301e+03   3.427913e+02
  4.125100e+00   8.975623e+03   3.387631e+02
  4.127740e+00   9.233771e+03   3.450822e+02
  4.130390e+00   8.688876e+03   3.327142e+02
  4.133030e+00   9.241625e+03   3.422824e+02
  4.135670e+00   9.532221e+03   3.492335e+02
  4.138320e+00   8.753138e+03   3.334680e+02
  4.140960e+00   8.324442e+03   3.260103e+02
  4.143600e+00   9.077003e+03   3.394607e+02
  4.146250e+00   8.835307e+03   3.356256e+02
  4.148890e+00   9.283435e+03   3.450161e+02
  4.151530e+00   8.803120e+03   3.353722e+02
  4.154180e+00   9.436399e+03   3.452598e+02
  4.156820e+00   8.988191e+03   3.380357e+02
  4.159460e+00   8.867240e+03   3.361119e+02
  4.162110e+00   9.052631e+03   3.407003e+02
  4.164750e+00   8.658064e+03   3.315344e+02
  4.167390e+00   8.785714e+03   3.332611e+02
  4.170040e+00   9.069890e+03   3.382498e+02
  4.172680e+00   9.229741e+03   3.425478e+02
  4.175320e+00   9.484665e+03   3.454111e+02
  4.177970e+00   9.025473e+03   3.368277e+02
  4.180610e+00   8.604125e+03   3.289870e+02
  4.183250e+00   8.637550e+03   3.285879e+02
  4.185900e+00   8.570126e+03   3.267330e+02
  4.188540e+00   8.726300e+03   3.293530e+02
  4.191180e+00   8.912604e+03   3.335458e+02
  4.193830e+00   8.701093e+03   3.291056e+02
  4.196470e+00   8.724736e+03   3.304729e+02
  4.199110e+00   8.882014e+03   3.314738e+02
  4.201760e+00   9.435999e+03   3.407142e+02
  4.204400e+00   8.716465e+03   3.273537e+02
  4.207040e+00   9.276966e+03   3.382961e+02
  4.209690e+00   8.724009e+03   3.264878e+02
  4.212330e+00   8.894614e+03   3.310233e+02
  4.214970e+00   8.600871e+03   3.246190e+02
  4.217620e+00   8.525616e+03   3.238614e+02
  4.220260e+00   8.913521e+03   3.294532e+02
  4.222900e+00   8.464104e+03   3.226909e+02
  4.225550e+00   9.159050e+03   3.355616e+02
  4.228190e+00   9.207872e+03   3.362239e+02
  4.230830e+00   8.790667e+03   3.282935e+02
  4.233480e+00   9.005185e+03   3.321613e+02
  4.236120e+00   8.943934e+03   3.308033e+02
  4.238760e+00   9.023313e+03   3.319279e+02
  4.241410e+00   9.048947e+03   3.344587e+02
  4.244050e+00   8.605345e+03   3.254841e+02
  4.246690e+00   9.464986e+03   3.406523e+02
  4.249340e+00   9.457119e+03   3.399291e+02
  4.251980e+00   8.730269e+03   3.264935e+02
  4.254620e+00   9.225344e+03   3.359672e+02
  4.257270e+00   8.943900e+03   3.317109e+02
  4.259910e+00   9.134716e+03   3.353460e+02
  4.262560e+00   8.796902e+03   3.282975e+02
  4.265200e+00   8.986682e+03   3.312535e+02
  4.267840e+00   8.468735e+03   3.212374e+02
  4.270490e+00   8.840310e+03   3.283209e+02
  4.273130e+00   8.593525e+03   3.250370e+02
  4.275770e+00   9.424349e+03   3.407381e+02
  4.278420e+00   8.808378e+03   3.294147e+02
  4.281060e+00   9.096774e+03   3.335039e+02
  4.283700e+00   8.185351e+03   3.164640e+02
  4.286350e+00   9.085472e+03   3.344408e+02
  4.288990e+00   9.310006e+03   3.370448e+02
  4.291630e+00   9.047866e+03   3.326062e+02
  4.294280e+00   8.999228e+03   3.326210e+02
  4.296920e+00   8.668834e+03   3.255649e+02
  4.299560e+00   8.522696e+03   3.225888e+02
  4.302210e+00   8.503467e+03   3.225549e+02
  4.304850e+00   8.783968e+03   3.287317e+02
  4.307490e+00   8.796482e+03   3.287400e+02
  4.310140e+00   8.925564e+03   3.305765e+02
  4.312780e+00   8.643543e+03   3.255347e+02
  4.315420e+00   8.980556e+03   3.310277e+02
  4.318070e+00   9.219410e+03   3.359740e+02
  4.320710e+00   9.945868e+03   3.496781e+02
  4.323350e+00   8.583246e+03   3.239538e+02
  4.326000e+00   9.221265e+03   3.371628e+02
  4.328640e+00   8.974640e+03   3.321663e+02
  4.331280e+00   9.324248e+03   3.382260e+02
  4.333930e+00   8.397879e+03   3.192395e+02
  4.336570e+00   8.748446e+03   3.269448e+02
  4.339210e+00   8.427196e+03   3.219866e+02
  4.341860e+00   8.894614e+03   3.310233e+02
  4.344500e+00   9.078171e+03   3.328219e+02
  4.347140e+00   8.811584e+03   3.330466e+02
  4.349790e+00   8.716456e+03   3.411013e+02
  4.352430e+00   9.226715e+03   3.572598e+02
  4.355070e+00   8.985371e+03   3.562932e+02
  4.357720e+00   9.488510e+03   3.715987e+02
  4.360360e+00   8.499546e+03   3.572625e+02
  4.363000e+00   9.109197e+03   3.715719e+02
  4.365650e+00   9.057698e+03   3.732160e+02
  4.368290e+00   8.614522e+03   3.666584e+02
  4.370930e+00   8.926311e+03   3.758655e+02
  4.373580e+00   8.853814e+03   3.768434e+02
  4.376220e+00   8.299588e+03   3.696930e+02
  4.378860e+00   8.469567e+03   3.714151e+02
  4.381510e+00   8.392234e+03   3.738198e+02
  4.384150e+00   8.457544e+03   3.789916e+02
  4.386790e+00   8.681982e+03   3.874958e+02
  4.389440e+00   9.250389e+03   3.984425e+02
  4.392080e+00   9.020524e+03   3.986546e+02
  4.394720e+00   8.613982e+03   3.903368e+02
  4.397370e+00   9.066519e+03   4.030559e+02
  4.400010e+00   8.851895e+03   3.974618e+02
  4.402650e+00   8.133072e+03   3.864139e+02
  4.405300e+00   8.699636e+03   4.017118e+02
  4.407940e+00   9.015930e+03   4.119484e+02
  4.410590e+00   9.271724e+03   4.188538e+02
  4.413230e+00   9.026548e+03   4.154805e+02
  4.415870e+00   8.755907e+03   4.122996e+02
  4.418520e+00   8.890517e+03   4.200374e+02
  4.421160e+00   8.870496e+03   4.200301e+02
  4.423800e+00   8.389422e+03   4.098501e+02
  4.426450e+00   8.960234e+03   4.271624e+02
  4.429090e+00   8.617026e+03   4.235037e+02
  4.431730e+00   9.138254e+03   4.371420e+02
  4.434380e+00   9.074646e+03   4.340992e+02
  4.437020e+00   8.896841e+03   4.351587e+02
  4.439660e+00   8.680146e+03   4.329264e+02
  4.442310e+00   9.090742e+03   4.435828e+02
  4.444950e+00   9.047926e+03   4.436111e+02
  4.447590e+00   8.346060e+03   4.281439e+02
  4.450240e+00   8.724609e+03   4.434968e+02
  4.452880e+00   1.042255e+04   4.896943e+02
  4.455520e+00   8.319766e+03   4.366745e+02
  4.458170e+00   8.565979e+03   4.465325e+02
  4.460810e+00   9.913180e+03   4.825661e+02
  4.463450e+00   8.581590e+03   4.516626e+02
  4.466100e+00   8.623936e+03   4.564271e+02
  4.468740e+00   9.925764e+03   4.890073e+02
  4.471380e+00   9.611631e+03   4.898541e+02
  4.474030e+00   9.228948e+03   4.837283e+02
  4.476670e+00   9.114621e+03   4.803827e+02
  4.479310e+00   8.482983e+03   4.627846e+02
  4.481960e+00   9.491697e+03   4.947889e+02
  4.484600e+00   9.003326e+03   4.897164e+02
  4.487240e+00   8.439388e+03   4.762622e+02
  4.489890e+00   9.525316e+03   5.048408e+02
  4.492530e+00   8.705959e+03   4.859193e+02
  4.495170e+00   8.977590e+03   4.972227e+02
  4.497820e+00   9.233281e+03   5.113841e+02
  4.500460e+00   8.641429e+03   4.923911e+02
  4.503100e+00   8.144259e+03   4.841260e+02
  4.505750e+00   9.241584e+03   5.190591e+02
  4.508390e+00   8.311822e+03   4.967264e+02
  4.511030e+00   8.728149e+03   5.081725e+02
  4.513680e+00   9.663677e+03   5.360443e+02
  4.516320e+00   8.965456e+03   5.255643e+02
  4.518960e+00   8.208160e+03   5.090485e+02
  4.521610e+00   8.327855e+03   5.154813e+02
  4.524250e+00   9.511379e+03   5.446200e+02
  4.526890e+00   8.402746e+03   5.201169e+02
  4.529540e+00   8.442827e+03   5.256275e+02
  4.532180e+00   8.748171e+03   5.425385e+02
  4.534820e+00   8.450978e+03   5.302615e+02
  4.537470e+00   8.915628e+03   5.539902e+02
  4.540110e+00   8.395010e+03   5.396517e+02
  4.542750e+00   8.557818e+03   5.524048e+02
  4.545400e+00   8.967363e+03   5.572048e+02
  4.548040e+00   8.842220e+03   5.637593e+02
  4.550680e+00   9.780469e+03   6.008094e+02
  4.553330e+00   9.063823e+03   5.862900e+02
  4.555970e+00   8.360982e+03   5.636973e+02
  4.558610e+00   8.705103e+03   5.727537e+02
  4.561260e+00   9.295762e+03   5.975542e+02
  4.563900e+00   8.730785e+03   5.899718e+02
  4.566550e+00   8.315151e+03   5.836092e+02
  4.569190e+00   8.769849e+03   5.926115e+02
  4.571830e+00   1.057355e+04   6.634435e+02
  4.574480e+00   8.297224e+03   5.911528e+02
  4.577120e+00   8.693112e+03   6.101369e+02
  4.579760e+00   8.416039e+03   5.996179e+02
  4.582410e+00   8.530173e+03   6.140153e+02
  4.585050e+00   8.972710e+03   6.376627e+02
  4.587690e+00   1.013564e+04   6.864724e+02
  4.590340e+00   8.236808e+03   6.156480e+02
  4.592980e+00   9.137487e+03   6.543490e+02
  4.595620e+00   9.241901e+03   6.704780e+02
  4.598270e+00   8.044990e+03   6.360123e+02
  4.600910e+00   9.051182e+03   6.765171e+02
  4.603550e+00   9.768342e+03   7.068124e+02
  4.606200e+00   9.386639e+03   7.157245e+02
  4.608840e+00   8.756088e+03   6.965969e+02
  4.611480e+00   1.079689e+04   7.832886e+02
  4.614130e+00   8.218286e+03   6.801502e+02
  4.616770e+00   9.610794e+03   7.597999e+02
  4.619410e+00   7.432569e+03   6.784976e+02
  4.622060e+00   8.434941e+03   7.369642e+02
  4.624700e+00   7.843155e+03   7.043361e+02
  4.627340e+00   8.749677e+03   7.644629e+02
  4.629990e+00   9.952181e+03   8.293484e+02
  4.632630e+00   7.640288e+03   7.456158e+02
  4.635270e+00   9.880857e+03   8.411144e+02
  4.637920e+00   8.649209e+03   8.065429e+02
  4.640560e+00   8.869420e+03   8.456661e+02
  4.643200e+00   8.701439e+03   8.491735e+02
  4.645850e+00   1.185167e+04   9.842273e+02
  4.648490e+00   1.193340e+04   9.944502e+02
  4.651130e+00   9.162138e+03   8.816271e+02
  4.653780e+00   7.936006e+03   8.365285e+02
  4.656420e+00   8.282137e+03   8.588176e+02
  4.659060e+00   1.020392e+04   9.393473e+02
  4.661710e+00   9.714629e+03   9.347906e+02
  4.664350e+00   8.119634e+03   8.655559e+02
  4.666990e+00   8.901673e+03   9.280636e+02
  4.669640e+00   8.815126e+03   8.904622e+02
  4.672280e+00   8.667418e+03   9.036408e+02
  4.674920e+00   8.393834e+03   9.213429e+02
  4.677570e+00   9.255167e+03   9.702051e+02
  4.680210e+00   9.194588e+03   9.483494e+02
  4.682850e+00   9.809661e+03   9.960202e+02
  4.685500e+00   9.897704e+03   1.020870e+03
  4.688140e+00   8.785327e+03   9.822294e+02
  4.690780e+00   1.031888e+04   1.042365e+03
  4.693430e+00   8.303060e+03   9.462215e+02
  4.696070e+00   1.062819e+04   1.090429e+03
  4.698710e+00   9.647458e+03   1.058946e+03
  4.701360e+00   8.306584e+03   9.858101e+02
  4.704000e+00   8.390673e+03   9.688715e+02
  4.706640e+00   1.047217e+04   1.129243e+03
  4.709290e+00   7.870967e+03   9.996138e+02
  4.711930e+00   9.598606e+03   1.115815e+03
  4.714570e+00   1.141282e+04   1.170930e+03
  4.717220e+00   9.598606e+03   1.115815e+03
  4.719860e+00   8.608447e+03   1.084562e+03
  4.722510e+00   8.523859e+03   1.100425e+03
  4.725150e+00   9.468895e+03   1.108250e+03
  4.727790e+00   7.387344e+03   1.024440e+03
  4.730440e+00   7.840541e+03   1.076981e+03
  4.733080e+00   9.567296e+03   1.215048e+03
  4.735720e+00   9.164853e+03   1.145607e+03
  4.738370e+00   8.950052e+03   1.165197e+03
  4.741010e+00   9.689047e+03   1.261406e+03
  4.743650e+00   6.417018e+03   1.040978e+03
  4.746300e+00   9.196383e+03   1.228918e+03
  4.748940e+00   1.022863e+04   1.320510e+03
  4.751580e+00   6.392894e+03   1.080596e+03
  4.754230e+00   9.044263e+03   1.305427e+03
  4.756870e+00   8.755485e+03   1.305191e+03
  4.759510e+00   6.643337e+03   1.107223e+03
  4.762160e+00   6.738862e+03   1.191274e+03
  4.764800e+00   9.944502e+03   1.482439e+03
  4.767440e+00   1.009749e+04   1.522255e+03
  4.770090e+00   9.574474e+03   1.411679e+03
  4.772730e+00   1.026273e+04   1.565051e+03
  4.775370e+00   9.198664e+03   1.512251e+03
  4.778020e+00   8.820341e+03   1.512676e+03
  4.780660e+00   9.892162e+03   1.526394e+03
  4.783300e+00   7.263810e+03   1.372731e+03
  4.785950e+00   7.551606e+03   1.453307e+03
  4.788590e+00   1.092210e+04   1.820349e+03
  4.791230e+00   8.478996e+03   1.631784e+03
  4.793880e+00   7.228888e+03   1.577473e+03
  4.796520e+00   8.353381e+03   1.822857e+03
  4.799160e+00   6.123719e+03   1.698414e+03
  4.801810e+00   8.950052e+03   2.170706e+03
  4.804450e+00   7.506495e+03   2.081927e+03
  4.807090e+00   7.004388e+03   2.334796e+03
  4.809740e+00   5.966701e+03   2.668390e+03
  4.812380e+00   6.884655e+03   3.078911e+03
creator: radaver
creator-version: 6572
working-directory: /dataInt/p12/vives/2015-10-17/NEW
header-file: images/header/img_0009_00007.txt
image-file: images/pilatus2m/img_0009_00007.tiff
angular-axis-file: etc/radial-averaging/saxs-2/saxis-saxs2-20150921.dat
beamstop-mask-file: etc/radial-averaging/saxs-2/mask-saxs2-20151008.msk
detector-response-file: none
beam-center-x: 656.1000
beam-center-y: 1645.9000
unit-time: 100.0000
channel-first: 8
channel-last: 1819
angular-unit: nanometer
Run Number: 9
Frame Number: 7
Sample: ADR
Buffer: NAPI
Code: ADR_NAPI
Concentration [mg/ml]: 3
Plate Row: 2
Plate Column: 1
Well Row: 1
Well Column: 2
Load Volume: 20
Load Viscosity: low
Exposure time [s]: 0.035
Exposure period [s]: 0.04
Detector Position: saxs-2
Detector Distance [m]: 3
Timestamp (begin): 2015-10-17 03:33:01.959
Timestamp (end): 2015-10-17 03:33:01.994
PETRA Current: 94.1409
Transmitted Beam: 0.159616
Wavelength [nm]: 0.123987
Flytube Vacuum [mbar]: 0.000285457
Crystal Temperature 1 [C]: -181.4
Crystal Temperature 2 [C]: -156.3
Cell Target Temperature [C]: 20
Cell Temperature [C]: 20
Storage Temperature [C]: 20.1
