
Sample:   c= .0000 mg/ml  Code: NAPI
  2.520060e-02   4.719410e+07   2.785974e+05
  2.784400e-02   7.295137e+06   6.054733e+04
  3.048740e-02   3.127953e+06   3.715076e+04
  3.313080e-02   1.412626e+06   2.331816e+04
  3.577420e-02   6.311698e+05   1.454138e+04
  3.841750e-02   4.369112e+05   1.221204e+04
  4.106090e-02   3.112776e+05   9.454382e+03
  4.370430e-02   2.185036e+05   7.859028e+03
  4.634770e-02   1.901984e+05   6.818944e+03
  4.899110e-02   1.473743e+05   5.702082e+03
  5.163450e-02   1.257945e+05   5.144121e+03
  5.427790e-02   1.111034e+05   4.505839e+03
  5.692130e-02   9.761523e+04   4.288967e+03
  5.956470e-02   7.997172e+04   3.677104e+03
  6.220810e-02   6.919752e+04   3.229863e+03
  6.485140e-02   6.617444e+04   3.240576e+03
  6.749480e-02   5.744882e+04   2.816660e+03
  7.013820e-02   5.132754e+04   2.682933e+03
  7.278160e-02   5.246348e+04   2.603719e+03
  7.542500e-02   4.894443e+04   2.462662e+03
  7.806840e-02   4.504501e+04   2.338621e+03
  8.071180e-02   3.596109e+04   1.991700e+03
  8.335520e-02   3.842902e+04   2.078003e+03
  8.599860e-02   3.323669e+04   1.869710e+03
  8.864200e-02   3.305489e+04   1.921277e+03
  9.128530e-02   3.179945e+04   1.890281e+03
  9.392870e-02   2.341822e+04   1.612177e+03
  9.657210e-02   2.555333e+04   1.699782e+03
  9.921550e-02   2.561055e+04   1.670648e+03
  1.018590e-01   2.333944e+04   1.614422e+03
  1.045020e-01   2.387572e+04   1.584687e+03
  1.071460e-01   2.415661e+04   1.603331e+03
  1.097890e-01   1.986664e+04   1.484903e+03
  1.124320e-01   2.028974e+04   1.424061e+03
  1.150760e-01   1.941956e+04   1.408843e+03
  1.177190e-01   2.074549e+04   1.428178e+03
  1.203630e-01   1.819306e+04   1.363628e+03
  1.230060e-01   1.931046e+04   1.400928e+03
  1.256490e-01   1.789942e+04   1.308935e+03
  1.282930e-01   1.591237e+04   1.227666e+03
  1.309360e-01   1.577151e+04   1.209620e+03
  1.335800e-01   1.344974e+04   1.128678e+03
  1.362230e-01   1.578516e+04   1.183148e+03
  1.388660e-01   1.726854e+04   1.256102e+03
  1.415100e-01   1.514998e+04   1.161950e+03
  1.441530e-01   1.520311e+04   1.136334e+03
  1.467970e-01   1.282167e+04   1.061129e+03
  1.494400e-01   1.288664e+04   1.031757e+03
  1.520830e-01   1.454031e+04   1.108688e+03
  1.547270e-01   1.377560e+04   1.069194e+03
  1.573700e-01   1.297998e+04   1.026158e+03
  1.600130e-01   1.142580e+04   9.521502e+02
  1.626570e-01   1.062357e+04   9.043379e+02
  1.653000e-01   1.253664e+04   9.973619e+02
  1.679440e-01   1.082423e+04   9.051680e+02
  1.705870e-01   1.236590e+04   9.715569e+02
  1.732300e-01   1.228391e+04   9.563014e+02
  1.758740e-01   1.292204e+04   9.768143e+02
  1.785170e-01   1.218364e+04   9.484948e+02
  1.811610e-01   1.210750e+04   9.231880e+02
  1.838040e-01   1.406253e+04   1.014875e+03
  1.864470e-01   1.215479e+04   9.267942e+02
  1.890910e-01   1.121220e+04   8.782075e+02
  1.917340e-01   1.178331e+04   9.037390e+02
  1.943780e-01   1.097423e+04   8.543428e+02
  1.970210e-01   1.060498e+04   8.573621e+02
  1.996640e-01   1.018448e+04   8.260705e+02
  2.023080e-01   1.356814e+04   9.499599e+02
  2.049510e-01   1.195403e+04   8.741650e+02
  2.075950e-01   1.133026e+04   8.421715e+02
  2.102380e-01   1.138813e+04   8.608615e+02
  2.128810e-01   1.120780e+04   8.262501e+02
  2.155250e-01   1.103101e+04   8.338659e+02
  2.181680e-01   1.038204e+04   8.033861e+02
  2.208110e-01   1.112343e+04   8.245235e+02
  2.234550e-01   1.193623e+04   8.614235e+02
  2.260980e-01   1.161316e+04   8.232352e+02
  2.287420e-01   1.064168e+04   7.931839e+02
  2.313850e-01   1.206057e+04   8.362500e+02
  2.340280e-01   1.094670e+04   7.941567e+02
  2.366720e-01   1.102959e+04   8.022843e+02
  2.393150e-01   1.019361e+04   7.556005e+02
  2.419590e-01   1.072896e+04   7.824899e+02
  2.446020e-01   1.196948e+04   8.088223e+02
  2.472450e-01   1.037727e+04   7.588611e+02
  2.498890e-01   1.078812e+04   7.725536e+02
  2.525320e-01   1.117376e+04   7.710629e+02
  2.551760e-01   1.043276e+04   7.608874e+02
  2.578190e-01   1.187212e+04   7.811283e+02
  2.604620e-01   1.101182e+04   7.598881e+02
  2.631060e-01   1.188373e+04   7.940150e+02
  2.657490e-01   1.131971e+04   7.649148e+02
  2.683920e-01   1.089622e+04   7.537073e+02
  2.710360e-01   1.153043e+04   7.570101e+02
  2.736790e-01   1.041749e+04   7.275888e+02
  2.763230e-01   1.038733e+04   7.185067e+02
  2.789660e-01   1.104183e+04   7.377632e+02
  2.816090e-01   1.038000e+04   7.162879e+02
  2.842530e-01   1.069005e+04   7.190906e+02
  2.868960e-01   1.030242e+04   7.126334e+02
  2.895400e-01   1.102411e+04   7.206689e+02
  2.921830e-01   1.174485e+04   7.457986e+02
  2.948260e-01   1.063609e+04   7.106538e+02
  2.974700e-01   1.053746e+04   7.009412e+02
  3.001130e-01   1.103447e+04   7.228924e+02
  3.027570e-01   1.096279e+04   7.032631e+02
  3.054000e-01   9.712901e+03   6.686637e+02
  3.080430e-01   1.016491e+04   6.746688e+02
  3.106870e-01   1.164941e+04   7.295146e+02
  3.133300e-01   1.029307e+04   6.772344e+02
  3.159740e-01   1.125844e+04   6.955488e+02
  3.186170e-01   9.000868e+03   6.332989e+02
  3.212600e-01   1.085451e+04   6.837700e+02
  3.239040e-01   1.098529e+04   6.920082e+02
  3.265470e-01   1.252444e+04   7.380096e+02
  3.291900e-01   1.065397e+04   6.671773e+02
  3.318340e-01   1.060349e+04   6.774322e+02
  3.344770e-01   1.020723e+04   6.507889e+02
  3.371210e-01   1.049353e+04   6.636694e+02
  3.397640e-01   9.949970e+03   6.396083e+02
  3.424070e-01   9.794154e+03   6.295920e+02
  3.450510e-01   1.031973e+04   6.566284e+02
  3.476940e-01   1.166643e+04   6.780977e+02
  3.503380e-01   9.249153e+03   6.138878e+02
  3.529810e-01   1.073391e+04   6.569044e+02
  3.556240e-01   1.135659e+04   6.727065e+02
  3.582680e-01   9.975701e+03   6.284101e+02
  3.609110e-01   1.105552e+04   6.537267e+02
  3.635550e-01   1.067400e+04   6.472061e+02
  3.661980e-01   1.154006e+04   6.629592e+02
  3.688410e-01   1.012779e+04   6.256967e+02
  3.714850e-01   1.054352e+04   6.323581e+02
  3.741280e-01   9.891673e+03   6.099467e+02
  3.767710e-01   1.059443e+04   6.365578e+02
  3.794150e-01   1.065474e+04   6.278363e+02
  3.820580e-01   1.019256e+04   6.191539e+02
  3.847020e-01   1.095643e+04   6.315183e+02
  3.873450e-01   1.080272e+04   6.321813e+02
  3.899880e-01   1.098635e+04   6.342971e+02
  3.926320e-01   1.095442e+04   6.252019e+02
  3.952750e-01   1.032200e+04   6.135792e+02
  3.979190e-01   1.068524e+04   6.138511e+02
  4.005620e-01   8.973352e+03   5.686631e+02
  4.032050e-01   1.026308e+04   5.975397e+02
  4.058490e-01   1.065195e+04   6.099289e+02
  4.084920e-01   1.090457e+04   6.243936e+02
  4.111360e-01   1.065389e+04   6.070616e+02
  4.137790e-01   1.133740e+04   6.298557e+02
  4.164220e-01   1.051874e+04   6.003359e+02
  4.190660e-01   9.657524e+03   5.730686e+02
  4.217090e-01   1.089563e+04   6.109965e+02
  4.243530e-01   1.010662e+04   5.835061e+02
  4.269960e-01   1.098907e+04   6.408957e+02
  4.296390e-01   1.184876e+04   6.654928e+02
  4.322830e-01   1.114854e+04   6.747403e+02
  4.349260e-01   1.058872e+04   6.737443e+02
  4.375690e-01   9.417157e+03   6.236665e+02
  4.402130e-01   9.724382e+03   6.526578e+02
  4.428560e-01   1.067230e+04   6.804411e+02
  4.455000e-01   1.138714e+04   7.230839e+02
  4.481430e-01   1.030492e+04   6.869945e+02
  4.507860e-01   1.025912e+04   6.854661e+02
  4.534300e-01   1.049657e+04   7.125533e+02
  4.560730e-01   1.063071e+04   7.040358e+02
  4.587170e-01   1.007120e+04   6.852582e+02
  4.613600e-01   1.136360e+04   7.186973e+02
  4.640030e-01   1.125653e+04   7.090948e+02
  4.666470e-01   9.998801e+03   6.819126e+02
  4.692900e-01   9.330150e+03   6.392913e+02
  4.719340e-01   1.006594e+04   6.833203e+02
  4.745770e-01   9.737793e+03   6.595266e+02
  4.772200e-01   1.000373e+04   6.838408e+02
  4.798640e-01   1.123961e+04   7.094382e+02
  4.825070e-01   1.006406e+04   6.403606e+02
  4.851500e-01   1.030806e+04   6.532468e+02
  4.877940e-01   1.082359e+04   6.468331e+02
  4.904370e-01   1.049032e+04   6.444152e+02
  4.930810e-01   1.097437e+04   6.411295e+02
  4.957240e-01   1.073000e+04   6.268533e+02
  4.983670e-01   1.071218e+04   6.334246e+02
  5.010110e-01   1.069499e+04   6.226866e+02
  5.036540e-01   9.426096e+03   5.845817e+02
  5.062980e-01   9.481141e+03   5.748786e+02
  5.089410e-01   9.867739e+03   5.876153e+02
  5.115840e-01   1.055886e+04   6.096163e+02
  5.142280e-01   1.008847e+04   5.873736e+02
  5.168710e-01   9.497698e+03   5.748269e+02
  5.195150e-01   1.033291e+04   5.840509e+02
  5.221580e-01   1.069311e+04   5.996397e+02
  5.248010e-01   1.111486e+04   6.090906e+02
  5.274450e-01   1.028185e+04   5.783994e+02
  5.300880e-01   1.048745e+04   5.862664e+02
  5.327320e-01   9.763318e+03   5.581317e+02
  5.353750e-01   1.152430e+04   6.151217e+02
  5.380180e-01   1.029307e+04   5.666150e+02
  5.406620e-01   1.128315e+04   5.963328e+02
  5.433050e-01   9.573744e+03   5.536639e+02
  5.459480e-01   1.053989e+04   5.758556e+02
  5.485920e-01   9.501631e+03   5.467574e+02
  5.512350e-01   9.151133e+03   5.257189e+02
  5.538790e-01   1.147373e+04   5.901450e+02
  5.565220e-01   1.124152e+04   5.876034e+02
  5.591650e-01   1.042778e+04   5.597928e+02
  5.618090e-01   1.067905e+04   5.683884e+02
  5.644520e-01   1.021115e+04   5.489549e+02
  5.670960e-01   1.018359e+04   5.522829e+02
  5.697390e-01   1.125914e+04   5.745655e+02
  5.723820e-01   1.054321e+04   5.564493e+02
  5.750260e-01   1.026700e+04   5.464571e+02
  5.776690e-01   1.120878e+04   5.705119e+02
  5.803130e-01   1.120050e+04   5.730672e+02
  5.829560e-01   1.130678e+04   5.618386e+02
  5.855990e-01   1.113062e+04   5.658013e+02
  5.882430e-01   1.123954e+04   5.640966e+02
  5.908860e-01   1.124643e+04   5.651546e+02
  5.935290e-01   1.027004e+04   5.346369e+02
  5.961730e-01   1.079347e+04   5.472506e+02
  5.988160e-01   1.052308e+04   5.391136e+02
  6.014600e-01   1.055758e+04   5.387643e+02
  6.041030e-01   1.175225e+04   5.654306e+02
  6.067460e-01   1.064807e+04   5.378088e+02
  6.093900e-01   1.097226e+04   5.418815e+02
  6.120330e-01   1.035695e+04   5.292152e+02
  6.146770e-01   1.040158e+04   5.233604e+02
  6.173200e-01   1.089622e+04   5.329516e+02
  6.199630e-01   1.006481e+04   5.096516e+02
  6.226070e-01   1.109048e+04   5.392376e+02
  6.252500e-01   1.084932e+04   5.306577e+02
  6.278940e-01   1.053811e+04   5.185467e+02
  6.305370e-01   1.076776e+04   5.241663e+02
  6.331800e-01   1.096034e+04   5.255079e+02
  6.358240e-01   1.117601e+04   5.340106e+02
  6.384670e-01   1.071400e+04   5.184868e+02
  6.411110e-01   1.077913e+04   5.204215e+02
  6.437540e-01   1.002535e+04   5.018952e+02
  6.463970e-01   1.031254e+04   5.086801e+02
  6.490410e-01   1.041595e+04   5.094606e+02
  6.516840e-01   9.928818e+03   4.970626e+02
  6.543270e-01   1.005047e+04   4.994121e+02
  6.569710e-01   1.184220e+04   5.462401e+02
  6.596140e-01   1.109507e+04   5.218682e+02
  6.622580e-01   1.017455e+04   5.024854e+02
  6.649010e-01   1.090772e+04   5.136245e+02
  6.675440e-01   1.037960e+04   5.040778e+02
  6.701880e-01   1.040162e+04   5.087598e+02
  6.728310e-01   1.120481e+04   5.184969e+02
  6.754750e-01   9.936542e+03   4.925361e+02
  6.781180e-01   1.109413e+04   5.155878e+02
  6.807610e-01   1.013857e+04   4.935377e+02
  6.834050e-01   1.018801e+04   4.924559e+02
  6.860480e-01   9.572004e+03   4.733052e+02
  6.886920e-01   1.108095e+04   5.166519e+02
  6.913350e-01   1.052601e+04   4.934669e+02
  6.939780e-01   9.259661e+03   4.694834e+02
  6.966220e-01   1.054718e+04   4.955496e+02
  6.992650e-01   1.012720e+04   4.827951e+02
  7.019080e-01   1.054506e+04   5.010111e+02
  7.045520e-01   1.069622e+04   4.918126e+02
  7.071950e-01   9.861469e+03   4.761162e+02
  7.098390e-01   9.751920e+03   4.752795e+02
  7.124820e-01   1.064699e+04   4.900673e+02
  7.151250e-01   1.098869e+04   5.041957e+02
  7.177690e-01   1.110725e+04   4.962354e+02
  7.204120e-01   1.006304e+04   4.770337e+02
  7.230560e-01   9.581452e+03   4.625969e+02
  7.256990e-01   1.091302e+04   4.955345e+02
  7.283420e-01   1.139301e+04   5.035047e+02
  7.309860e-01   1.114644e+04   4.965020e+02
  7.336290e-01   1.163622e+04   5.097919e+02
  7.362730e-01   1.087644e+04   4.883666e+02
  7.389160e-01   1.013088e+04   4.713311e+02
  7.415590e-01   1.058061e+04   4.834404e+02
  7.442030e-01   1.060498e+04   4.776244e+02
  7.468460e-01   1.051076e+04   4.812548e+02
  7.494900e-01   1.143699e+04   4.930837e+02
  7.521330e-01   9.789330e+03   4.594360e+02
  7.547760e-01   1.139212e+04   4.929852e+02
  7.574200e-01   1.067339e+04   4.797331e+02
  7.600630e-01   1.057090e+04   4.765731e+02
  7.627060e-01   1.058419e+04   4.691359e+02
  7.653500e-01   1.019473e+04   4.658090e+02
  7.679930e-01   1.061078e+04   4.721735e+02
  7.706370e-01   1.048930e+04   4.719358e+02
  7.732800e-01   9.937522e+03   4.540570e+02
  7.759230e-01   1.037931e+04   4.651082e+02
  7.785670e-01   1.063675e+04   4.719296e+02
  7.812100e-01   1.067319e+04   4.689531e+02
  7.838540e-01   1.082962e+04   4.739994e+02
  7.864970e-01   1.006177e+04   4.522428e+02
  7.891400e-01   1.003017e+04   4.512787e+02
  7.917840e-01   1.022257e+04   4.594704e+02
  7.944270e-01   1.009534e+04   4.514774e+02
  7.970710e-01   9.889938e+03   4.486167e+02
  7.997140e-01   9.655119e+03   4.393231e+02
  8.023570e-01   1.060921e+04   4.656928e+02
  8.050010e-01   1.100660e+04   4.693232e+02
  8.076440e-01   1.046529e+04   4.558752e+02
  8.102870e-01   1.023483e+04   4.523197e+02
  8.129310e-01   1.015384e+04   4.483029e+02
  8.155740e-01   1.012297e+04   4.473763e+02
  8.182180e-01   1.089363e+04   4.615778e+02
  8.208610e-01   1.053021e+04   4.535681e+02
  8.235040e-01   1.025083e+04   4.482375e+02
  8.261480e-01   1.026195e+04   4.487237e+02
  8.287910e-01   1.001597e+04   4.409283e+02
  8.314350e-01   1.147411e+04   4.684288e+02
  8.340780e-01   1.002672e+04   4.414019e+02
  8.367210e-01   9.663918e+03   4.321835e+02
  8.393650e-01   1.088129e+04   4.561672e+02
  8.420080e-01   1.012318e+04   4.413916e+02
  8.446520e-01   1.048151e+04   4.421356e+02
  8.472950e-01   1.023282e+04   4.444853e+02
  8.499380e-01   1.071841e+04   4.501307e+02
  8.525820e-01   1.042555e+04   4.409540e+02
  8.552250e-01   1.011349e+04   4.372442e+02
  8.578690e-01   9.310356e+03   4.197433e+02
  8.605120e-01   9.736606e+03   4.416614e+02
  8.631550e-01   9.094856e+03   4.240498e+02
  8.657990e-01   1.089082e+04   4.686661e+02
  8.684420e-01   1.059374e+04   4.645664e+02
  8.710850e-01   1.141948e+04   4.783092e+02
  8.737290e-01   1.101541e+04   4.766835e+02
  8.763720e-01   1.027799e+04   4.520255e+02
  8.790160e-01   1.072354e+04   4.684599e+02
  8.816590e-01   1.044184e+04   4.665070e+02
  8.843020e-01   1.035782e+04   4.573090e+02
  8.869460e-01   1.053598e+04   4.638208e+02
  8.895890e-01   1.067968e+04   4.504953e+02
  8.922330e-01   1.058363e+04   4.525235e+02
  8.948760e-01   1.010073e+04   4.362850e+02
  8.975190e-01   1.088784e+04   4.490071e+02
  9.001630e-01   1.053726e+04   4.460779e+02
  9.028060e-01   1.038753e+04   4.370068e+02
  9.054500e-01   9.745537e+03   4.265506e+02
  9.080930e-01   1.066198e+04   4.400670e+02
  9.107360e-01   9.969910e+03   4.251184e+02
  9.133800e-01   1.032189e+04   4.354026e+02
  9.160230e-01   9.479608e+03   4.141186e+02
  9.186660e-01   1.046414e+04   4.348748e+02
  9.213100e-01   1.020601e+04   4.252502e+02
  9.239530e-01   1.047935e+04   4.347566e+02
  9.265970e-01   1.117589e+04   4.491968e+02
  9.292400e-01   9.133077e+03   4.001273e+02
  9.318830e-01   1.038881e+04   4.313717e+02
  9.345270e-01   1.056464e+04   4.295137e+02
  9.371700e-01   1.040892e+04   4.307244e+02
  9.398140e-01   1.055155e+04   4.286273e+02
  9.424570e-01   1.012881e+04   4.173505e+02
  9.451000e-01   1.048010e+04   4.282052e+02
  9.477440e-01   1.021703e+04   4.195629e+02
  9.503870e-01   1.134422e+04   4.470247e+02
  9.530310e-01   9.852454e+03   4.070011e+02
  9.556740e-01   1.029575e+04   4.213769e+02
  9.583170e-01   1.069469e+04   4.264251e+02
  9.609610e-01   1.016662e+04   4.140168e+02
  9.636040e-01   1.063564e+04   4.264505e+02
  9.662480e-01   1.069231e+04   4.206832e+02
  9.688910e-01   1.022453e+04   4.150010e+02
  9.715340e-01   1.035915e+04   4.163693e+02
  9.741780e-01   1.105734e+04   4.252823e+02
  9.768210e-01   1.117715e+04   4.289397e+02
  9.794640e-01   1.006656e+04   4.023405e+02
  9.821080e-01   1.061177e+04   4.171917e+02
  9.847510e-01   1.085120e+04   4.239914e+02
  9.873950e-01   1.064368e+04   4.254070e+02
  9.900380e-01   1.020148e+04   4.243255e+02
  9.926810e-01   1.041541e+04   4.277098e+02
  9.953250e-01   1.070906e+04   4.412591e+02
  9.979680e-01   1.055150e+04   4.362506e+02
  1.000610e+00   1.086560e+04   4.480898e+02
  1.003250e+00   1.013311e+04   4.340547e+02
  1.005900e+00   9.944351e+03   4.315481e+02
  1.008540e+00   9.884888e+03   4.318233e+02
  1.011190e+00   9.394416e+03   4.209739e+02
  1.013830e+00   1.050124e+04   4.514834e+02
  1.016470e+00   1.090829e+04   4.577015e+02
  1.019120e+00   1.100592e+04   4.622051e+02
  1.021760e+00   1.116120e+04   4.654543e+02
  1.024400e+00   1.009586e+04   4.431592e+02
  1.027050e+00   1.012297e+04   4.473763e+02
  1.029690e+00   9.454811e+03   4.293208e+02
  1.032330e+00   9.983915e+03   4.464943e+02
  1.034980e+00   9.961924e+03   4.455108e+02
  1.037620e+00   1.015871e+04   4.493949e+02
  1.040260e+00   1.076694e+04   4.629071e+02
  1.042910e+00   1.031399e+04   4.354571e+02
  1.045550e+00   1.065934e+04   4.472560e+02
  1.048190e+00   9.847844e+03   4.237837e+02
  1.050840e+00   1.026827e+04   4.297136e+02
  1.053480e+00   1.058716e+04   4.343964e+02
  1.056120e+00   1.004077e+04   4.187292e+02
  1.058770e+00   1.001521e+04   4.202289e+02
  1.061410e+00   1.047914e+04   4.267436e+02
  1.064050e+00   1.052715e+04   4.258831e+02
  1.066700e+00   9.437225e+03   4.009493e+02
  1.069340e+00   1.038111e+04   4.189474e+02
  1.071980e+00   1.047455e+04   4.234087e+02
  1.074630e+00   1.035180e+04   4.137413e+02
  1.077270e+00   1.104991e+04   4.314264e+02
  1.079910e+00   9.890330e+03   4.047842e+02
  1.082560e+00   1.009194e+04   4.046499e+02
  1.085200e+00   9.710894e+03   3.994528e+02
  1.087840e+00   1.030107e+04   4.059190e+02
  1.090490e+00   1.034693e+04   4.102824e+02
  1.093130e+00   1.018412e+04   4.041446e+02
  1.095770e+00   1.089617e+04   4.178492e+02
  1.098420e+00   9.021518e+03   3.792027e+02
  1.101060e+00   1.114865e+04   4.198823e+02
  1.103700e+00   1.011618e+04   4.020819e+02
  1.106350e+00   1.008549e+04   3.986641e+02
  1.108990e+00   1.083583e+04   4.107311e+02
  1.111630e+00   9.960830e+03   3.931226e+02
  1.114280e+00   1.073999e+04   4.076846e+02
  1.116920e+00   1.008032e+04   3.990836e+02
  1.119560e+00   1.038549e+04   3.976810e+02
  1.122210e+00   1.063804e+04   4.055715e+02
  1.124850e+00   1.029811e+04   3.978506e+02
  1.127490e+00   1.100244e+04   4.117561e+02
  1.130140e+00   1.052727e+04   4.031101e+02
  1.132780e+00   1.030279e+04   3.962613e+02
  1.135420e+00   1.057079e+04   4.015513e+02
  1.138070e+00   1.075468e+04   4.033320e+02
  1.140710e+00   1.107665e+04   4.105281e+02
  1.143350e+00   1.073006e+04   4.035455e+02
  1.146000e+00   9.847300e+03   3.841798e+02
  1.148640e+00   1.095493e+04   4.082662e+02
  1.151280e+00   1.009514e+04   3.877016e+02
  1.153930e+00   9.786120e+03   3.826676e+02
  1.156570e+00   1.047991e+04   3.946963e+02
  1.159220e+00   9.961794e+03   3.837140e+02
  1.161860e+00   1.055799e+04   3.976369e+02
  1.164500e+00   1.109029e+04   4.017588e+02
  1.167150e+00   1.020852e+04   3.889135e+02
  1.169790e+00   1.024666e+04   3.850931e+02
  1.172430e+00   1.078409e+04   3.977770e+02
  1.175080e+00   1.053466e+04   3.931499e+02
  1.177720e+00   1.015098e+04   3.817669e+02
  1.180360e+00   1.077255e+04   3.970814e+02
  1.183010e+00   1.034584e+04   3.855668e+02
  1.185650e+00   1.070920e+04   3.944786e+02
  1.188290e+00   9.948536e+03   3.776413e+02
  1.190940e+00   1.024816e+04   3.819265e+02
  1.193580e+00   1.039936e+04   3.870241e+02
  1.196220e+00   9.830448e+03   3.728902e+02
  1.198870e+00   1.013258e+04   3.794682e+02
  1.201510e+00   1.044842e+04   3.838323e+02
  1.204150e+00   1.041037e+04   3.837315e+02
  1.206800e+00   1.065003e+04   3.888842e+02
  1.209440e+00   1.026402e+04   3.780800e+02
  1.212080e+00   1.033562e+04   3.817547e+02
  1.214730e+00   1.049353e+04   3.831697e+02
  1.217370e+00   1.032374e+04   3.787411e+02
  1.220010e+00   1.090179e+04   3.893497e+02
  1.222660e+00   1.008075e+04   3.705756e+02
  1.225300e+00   9.957629e+03   3.723942e+02
  1.227940e+00   1.000594e+04   3.718679e+02
  1.230590e+00   1.050835e+04   3.799304e+02
  1.233230e+00   1.059646e+04   3.813751e+02
  1.235870e+00   1.028536e+04   3.733350e+02
  1.238520e+00   1.018642e+04   3.742073e+02
  1.241160e+00   1.085724e+04   3.845831e+02
  1.243800e+00   1.005346e+04   3.675909e+02
  1.246450e+00   1.063769e+04   3.796756e+02
  1.249090e+00   1.010480e+04   3.704600e+02
  1.251730e+00   1.001725e+04   3.689901e+02
  1.254380e+00   1.060818e+04   3.748216e+02
  1.257020e+00   1.094618e+04   3.841356e+02
  1.259660e+00   1.014043e+04   3.668681e+02
  1.262310e+00   1.076613e+04   3.796923e+02
  1.264950e+00   1.030509e+04   3.716109e+02
  1.267590e+00   9.961751e+03   3.611132e+02
  1.270240e+00   1.071953e+04   3.766457e+02
  1.272880e+00   1.030375e+04   3.684613e+02
  1.275520e+00   1.058169e+04   3.743534e+02
  1.278170e+00   1.021847e+04   3.649452e+02
  1.280810e+00   1.007975e+04   3.644343e+02
  1.283450e+00   1.021385e+04   3.661842e+02
  1.286100e+00   1.061261e+04   3.715156e+02
  1.288740e+00   1.024626e+04   3.657048e+02
  1.291380e+00   1.072666e+04   3.703255e+02
  1.294030e+00   1.016957e+04   3.645967e+02
  1.296670e+00   9.774267e+03   3.566681e+02
  1.299310e+00   1.031025e+04   3.629381e+02
  1.301960e+00   1.075984e+04   3.710288e+02
  1.304600e+00   1.041209e+04   3.638280e+02
  1.307240e+00   1.070419e+04   3.724463e+02
  1.309890e+00   1.005188e+04   3.567279e+02
  1.312530e+00   9.916280e+03   3.550598e+02
  1.315180e+00   9.569342e+03   3.475742e+02
  1.317820e+00   1.086708e+04   3.694917e+02
  1.320460e+00   9.380443e+03   3.443669e+02
  1.323110e+00   9.761163e+03   3.470670e+02
  1.325750e+00   1.007687e+04   3.549425e+02
  1.328390e+00   1.024735e+04   3.563354e+02
  1.331040e+00   1.019307e+04   3.546624e+02
  1.333680e+00   1.062994e+04   3.641756e+02
  1.336320e+00   1.018068e+04   3.525282e+02
  1.338970e+00   9.885849e+03   3.508356e+02
  1.341610e+00   1.025272e+04   3.563067e+02
  1.344250e+00   1.024701e+04   3.535555e+02
  1.346900e+00   1.016382e+04   3.534305e+02
  1.349540e+00   9.945740e+03   3.466867e+02
  1.352180e+00   1.012742e+04   3.538806e+02
  1.354830e+00   1.052360e+04   3.578130e+02
  1.357470e+00   1.051225e+04   3.584649e+02
  1.360110e+00   1.051424e+04   3.587412e+02
  1.362760e+00   1.034463e+04   3.560770e+02
  1.365400e+00   1.120203e+04   3.715480e+02
  1.368040e+00   1.082574e+04   3.602581e+02
  1.370690e+00   1.071057e+04   3.614641e+02
  1.373330e+00   1.033763e+04   3.558359e+02
  1.375970e+00   9.996621e+03   3.480377e+02
  1.378620e+00   1.022792e+04   3.531069e+02
  1.381260e+00   9.811177e+03   3.426212e+02
  1.383900e+00   1.041742e+04   3.556448e+02
  1.386550e+00   9.912632e+03   3.455326e+02
  1.389190e+00   1.004247e+04   3.473260e+02
  1.391830e+00   1.028977e+04   3.508783e+02
  1.394480e+00   1.046420e+04   3.539569e+02
  1.397120e+00   1.031517e+04   3.531848e+02
  1.399760e+00   9.866657e+03   3.426831e+02
  1.402410e+00   1.073886e+04   3.559898e+02
  1.405050e+00   9.979921e+03   3.457838e+02
  1.407690e+00   1.011660e+04   3.469964e+02
  1.410340e+00   1.008890e+04   3.468636e+02
  1.412980e+00   9.850640e+03   3.402847e+02
  1.415620e+00   1.019966e+04   3.465986e+02
  1.418270e+00   1.055201e+04   3.545016e+02
  1.420910e+00   1.002427e+04   3.438295e+02
  1.423550e+00   9.941714e+03   3.424108e+02
  1.426200e+00   1.067618e+04   3.539121e+02
  1.428840e+00   1.084043e+04   3.566241e+02
  1.431480e+00   1.017025e+04   3.452007e+02
  1.434130e+00   1.078515e+04   3.530901e+02
  1.436770e+00   9.689021e+03   3.367168e+02
  1.439410e+00   9.910539e+03   3.415397e+02
  1.442060e+00   9.668647e+03   3.356036e+02
  1.444700e+00   1.032428e+04   3.472432e+02
  1.447340e+00   1.026066e+04   3.429759e+02
  1.449990e+00   1.024646e+04   3.448207e+02
  1.452630e+00   1.027626e+04   3.454325e+02
  1.455270e+00   1.024686e+04   3.440560e+02
  1.457920e+00   1.011532e+04   3.402149e+02
  1.460560e+00   9.445667e+03   3.286568e+02
  1.463200e+00   1.001189e+04   3.404146e+02
  1.465850e+00   1.018541e+04   3.416078e+02
  1.468490e+00   1.010283e+04   3.407601e+02
  1.471140e+00   1.033116e+04   3.420988e+02
  1.473780e+00   9.950546e+03   3.387205e+02
  1.476420e+00   9.861513e+03   3.354955e+02
  1.479070e+00   1.059753e+04   3.471338e+02
  1.481710e+00   1.055676e+04   3.450584e+02
  1.484350e+00   1.087256e+04   3.501815e+02
  1.487000e+00   1.041456e+04   3.454291e+02
  1.489640e+00   1.057722e+04   3.438952e+02
  1.492280e+00   1.031009e+04   3.419639e+02
  1.494930e+00   1.002437e+04   3.348907e+02
  1.497570e+00   1.055394e+04   3.453355e+02
  1.500210e+00   1.054548e+04   3.448740e+02
  1.502860e+00   9.992301e+03   3.336332e+02
  1.505500e+00   9.933565e+03   3.352416e+02
  1.508140e+00   1.044951e+04   3.419184e+02
  1.510790e+00   1.047131e+04   3.415364e+02
  1.513430e+00   9.926548e+03   3.327386e+02
  1.516070e+00   1.056683e+04   3.419346e+02
  1.518720e+00   9.908498e+03   3.332588e+02
  1.521360e+00   1.057415e+04   3.416354e+02
  1.524000e+00   1.016987e+04   3.356559e+02
  1.526650e+00   1.021850e+04   3.370771e+02
  1.529290e+00   1.052459e+04   3.402116e+02
  1.531930e+00   1.058949e+04   3.448414e+02
  1.534580e+00   9.689968e+03   3.253573e+02
  1.537220e+00   1.015281e+04   3.336419e+02
  1.539860e+00   9.910834e+03   3.305448e+02
  1.542510e+00   9.716681e+03   3.269924e+02
  1.545150e+00   1.088121e+04   3.479429e+02
  1.547790e+00   1.079303e+04   3.505414e+02
  1.550440e+00   1.023345e+04   3.469464e+02
  1.553080e+00   1.081685e+04   3.568149e+02
  1.555720e+00   1.066345e+04   3.568389e+02
  1.558370e+00   1.050359e+04   3.565149e+02
  1.561010e+00   1.071248e+04   3.590832e+02
  1.563650e+00   1.029845e+04   3.583288e+02
  1.566300e+00   1.006806e+04   3.501007e+02
  1.568940e+00   1.037673e+04   3.593169e+02
  1.571580e+00   1.074299e+04   3.648512e+02
  1.574230e+00   1.019042e+04   3.600607e+02
  1.576870e+00   1.041440e+04   3.650244e+02
  1.579510e+00   1.008961e+04   3.562767e+02
  1.582160e+00   1.028268e+04   3.630941e+02
  1.584800e+00   9.790195e+03   3.530435e+02
  1.587440e+00   9.792658e+03   3.582946e+02
  1.590090e+00   1.005482e+04   3.618807e+02
  1.592730e+00   1.025876e+04   3.629288e+02
  1.595370e+00   1.034143e+04   3.707582e+02
  1.598020e+00   9.591442e+03   3.552386e+02
  1.600660e+00   1.052344e+04   3.718274e+02
  1.603300e+00   1.054574e+04   3.623558e+02
  1.605950e+00   9.546233e+03   3.435765e+02
  1.608590e+00   1.027946e+04   3.561620e+02
  1.611230e+00   1.021277e+04   3.496787e+02
  1.613880e+00   9.492861e+03   3.388147e+02
  1.616520e+00   1.017758e+04   3.464488e+02
  1.619160e+00   9.869911e+03   3.434181e+02
  1.621810e+00   9.726523e+03   3.409144e+02
  1.624450e+00   9.751017e+03   3.358429e+02
  1.627100e+00   1.032084e+04   3.483114e+02
  1.629740e+00   1.076204e+04   3.527115e+02
  1.632380e+00   1.062161e+04   3.534652e+02
  1.635030e+00   1.064644e+04   3.508121e+02
  1.637670e+00   1.137826e+04   3.607149e+02
  1.640310e+00   9.901627e+03   3.396230e+02
  1.642960e+00   1.020801e+04   3.402668e+02
  1.645600e+00   1.003522e+04   3.388652e+02
  1.648240e+00   1.000025e+04   3.361548e+02
  1.650890e+00   9.578178e+03   3.294993e+02
  1.653530e+00   1.035719e+04   3.437153e+02
  1.656170e+00   1.051164e+04   3.443203e+02
  1.658820e+00   9.825303e+03   3.344572e+02
  1.661460e+00   1.017751e+04   3.377524e+02
  1.664100e+00   9.959107e+03   3.372579e+02
  1.666750e+00   9.833712e+03   3.339704e+02
  1.669390e+00   1.020595e+04   3.366633e+02
  1.672030e+00   1.070706e+04   3.484852e+02
  1.674680e+00   1.044512e+04   3.399596e+02
  1.677320e+00   1.032469e+04   3.418847e+02
  1.679960e+00   1.011711e+04   3.351947e+02
  1.682610e+00   1.045912e+04   3.398757e+02
  1.685250e+00   1.027991e+04   3.396579e+02
  1.687890e+00   9.843553e+03   3.303280e+02
  1.690540e+00   9.999914e+03   3.331454e+02
  1.693180e+00   9.937996e+03   3.288997e+02
  1.695820e+00   1.038815e+04   3.388241e+02
  1.698470e+00   9.885040e+03   3.326581e+02
  1.701110e+00   1.014694e+04   3.318404e+02
  1.703750e+00   1.060691e+04   3.439525e+02
  1.706400e+00   1.011277e+04   3.301935e+02
  1.709040e+00   1.051641e+04   3.397697e+02
  1.711680e+00   1.025770e+04   3.354627e+02
  1.714330e+00   1.035769e+04   3.344672e+02
  1.716970e+00   9.636060e+03   3.246471e+02
  1.719610e+00   1.043116e+04   3.373677e+02
  1.722260e+00   1.039517e+04   3.363797e+02
  1.724900e+00   1.025471e+04   3.320085e+02
  1.727540e+00   1.004689e+04   3.289202e+02
  1.730190e+00   1.082628e+04   3.428717e+02
  1.732830e+00   1.038849e+04   3.347643e+02
  1.735470e+00   9.851027e+03   3.263791e+02
  1.738120e+00   9.795640e+03   3.240110e+02
  1.740760e+00   1.016268e+04   3.304171e+02
  1.743400e+00   9.834553e+03   3.249428e+02
  1.746050e+00   1.032079e+04   3.325828e+02
  1.748690e+00   1.037579e+04   3.329751e+02
  1.751330e+00   1.033309e+04   3.309237e+02
  1.753980e+00   1.019021e+04   3.309628e+02
  1.756620e+00   1.046473e+04   3.329275e+02
  1.759260e+00   9.847458e+03   3.234330e+02
  1.761910e+00   1.000455e+04   3.256204e+02
  1.764550e+00   1.055919e+04   3.349173e+02
  1.767190e+00   9.585054e+03   3.200356e+02
  1.769840e+00   1.051988e+04   3.316744e+02
  1.772480e+00   9.800533e+03   3.217182e+02
  1.775120e+00   9.748440e+03   3.186377e+02
  1.777770e+00   1.039150e+04   3.299306e+02
  1.780410e+00   9.805370e+03   3.217037e+02
  1.783060e+00   1.028148e+04   3.261088e+02
  1.785700e+00   1.057490e+04   3.334089e+02
  1.788340e+00   9.755692e+03   3.192160e+02
  1.790990e+00   1.013088e+04   3.236190e+02
  1.793630e+00   1.010405e+04   3.254294e+02
  1.796270e+00   1.063081e+04   3.302833e+02
  1.798920e+00   1.022481e+04   3.281297e+02
  1.801560e+00   1.038932e+04   3.277208e+02
  1.804200e+00   1.039372e+04   3.276966e+02
  1.806850e+00   1.001477e+04   3.222198e+02
  1.809490e+00   1.020192e+04   3.245663e+02
  1.812130e+00   9.753515e+03   3.222652e+02
  1.814780e+00   1.029945e+04   3.253721e+02
  1.817420e+00   1.011082e+04   3.249742e+02
  1.820060e+00   1.020751e+04   3.269020e+02
  1.822710e+00   1.021072e+04   3.266700e+02
  1.825350e+00   1.038881e+04   3.308470e+02
  1.827990e+00   9.876235e+03   3.202589e+02
  1.830640e+00   1.043172e+04   3.328896e+02
  1.833280e+00   9.903676e+03   3.209800e+02
  1.835920e+00   1.028799e+04   3.291419e+02
  1.838570e+00   9.659655e+03   3.184694e+02
  1.841210e+00   9.994031e+03   3.218861e+02
  1.843850e+00   9.733840e+03   3.223197e+02
  1.846500e+00   9.983317e+03   3.225463e+02
  1.849140e+00   1.019322e+04   3.276224e+02
  1.851780e+00   1.000343e+04   3.254115e+02
  1.854430e+00   9.873456e+03   3.216946e+02
  1.857070e+00   9.561852e+03   3.190831e+02
  1.859710e+00   1.037016e+04   3.276057e+02
  1.862360e+00   9.669614e+03   3.198424e+02
  1.865000e+00   1.024447e+04   3.282541e+02
  1.867640e+00   9.820749e+03   3.218621e+02
  1.870290e+00   1.036026e+04   3.307777e+02
  1.872930e+00   1.010107e+04   3.233274e+02
  1.875570e+00   1.005166e+04   3.271536e+02
  1.878220e+00   9.797897e+03   3.211131e+02
  1.880860e+00   9.816255e+03   3.208543e+02
  1.883500e+00   9.439169e+03   3.169363e+02
  1.886150e+00   1.062528e+04   3.312323e+02
  1.888790e+00   1.022944e+04   3.303258e+02
  1.891430e+00   1.017415e+04   3.253336e+02
  1.894080e+00   1.012579e+04   3.274916e+02
  1.896720e+00   1.035881e+04   3.312384e+02
  1.899360e+00   9.853429e+03   3.215545e+02
  1.902010e+00   1.046974e+04   3.335935e+02
  1.904650e+00   1.018839e+04   3.246290e+02
  1.907290e+00   1.013639e+04   3.276628e+02
  1.909940e+00   9.777427e+03   3.197561e+02
  1.912580e+00   9.678980e+03   3.210315e+02
  1.915220e+00   1.006805e+04   3.257943e+02
  1.917870e+00   1.022029e+04   3.259767e+02
  1.920510e+00   1.021701e+04   3.283870e+02
  1.923150e+00   9.330405e+03   3.138155e+02
  1.925800e+00   9.596018e+03   3.172346e+02
  1.928440e+00   1.063920e+04   3.351032e+02
  1.931080e+00   1.002726e+04   3.236285e+02
  1.933730e+00   9.523178e+03   3.179697e+02
  1.936370e+00   1.073915e+04   3.355985e+02
  1.939020e+00   9.862974e+03   3.215238e+02
  1.941660e+00   9.985143e+03   3.237905e+02
  1.944300e+00   1.013467e+04   3.265851e+02
  1.946950e+00   1.042237e+04   3.322529e+02
  1.949590e+00   1.026468e+04   3.270600e+02
  1.952230e+00   1.006456e+04   3.260229e+02
  1.954880e+00   1.004116e+04   3.244151e+02
  1.957520e+00   1.002117e+04   3.251298e+02
  1.960160e+00   1.029561e+04   3.288811e+02
  1.962810e+00   1.038085e+04   3.290952e+02
  1.965450e+00   9.707805e+03   3.207549e+02
  1.968090e+00   1.017219e+04   3.257709e+02
  1.970740e+00   9.717793e+03   3.195191e+02
  1.973380e+00   9.484120e+03   3.147416e+02
  1.976020e+00   9.938996e+03   3.222940e+02
  1.978670e+00   1.065669e+04   3.366578e+02
  1.981310e+00   9.840170e+03   3.207804e+02
  1.983950e+00   9.719359e+03   3.199166e+02
  1.986600e+00   9.731632e+03   3.180883e+02
  1.989240e+00   9.830383e+03   3.218323e+02
  1.991880e+00   9.596657e+03   3.174292e+02
  1.994530e+00   1.014652e+04   3.231310e+02
  1.997170e+00   9.471094e+03   3.174718e+02
  1.999810e+00   9.829295e+03   3.184021e+02
  2.002460e+00   1.014343e+04   3.256858e+02
  2.005100e+00   1.017870e+04   3.253128e+02
  2.007740e+00   1.006652e+04   3.222214e+02
  2.010390e+00   1.020510e+04   3.280042e+02
  2.013030e+00   1.036563e+04   3.269735e+02
  2.015670e+00   9.479112e+03   3.128573e+02
  2.018320e+00   9.918814e+03   3.183099e+02
  2.020960e+00   1.022527e+04   3.253090e+02
  2.023600e+00   9.995119e+03   3.220882e+02
  2.026250e+00   9.729449e+03   3.151678e+02
  2.028890e+00   1.019174e+04   3.258958e+02
  2.031530e+00   9.792391e+03   3.165430e+02
  2.034180e+00   9.461309e+03   3.136393e+02
  2.036820e+00   1.003903e+04   3.215064e+02
  2.039460e+00   1.000510e+04   3.196012e+02
  2.042110e+00   9.948931e+03   3.214354e+02
  2.044750e+00   1.018060e+04   3.233974e+02
  2.047390e+00   1.009916e+04   3.245994e+02
  2.050040e+00   1.019203e+04   3.223003e+02
  2.052680e+00   1.006073e+04   3.212144e+02
  2.055320e+00   9.863004e+03   3.205046e+02
  2.057970e+00   9.766402e+03   3.160334e+02
  2.060610e+00   9.612054e+03   3.146845e+02
  2.063250e+00   9.623884e+03   3.138965e+02
  2.065900e+00   9.988625e+03   3.208809e+02
  2.068540e+00   1.007237e+04   3.232378e+02
  2.071180e+00   1.032893e+04   3.237290e+02
  2.073830e+00   1.022933e+04   3.259335e+02
  2.076470e+00   9.819585e+03   3.162675e+02
  2.079110e+00   9.822239e+03   3.200258e+02
  2.081760e+00   1.003229e+04   3.203065e+02
  2.084400e+00   1.032171e+04   3.233439e+02
  2.087040e+00   9.975428e+03   3.219555e+02
  2.089690e+00   1.003678e+04   3.211049e+02
  2.092330e+00   1.020589e+04   3.251868e+02
  2.094980e+00   9.820458e+03   3.164598e+02
  2.097620e+00   9.851961e+03   3.171458e+02
  2.100260e+00   1.011565e+04   3.226391e+02
  2.102910e+00   1.006413e+04   3.209957e+02
  2.105550e+00   9.888557e+03   3.208271e+02
  2.108190e+00   9.424321e+03   3.171537e+02
  2.110840e+00   9.612155e+03   3.268231e+02
  2.113480e+00   1.055768e+04   3.445370e+02
  2.116120e+00   9.953871e+03   3.330936e+02
  2.118770e+00   1.012445e+04   3.409080e+02
  2.121410e+00   1.045098e+04   3.441848e+02
  2.124050e+00   9.967216e+03   3.443118e+02
  2.126700e+00   1.030609e+04   3.460448e+02
  2.129340e+00   1.011621e+04   3.459670e+02
  2.131980e+00   9.508832e+03   3.383091e+02
  2.134630e+00   1.027426e+04   3.509621e+02
  2.137270e+00   1.026678e+04   3.567952e+02
  2.139910e+00   9.638079e+03   3.396977e+02
  2.142560e+00   1.006016e+04   3.539151e+02
  2.145200e+00   9.599483e+03   3.457169e+02
  2.147840e+00   9.969960e+03   3.529327e+02
  2.150490e+00   1.038433e+04   3.613169e+02
  2.153130e+00   1.032178e+04   3.567728e+02
  2.155770e+00   1.035961e+04   3.644498e+02
  2.158420e+00   9.335551e+03   3.469530e+02
  2.161060e+00   9.944972e+03   3.524902e+02
  2.163700e+00   1.006531e+04   3.495828e+02
  2.166350e+00   1.011861e+04   3.454438e+02
  2.168990e+00   9.571185e+03   3.381812e+02
  2.171630e+00   9.449398e+03   3.326345e+02
  2.174280e+00   9.747478e+03   3.363199e+02
  2.176920e+00   9.931773e+03   3.414614e+02
  2.179560e+00   1.009483e+04   3.393341e+02
  2.182210e+00   1.034578e+04   3.435259e+02
  2.184850e+00   9.866709e+03   3.343207e+02
  2.187490e+00   9.431790e+03   3.273822e+02
  2.190140e+00   1.018184e+04   3.418729e+02
  2.192780e+00   1.003035e+04   3.369761e+02
  2.195420e+00   1.032649e+04   3.391665e+02
  2.198070e+00   1.000081e+04   3.342903e+02
  2.200710e+00   1.002422e+04   3.358241e+02
  2.203350e+00   9.814887e+03   3.344904e+02
  2.206000e+00   9.540838e+03   3.259088e+02
  2.208640e+00   1.004923e+04   3.357212e+02
  2.211280e+00   9.996689e+03   3.354669e+02
  2.213930e+00   1.044778e+04   3.416788e+02
  2.216570e+00   9.787962e+03   3.318430e+02
  2.219210e+00   1.014502e+04   3.348357e+02
  2.221860e+00   1.047542e+04   3.427663e+02
  2.224500e+00   9.792194e+03   3.316055e+02
  2.227140e+00   9.942124e+03   3.338238e+02
  2.229790e+00   9.845363e+03   3.318871e+02
  2.232430e+00   9.714632e+03   3.291678e+02
  2.235070e+00   9.806257e+03   3.324633e+02
  2.237720e+00   9.468638e+03   3.268937e+02
  2.240360e+00   9.489547e+03   3.266437e+02
  2.243010e+00   1.010662e+04   3.368874e+02
  2.245650e+00   9.702357e+03   3.300809e+02
  2.248290e+00   9.962916e+03   3.348998e+02
  2.250940e+00   1.009219e+04   3.388627e+02
  2.253580e+00   1.000109e+04   3.333695e+02
  2.256220e+00   1.018105e+04   3.391799e+02
  2.258870e+00   9.881177e+03   3.351960e+02
  2.261510e+00   9.685911e+03   3.299034e+02
  2.264150e+00   9.714199e+03   3.318307e+02
  2.266800e+00   9.886206e+03   3.340239e+02
  2.269440e+00   9.860534e+03   3.341115e+02
  2.272080e+00   9.621823e+03   3.313932e+02
  2.274730e+00   9.841245e+03   3.321259e+02
  2.277370e+00   1.013360e+04   3.389182e+02
  2.280010e+00   1.013809e+04   3.379363e+02
  2.282660e+00   9.600153e+03   3.296706e+02
  2.285300e+00   1.068749e+04   3.472966e+02
  2.287940e+00   9.998167e+03   3.347634e+02
  2.290590e+00   1.006955e+04   3.394443e+02
  2.293230e+00   1.032014e+04   3.389578e+02
  2.295870e+00   9.682589e+03   3.319149e+02
  2.298520e+00   9.500225e+03   3.266245e+02
  2.301160e+00   9.918231e+03   3.352974e+02
  2.303800e+00   9.889821e+03   3.382247e+02
  2.306450e+00   9.751493e+03   3.292845e+02
  2.309090e+00   9.976826e+03   3.376644e+02
  2.311730e+00   9.253951e+03   3.229651e+02
  2.314380e+00   9.266878e+03   3.244056e+02
  2.317020e+00   1.002377e+04   3.386720e+02
  2.319660e+00   9.743808e+03   3.299670e+02
  2.322310e+00   9.465743e+03   3.301557e+02
  2.324950e+00   9.676241e+03   3.301491e+02
  2.327590e+00   9.717568e+03   3.327232e+02
  2.330240e+00   1.011939e+04   3.409310e+02
  2.332880e+00   9.860584e+03   3.329682e+02
  2.335520e+00   8.941190e+03   3.218005e+02
  2.338170e+00   9.220573e+03   3.227846e+02
  2.340810e+00   9.870822e+03   3.340767e+02
  2.343450e+00   9.542554e+03   3.302337e+02
  2.346100e+00   9.875957e+03   3.340592e+02
  2.348740e+00   9.372370e+03   3.278977e+02
  2.351380e+00   1.023989e+04   3.388910e+02
  2.354030e+00   1.000265e+04   3.366158e+02
  2.356670e+00   9.811601e+03   3.349625e+02
  2.359310e+00   9.390069e+03   3.257379e+02
  2.361960e+00   9.876013e+03   3.352137e+02
  2.364600e+00   1.029424e+04   3.403169e+02
  2.367240e+00   9.332038e+03   3.270877e+02
  2.369890e+00   9.271846e+03   3.239845e+02
  2.372530e+00   9.514873e+03   3.300673e+02
  2.375170e+00   9.913423e+03   3.364835e+02
  2.377820e+00   9.950532e+03   3.344835e+02
  2.380460e+00   9.958584e+03   3.382113e+02
  2.383100e+00   9.381688e+03   3.242786e+02
  2.385750e+00   9.541927e+03   3.300144e+02
  2.388390e+00   1.010063e+04   3.376269e+02
  2.391030e+00   9.573503e+03   3.297290e+02
  2.393680e+00   9.831740e+03   3.335189e+02
  2.396320e+00   9.157099e+03   3.197798e+02
  2.398970e+00   1.026286e+04   3.417159e+02
  2.401610e+00   9.824246e+03   3.306122e+02
  2.404250e+00   9.582214e+03   3.308148e+02
  2.406900e+00   1.020076e+04   3.390848e+02
  2.409540e+00   1.022429e+04   3.380047e+02
  2.412180e+00   9.963745e+03   3.381915e+02
  2.414830e+00   1.037908e+04   3.403436e+02
  2.417470e+00   9.530513e+03   3.298170e+02
  2.420110e+00   9.786120e+03   3.313998e+02
  2.422760e+00   1.066290e+04   3.466806e+02
  2.425400e+00   1.042737e+04   3.450955e+02
  2.428040e+00   9.213975e+03   3.217660e+02
  2.430690e+00   9.365215e+03   3.270475e+02
  2.433330e+00   9.599915e+03   3.279268e+02
  2.435970e+00   9.343125e+03   3.270748e+02
  2.438620e+00   9.211136e+03   3.244484e+02
  2.441260e+00   9.461697e+03   3.262654e+02
  2.443900e+00   9.990982e+03   3.373715e+02
  2.446550e+00   9.208458e+03   3.217696e+02
  2.449190e+00   9.433741e+03   3.282418e+02
  2.451830e+00   9.864636e+03   3.350206e+02
  2.454480e+00   9.995197e+03   3.361749e+02
  2.457120e+00   9.799692e+03   3.359291e+02
  2.459760e+00   1.014219e+04   3.386377e+02
  2.462410e+00   1.021184e+04   3.417262e+02
  2.465050e+00   9.658292e+03   3.310820e+02
  2.467690e+00   1.001255e+04   3.375229e+02
  2.470340e+00   9.844737e+03   3.364862e+02
  2.472980e+00   9.415908e+03   3.276213e+02
  2.475620e+00   9.693152e+03   3.318872e+02
  2.478270e+00   9.312304e+03   3.251998e+02
  2.480910e+00   9.825008e+03   3.356159e+02
  2.483550e+00   9.751832e+03   3.346820e+02
  2.486200e+00   1.016468e+04   3.407210e+02
  2.488840e+00   9.831238e+03   3.358287e+02
  2.491480e+00   9.829516e+03   3.342136e+02
  2.494130e+00   9.987898e+03   3.388162e+02
  2.496770e+00   9.709522e+03   3.334263e+02
  2.499410e+00   9.987065e+03   3.376244e+02
  2.502060e+00   9.583639e+03   3.330545e+02
  2.504700e+00   1.037012e+04   3.433889e+02
  2.507340e+00   9.527544e+03   3.307059e+02
  2.509990e+00   1.014770e+04   3.395797e+02
  2.512630e+00   9.939016e+03   3.385242e+02
  2.515270e+00   9.742115e+03   3.349408e+02
  2.517920e+00   9.264640e+03   3.269421e+02
  2.520560e+00   9.395314e+03   3.282988e+02
  2.523200e+00   9.547951e+03   3.302228e+02
  2.525850e+00   9.572739e+03   3.330782e+02
  2.528490e+00   1.012857e+04   3.416283e+02
  2.531130e+00   9.732421e+03   3.338193e+02
  2.533780e+00   9.603219e+03   3.323331e+02
  2.536420e+00   9.707568e+03   3.343464e+02
  2.539060e+00   9.814755e+03   3.382388e+02
  2.541710e+00   9.763137e+03   3.335024e+02
  2.544350e+00   1.049730e+04   3.477912e+02
  2.546990e+00   1.065325e+04   3.510364e+02
  2.549640e+00   9.909935e+03   3.391110e+02
  2.552280e+00   1.008267e+04   3.418344e+02
  2.554930e+00   1.014270e+04   3.396028e+02
  2.557570e+00   1.016093e+04   3.427198e+02
  2.560210e+00   9.373619e+03   3.285452e+02
  2.562860e+00   1.021917e+04   3.454711e+02
  2.565500e+00   8.848283e+03   3.203294e+02
  2.568140e+00   9.859401e+03   3.362028e+02
  2.570790e+00   1.012059e+04   3.439118e+02
  2.573430e+00   9.520298e+03   3.300569e+02
  2.576070e+00   9.907723e+03   3.386390e+02
  2.578720e+00   1.003368e+04   3.415505e+02
  2.581360e+00   1.027153e+04   3.446901e+02
  2.584000e+00   9.191793e+03   3.280692e+02
  2.586650e+00   9.800654e+03   3.361597e+02
  2.589290e+00   9.927486e+03   3.383278e+02
  2.591930e+00   9.357338e+03   3.287834e+02
  2.594580e+00   1.007902e+04   3.430939e+02
  2.597220e+00   9.995725e+03   3.424479e+02
  2.599860e+00   1.043571e+04   3.455609e+02
  2.602510e+00   1.036601e+04   3.480566e+02
  2.605150e+00   1.035585e+04   3.465455e+02
  2.607790e+00   9.654644e+03   3.347146e+02
  2.610440e+00   1.007120e+04   3.426291e+02
  2.613080e+00   1.025687e+04   3.440043e+02
  2.615720e+00   9.069044e+03   3.272509e+02
  2.618370e+00   1.019856e+04   3.437934e+02
  2.621010e+00   9.879320e+03   3.382615e+02
  2.623650e+00   9.495071e+03   3.330067e+02
  2.626300e+00   1.010857e+04   3.427126e+02
  2.628940e+00   1.028024e+04   3.485327e+02
  2.631580e+00   9.484975e+03   3.312297e+02
  2.634230e+00   1.009181e+04   3.425385e+02
  2.636870e+00   9.144571e+03   3.265918e+02
  2.639510e+00   9.783236e+03   3.371526e+02
  2.642160e+00   9.928770e+03   3.419650e+02
  2.644800e+00   1.007738e+04   3.408724e+02
  2.647440e+00   1.050666e+04   3.525803e+02
  2.650090e+00   9.605660e+03   3.348323e+02
  2.652730e+00   9.631271e+03   3.359291e+02
  2.655370e+00   9.567279e+03   3.330899e+02
  2.658020e+00   9.646123e+03   3.354286e+02
  2.660660e+00   9.860278e+03   3.400096e+02
  2.663300e+00   9.400721e+03   3.309210e+02
  2.665950e+00   9.634183e+03   3.385107e+02
  2.668590e+00   9.730780e+03   3.466447e+02
  2.671230e+00   1.003209e+04   3.573782e+02
  2.673880e+00   1.015330e+04   3.637796e+02
  2.676520e+00   1.034133e+04   3.660792e+02
  2.679160e+00   1.028775e+04   3.717114e+02
  2.681810e+00   1.021475e+04   3.705278e+02
  2.684450e+00   9.832879e+03   3.669598e+02
  2.687090e+00   9.639249e+03   3.648510e+02
  2.689740e+00   9.542580e+03   3.630169e+02
  2.692380e+00   9.625538e+03   3.713132e+02
  2.695020e+00   1.036411e+04   3.843834e+02
  2.697670e+00   1.051323e+04   3.899141e+02
  2.700310e+00   1.055542e+04   3.914788e+02
  2.702950e+00   1.041462e+04   3.894848e+02
  2.705600e+00   9.824172e+03   3.835695e+02
  2.708240e+00   9.799213e+03   3.805699e+02
  2.710890e+00   9.940195e+03   3.866288e+02
  2.713530e+00   9.644412e+03   3.824258e+02
  2.716170e+00   1.026904e+04   3.988164e+02
  2.718820e+00   9.961717e+03   3.950078e+02
  2.721460e+00   9.716856e+03   3.828978e+02
  2.724100e+00   9.378832e+03   3.687199e+02
  2.726750e+00   9.444281e+03   3.667855e+02
  2.729390e+00   9.307922e+03   3.634133e+02
  2.732030e+00   9.788887e+03   3.671119e+02
  2.734680e+00   1.001091e+04   3.702669e+02
  2.737320e+00   9.583926e+03   3.614646e+02
  2.739960e+00   9.765026e+03   3.624141e+02
  2.742610e+00   8.971559e+03   3.471201e+02
  2.745250e+00   1.016134e+04   3.652417e+02
  2.747890e+00   9.619105e+03   3.582342e+02
  2.750540e+00   9.810861e+03   3.613877e+02
  2.753180e+00   9.625262e+03   3.521699e+02
  2.755820e+00   9.930162e+03   3.621158e+02
  2.758470e+00   9.890011e+03   3.571076e+02
  2.761110e+00   1.020240e+04   3.662448e+02
  2.763750e+00   9.651934e+03   3.548121e+02
  2.766400e+00   1.014010e+04   3.603126e+02
  2.769040e+00   9.755125e+03   3.547905e+02
  2.771680e+00   9.319145e+03   3.444455e+02
  2.774330e+00   9.596582e+03   3.527774e+02
  2.776970e+00   8.911373e+03   3.373005e+02
  2.779610e+00   9.534884e+03   3.481648e+02
  2.782260e+00   1.021906e+04   3.640390e+02
  2.784900e+00   9.253440e+03   3.415507e+02
  2.787540e+00   9.141723e+03   3.426006e+02
  2.790190e+00   9.585640e+03   3.470235e+02
  2.792830e+00   9.729428e+03   3.526915e+02
  2.795470e+00   9.096603e+03   3.411493e+02
  2.798120e+00   1.032686e+04   3.601907e+02
  2.800760e+00   1.020542e+04   3.596939e+02
  2.803400e+00   9.145792e+03   3.387331e+02
  2.806050e+00   9.425487e+03   3.455551e+02
  2.808690e+00   9.800773e+03   3.498046e+02
  2.811330e+00   9.599483e+03   3.457169e+02
  2.813980e+00   9.348203e+03   3.434148e+02
  2.816620e+00   9.336018e+03   3.397725e+02
  2.819260e+00   9.678860e+03   3.501689e+02
  2.821910e+00   9.764105e+03   3.478318e+02
  2.824550e+00   9.676503e+03   3.460311e+02
  2.827190e+00   9.917123e+03   3.539573e+02
  2.829840e+00   8.675723e+03   3.269786e+02
  2.832480e+00   9.446332e+03   3.440151e+02
  2.835120e+00   9.746909e+03   3.463413e+02
  2.837770e+00   9.975564e+03   3.529101e+02
  2.840410e+00   1.028401e+04   3.586961e+02
  2.843050e+00   9.787870e+03   3.480166e+02
  2.845700e+00   9.875684e+03   3.511389e+02
  2.848340e+00   9.712061e+03   3.446681e+02
  2.850980e+00   9.521502e+03   3.453812e+02
  2.853630e+00   9.516285e+03   3.433894e+02
  2.856270e+00   9.236311e+03   3.372624e+02
  2.858910e+00   9.506220e+03   3.464259e+02
  2.861560e+00   9.187826e+03   3.372957e+02
  2.864200e+00   9.802367e+03   3.516579e+02
  2.866850e+00   9.510408e+03   3.434009e+02
  2.869490e+00   9.565849e+03   3.442824e+02
  2.872130e+00   9.176883e+03   3.389559e+02
  2.874780e+00   9.739306e+03   3.489468e+02
  2.877420e+00   9.656773e+03   3.471055e+02
  2.880060e+00   9.489677e+03   3.422065e+02
  2.882710e+00   9.830642e+03   3.486569e+02
  2.885350e+00   9.434883e+03   3.442838e+02
  2.887990e+00   1.014429e+04   3.549037e+02
  2.890640e+00   9.753766e+03   3.496895e+02
  2.893280e+00   9.982873e+03   3.520688e+02
  2.895920e+00   9.777499e+03   3.483090e+02
  2.898570e+00   9.132402e+03   3.368537e+02
  2.901210e+00   9.885713e+03   3.495127e+02
  2.903850e+00   9.709427e+03   3.487729e+02
  2.906500e+00   9.273878e+03   3.384086e+02
  2.909140e+00   9.292293e+03   3.429848e+02
  2.911780e+00   9.577511e+03   3.422723e+02
  2.914430e+00   9.792983e+03   3.493041e+02
  2.917070e+00   9.921587e+03   3.499074e+02
  2.919710e+00   9.997905e+03   3.528184e+02
  2.922360e+00   9.631013e+03   3.464034e+02
  2.925000e+00   9.560906e+03   3.425550e+02
  2.927640e+00   9.138936e+03   3.375543e+02
  2.930290e+00   9.318029e+03   3.397936e+02
  2.932930e+00   9.515641e+03   3.431428e+02
  2.935570e+00   9.126357e+03   3.370897e+02
  2.938220e+00   9.161944e+03   3.352180e+02
  2.940860e+00   9.959425e+03   3.543404e+02
  2.943500e+00   1.016534e+04   3.536973e+02
  2.946150e+00   9.313486e+03   3.407626e+02
  2.948790e+00   9.402321e+03   3.401641e+02
  2.951430e+00   9.361614e+03   3.407040e+02
  2.954080e+00   9.712197e+03   3.495496e+02
  2.956720e+00   1.020666e+04   3.532162e+02
  2.959360e+00   9.468459e+03   3.432314e+02
  2.962010e+00   9.242603e+03   3.374921e+02
  2.964650e+00   9.225714e+03   3.386866e+02
  2.967290e+00   9.206731e+03   3.379897e+02
  2.969940e+00   9.850968e+03   3.480668e+02
  2.972580e+00   8.852707e+03   3.317692e+02
  2.975220e+00   1.011290e+04   3.553311e+02
  2.977870e+00   1.013434e+04   3.541226e+02
  2.980510e+00   9.082448e+03   3.347835e+02
  2.983150e+00   8.891907e+03   3.304651e+02
  2.985800e+00   9.200847e+03   3.382299e+02
  2.988440e+00   9.193713e+03   3.370579e+02
  2.991080e+00   9.797658e+03   3.490271e+02
  2.993730e+00   9.051618e+03   3.347862e+02
  2.996370e+00   9.800748e+03   3.469427e+02
  2.999010e+00   9.381827e+03   3.418928e+02
  3.001660e+00   9.361614e+03   3.407040e+02
  3.004300e+00   9.792524e+03   3.477427e+02
  3.006940e+00   9.393807e+03   3.418756e+02
  3.009590e+00   9.516990e+03   3.414201e+02
  3.012230e+00   9.872260e+03   3.503534e+02
  3.014870e+00   9.563719e+03   3.435389e+02
  3.017520e+00   9.455453e+03   3.427599e+02
  3.020160e+00   9.465570e+03   3.420049e+02
  3.022810e+00   9.218191e+03   3.372760e+02
  3.025450e+00   9.621214e+03   3.451591e+02
  3.028090e+00   9.696308e+03   3.434609e+02
  3.030740e+00   9.772512e+03   3.470321e+02
  3.033380e+00   9.430729e+03   3.396394e+02
  3.036020e+00   9.968430e+03   3.502549e+02
  3.038670e+00   9.651722e+03   3.438284e+02
  3.041310e+00   9.730872e+03   3.451185e+02
  3.043950e+00   9.236051e+03   3.370283e+02
  3.046600e+00   9.380887e+03   3.352455e+02
  3.049240e+00   9.553047e+03   3.418349e+02
  3.051880e+00   9.582537e+03   3.420154e+02
  3.054530e+00   9.908938e+03   3.483797e+02
  3.057170e+00   9.069743e+03   3.320669e+02
  3.059810e+00   9.616401e+03   3.399911e+02
  3.062460e+00   1.015030e+04   3.510556e+02
  3.065100e+00   9.385846e+03   3.378040e+02
  3.067740e+00   9.865530e+03   3.462122e+02
  3.070390e+00   9.015256e+03   3.298509e+02
  3.073030e+00   9.981580e+03   3.483595e+02
  3.075670e+00   1.000719e+04   3.490408e+02
  3.078320e+00   9.737493e+03   3.438428e+02
  3.080960e+00   9.166355e+03   3.329370e+02
  3.083600e+00   9.414012e+03   3.372920e+02
  3.086250e+00   9.008855e+03   3.313961e+02
  3.088890e+00   9.155142e+03   3.340759e+02
  3.091530e+00   9.948765e+03   3.461618e+02
  3.094180e+00   8.966560e+03   3.298402e+02
  3.096820e+00   9.294161e+03   3.358117e+02
  3.099460e+00   9.343896e+03   3.373885e+02
  3.102110e+00   9.325811e+03   3.371754e+02
  3.104750e+00   9.633107e+03   3.416511e+02
  3.107390e+00   9.015012e+03   3.311747e+02
  3.110040e+00   9.603937e+03   3.414767e+02
  3.112680e+00   9.762553e+03   3.430211e+02
  3.115320e+00   9.190735e+03   3.336025e+02
  3.117970e+00   9.549638e+03   3.406243e+02
  3.120610e+00   9.771257e+03   3.452504e+02
  3.123250e+00   9.909795e+03   3.473381e+02
  3.125900e+00   9.419305e+03   3.370492e+02
  3.128540e+00   9.458793e+03   3.391142e+02
  3.131180e+00   9.300742e+03   3.362690e+02
  3.133830e+00   9.550996e+03   3.411070e+02
  3.136470e+00   8.674862e+03   3.246486e+02
  3.139110e+00   9.118178e+03   3.325058e+02
  3.141760e+00   9.240477e+03   3.356292e+02
  3.144400e+00   1.006932e+04   3.493010e+02
  3.147040e+00   8.784560e+03   3.264756e+02
  3.149690e+00   8.851942e+03   3.271772e+02
  3.152330e+00   9.847844e+03   3.460180e+02
  3.154970e+00   9.935846e+03   3.493257e+02
  3.157620e+00   9.238654e+03   3.340242e+02
  3.160260e+00   9.679876e+03   3.420216e+02
  3.162900e+00   9.452988e+03   3.391241e+02
  3.165550e+00   9.936542e+03   3.482756e+02
  3.168190e+00   9.533709e+03   3.411429e+02
  3.170830e+00   9.695831e+03   3.417331e+02
  3.173480e+00   9.855556e+03   3.465029e+02
  3.176120e+00   9.573938e+03   3.410574e+02
  3.178770e+00   9.342695e+03   3.366873e+02
  3.181410e+00   9.421814e+03   3.382234e+02
  3.184050e+00   9.571113e+03   3.400947e+02
  3.186700e+00   9.154848e+03   3.336212e+02
  3.189340e+00   9.591795e+03   3.412608e+02
  3.191980e+00   8.818993e+03   3.241926e+02
  3.194630e+00   9.184774e+03   3.336060e+02
  3.197270e+00   9.871002e+03   3.436642e+02
  3.199910e+00   9.612274e+03   3.404842e+02
  3.202560e+00   9.640442e+03   3.404158e+02
  3.205200e+00   9.613382e+03   3.390378e+02
  3.207840e+00   9.171141e+03   3.313668e+02
  3.210490e+00   9.362705e+03   3.348097e+02
  3.213130e+00   9.628619e+03   3.385242e+02
  3.215770e+00   8.920867e+03   3.253105e+02
  3.218420e+00   9.384408e+03   3.340938e+02
  3.221060e+00   9.559236e+03   3.379700e+02
  3.223700e+00   9.358970e+03   3.327667e+02
  3.226350e+00   9.784688e+03   3.429531e+02
  3.228990e+00   9.332685e+03   3.451818e+02
  3.231630e+00   9.360965e+03   3.508170e+02
  3.234280e+00   9.025161e+03   3.491940e+02
  3.236920e+00   9.133378e+03   3.515439e+02
  3.239560e+00   9.254489e+03   3.591438e+02
  3.242210e+00   8.960626e+03   3.558719e+02
  3.244850e+00   9.247077e+03   3.649530e+02
  3.247490e+00   9.598042e+03   3.736033e+02
  3.250140e+00   9.317304e+03   3.700374e+02
  3.252780e+00   9.556298e+03   3.789319e+02
  3.255420e+00   9.682856e+03   3.833480e+02
  3.258070e+00   1.013331e+04   3.926579e+02
  3.260710e+00   9.410899e+03   3.785619e+02
  3.263350e+00   1.008188e+04   3.979002e+02
  3.266000e+00   1.014737e+04   4.011099e+02
  3.268640e+00   9.141485e+03   3.825592e+02
  3.271280e+00   8.581148e+03   3.706492e+02
  3.273930e+00   9.474619e+03   3.917273e+02
  3.276570e+00   9.384734e+03   3.941218e+02
  3.279210e+00   9.776116e+03   4.052331e+02
  3.281860e+00   1.010626e+04   4.045742e+02
  3.284500e+00   9.955414e+03   3.935223e+02
  3.287140e+00   9.120931e+03   3.711254e+02
  3.289790e+00   9.882690e+03   3.843921e+02
  3.292430e+00   8.761163e+03   3.573753e+02
  3.295070e+00   9.771384e+03   3.766592e+02
  3.297720e+00   9.463796e+03   3.694992e+02
  3.300360e+00   9.619740e+03   3.716430e+02
  3.303000e+00   8.727672e+03   3.510785e+02
  3.305650e+00   9.122380e+03   3.572600e+02
  3.308290e+00   9.290656e+03   3.608192e+02
  3.310930e+00   9.031360e+03   3.564393e+02
  3.313580e+00   9.686997e+03   3.695820e+02
  3.316220e+00   9.484796e+03   3.637253e+02
  3.318860e+00   9.632611e+03   3.669732e+02
  3.321510e+00   9.409996e+03   3.598002e+02
  3.324150e+00   9.225504e+03   3.574810e+02
  3.326800e+00   9.195502e+03   3.541975e+02
  3.329440e+00   8.859137e+03   3.496422e+02
  3.332080e+00   9.300325e+03   3.579697e+02
  3.334730e+00   8.990523e+03   3.512888e+02
  3.337370e+00   9.738095e+03   3.636758e+02
  3.340010e+00   9.468487e+03   3.566039e+02
  3.342660e+00   9.126673e+03   3.515463e+02
  3.345300e+00   9.275625e+03   3.544034e+02
  3.347940e+00   8.777017e+03   3.432085e+02
  3.350590e+00   9.258888e+03   3.514626e+02
  3.353230e+00   9.493353e+03   3.562792e+02
  3.355870e+00   1.000742e+04   3.656633e+02
  3.358520e+00   9.683928e+03   3.589102e+02
  3.361160e+00   9.719867e+03   3.585227e+02
  3.363800e+00   9.045427e+03   3.479010e+02
  3.366450e+00   1.002385e+04   3.652894e+02
  3.369090e+00   8.779385e+03   3.417371e+02
  3.371730e+00   8.810141e+03   3.393540e+02
  3.374380e+00   1.040158e+04   3.700717e+02
  3.377020e+00   8.972319e+03   3.453447e+02
  3.379660e+00   9.392302e+03   3.539857e+02
  3.382310e+00   9.486828e+03   3.535532e+02
  3.384950e+00   9.496717e+03   3.524562e+02
  3.387590e+00   9.694809e+03   3.566293e+02
  3.390240e+00   9.323138e+03   3.511297e+02
  3.392880e+00   9.682614e+03   3.566637e+02
  3.395520e+00   9.762483e+03   3.583920e+02
  3.398170e+00   9.594637e+03   3.563359e+02
  3.400810e+00   9.462297e+03   3.538699e+02
  3.403450e+00   8.595801e+03   3.371550e+02
  3.406100e+00   9.553744e+03   3.528756e+02
  3.408740e+00   9.355971e+03   3.516189e+02
  3.411380e+00   9.776703e+03   3.589141e+02
  3.414030e+00   9.308758e+03   3.500919e+02
  3.416670e+00   9.671294e+03   3.569740e+02
  3.419310e+00   9.871314e+03   3.597307e+02
  3.421960e+00   8.919704e+03   3.435742e+02
  3.424600e+00   1.005635e+04   3.645423e+02
  3.427240e+00   9.803570e+03   3.579758e+02
  3.429890e+00   9.176141e+03   3.463311e+02
  3.432530e+00   8.673160e+03   3.365839e+02
  3.435170e+00   9.506257e+03   3.537862e+02
  3.437820e+00   9.616444e+03   3.532689e+02
  3.440460e+00   9.434757e+03   3.499158e+02
  3.443100e+00   8.733067e+03   3.371363e+02
  3.445750e+00   9.129601e+03   3.438407e+02
  3.448390e+00   9.409324e+03   3.496948e+02
  3.451030e+00   9.167576e+03   3.433284e+02
  3.453680e+00   8.530751e+03   3.313069e+02
  3.456320e+00   8.895862e+03   3.401418e+02
  3.458960e+00   9.288515e+03   3.447291e+02
  3.461610e+00   8.510345e+03   3.292752e+02
  3.464250e+00   9.856041e+03   3.561133e+02
  3.466890e+00   8.892115e+03   3.370547e+02
  3.469540e+00   9.013328e+03   3.401862e+02
  3.472180e+00   9.278329e+03   3.417717e+02
  3.474820e+00   9.108948e+03   3.401799e+02
  3.477470e+00   9.625507e+03   3.503081e+02
  3.480110e+00   9.237339e+03   3.437781e+02
  3.482760e+00   9.617922e+03   3.498005e+02
  3.485400e+00   8.781235e+03   3.323747e+02
  3.488040e+00   9.241654e+03   3.420490e+02
  3.490690e+00   8.731305e+03   3.345843e+02
  3.493330e+00   8.704804e+03   3.313862e+02
  3.495970e+00   9.693777e+03   3.493395e+02
  3.498620e+00   8.810563e+03   3.344444e+02
  3.501260e+00   9.077121e+03   3.392279e+02
  3.503900e+00   9.228738e+03   3.415709e+02
  3.506550e+00   9.436512e+03   3.450331e+02
  3.509190e+00   9.172648e+03   3.416073e+02
  3.511830e+00   8.899431e+03   3.361269e+02
  3.514480e+00   9.519506e+03   3.469101e+02
  3.517120e+00   9.058025e+03   3.378073e+02
  3.519760e+00   9.208747e+03   3.401328e+02
  3.522410e+00   8.969521e+03   3.368574e+02
  3.525050e+00   9.352052e+03   3.456618e+02
  3.527690e+00   9.278006e+03   3.415281e+02
  3.530340e+00   9.045427e+03   3.382798e+02
  3.532980e+00   9.102396e+03   3.394621e+02
  3.535620e+00   8.843012e+03   3.344734e+02
  3.538270e+00   9.343349e+03   3.441667e+02
  3.540910e+00   9.257527e+03   3.398545e+02
  3.543550e+00   9.153337e+03   3.408881e+02
  3.546200e+00   9.532148e+03   3.471404e+02
  3.548840e+00   9.619039e+03   3.482326e+02
  3.551480e+00   9.384631e+03   3.433657e+02
  3.554130e+00   9.555295e+03   3.468352e+02
  3.556770e+00   9.617118e+03   3.495401e+02
  3.559410e+00   8.855663e+03   3.347126e+02
  3.562060e+00   9.114285e+03   3.377979e+02
  3.564700e+00   9.083274e+03   3.385136e+02
  3.567340e+00   8.394857e+03   3.240799e+02
  3.569990e+00   8.988137e+03   3.382730e+02
  3.572630e+00   8.876412e+03   3.333607e+02
  3.575270e+00   8.938269e+03   3.356837e+02
  3.577920e+00   9.456871e+03   3.460088e+02
  3.580560e+00   9.659427e+03   3.496947e+02
  3.583200e+00   9.358201e+03   3.421697e+02
  3.585850e+00   9.126692e+03   3.377940e+02
  3.588490e+00   9.350329e+03   3.446577e+02
  3.591130e+00   9.354726e+03   3.436545e+02
  3.593780e+00   9.240290e+03   3.408332e+02
  3.596420e+00   8.945062e+03   3.349952e+02
  3.599060e+00   9.392116e+03   3.441005e+02
  3.601710e+00   9.414756e+03   3.433208e+02
  3.604350e+00   9.127258e+03   3.389778e+02
  3.606990e+00   9.316097e+03   3.424666e+02
  3.609640e+00   9.083327e+03   3.387509e+02
  3.612280e+00   9.272193e+03   3.417776e+02
  3.614920e+00   8.806728e+03   3.326255e+02
  3.617570e+00   9.308886e+03   3.417400e+02
  3.620210e+00   9.121016e+03   3.389799e+02
  3.622850e+00   9.001669e+03   3.354724e+02
  3.625500e+00   9.491107e+03   3.451882e+02
  3.628140e+00   9.541325e+03   3.461002e+02
  3.630780e+00   9.284458e+03   3.417656e+02
  3.633430e+00   8.901451e+03   3.338305e+02
  3.636070e+00   9.509617e+03   3.454048e+02
  3.638720e+00   9.121227e+03   3.394569e+02
  3.641360e+00   8.938269e+03   3.356837e+02
  3.644000e+00   8.799250e+03   3.332954e+02
  3.646650e+00   9.132762e+03   3.375566e+02
  3.649290e+00   9.371614e+03   3.428894e+02
  3.651930e+00   8.882333e+03   3.338185e+02
  3.654580e+00   9.064206e+03   3.368686e+02
  3.657220e+00   9.317232e+03   3.432047e+02
  3.659860e+00   9.536752e+03   3.466192e+02
  3.662510e+00   9.582655e+03   3.460096e+02
  3.665150e+00   9.399298e+03   3.416233e+02
  3.667790e+00   9.264218e+03   3.403295e+02
  3.670440e+00   8.801294e+03   3.319471e+02
  3.673080e+00   9.164199e+03   3.384874e+02
  3.675720e+00   9.397846e+03   3.408957e+02
  3.678370e+00   8.939742e+03   3.333961e+02
  3.681010e+00   9.063925e+03   3.343279e+02
  3.683650e+00   8.970979e+03   3.336343e+02
  3.686300e+00   8.812234e+03   3.288697e+02
  3.688940e+00   8.884344e+03   3.317919e+02
  3.691580e+00   1.007937e+04   3.532816e+02
  3.694230e+00   9.485475e+03   3.405087e+02
  3.696870e+00   8.911511e+03   3.293789e+02
  3.699510e+00   8.715391e+03   3.263940e+02
  3.702160e+00   8.941033e+03   3.313767e+02
  3.704800e+00   8.891698e+03   3.306858e+02
  3.707440e+00   9.425588e+03   3.372741e+02
  3.710090e+00   9.002789e+03   3.311729e+02
  3.712730e+00   9.276737e+03   3.360607e+02
  3.715370e+00   8.428555e+03   3.208696e+02
  3.718020e+00   9.692401e+03   3.439704e+02
  3.720660e+00   8.766920e+03   3.258200e+02
  3.723300e+00   9.118967e+03   3.343176e+02
  3.725950e+00   9.485475e+03   3.405087e+02
  3.728590e+00   9.480187e+03   3.383624e+02
  3.731230e+00   9.294161e+03   3.358117e+02
  3.733880e+00   9.251556e+03   3.349288e+02
  3.736520e+00   9.589743e+03   3.424908e+02
  3.739160e+00   9.687597e+03   3.442338e+02
  3.741810e+00   9.009100e+03   3.302896e+02
  3.744450e+00   9.271105e+03   3.362983e+02
  3.747090e+00   9.222072e+03   3.351819e+02
  3.749740e+00   9.185714e+03   3.347460e+02
  3.752380e+00   9.688065e+03   3.427391e+02
  3.755020e+00   9.252110e+03   3.353887e+02
  3.757670e+00   9.573179e+03   3.427748e+02
  3.760310e+00   9.197707e+03   3.347388e+02
  3.762950e+00   9.280451e+03   3.344443e+02
  3.765600e+00   9.057601e+03   3.320678e+02
  3.768240e+00   9.241800e+03   3.367899e+02
  3.770880e+00   9.592703e+03   3.434739e+02
  3.773530e+00   8.936300e+03   3.291728e+02
  3.776170e+00   9.177917e+03   3.324808e+02
  3.778810e+00   9.368696e+03   3.380637e+02
  3.781460e+00   8.777595e+03   3.268947e+02
  3.784100e+00   9.325811e+03   3.371754e+02
  3.786740e+00   8.723261e+03   3.287703e+02
  3.789390e+00   9.662613e+03   3.581203e+02
  3.792030e+00   9.319116e+03   3.571093e+02
  3.794680e+00   8.670271e+03   3.470886e+02
  3.797320e+00   9.066611e+03   3.578306e+02
  3.799960e+00   8.651513e+03   3.552751e+02
  3.802610e+00   8.441404e+03   3.548187e+02
  3.805250e+00   9.328815e+03   3.780226e+02
  3.807890e+00   9.083337e+03   3.711351e+02
  3.810540e+00   8.396012e+03   3.603074e+02
  3.813180e+00   9.266047e+03   3.821253e+02
  3.815820e+00   9.410418e+03   3.864395e+02
  3.818470e+00   8.705617e+03   3.753258e+02
  3.821110e+00   8.673254e+03   3.746275e+02
  3.823750e+00   9.253464e+03   3.924343e+02
  3.826400e+00   9.298093e+03   3.957531e+02
  3.829040e+00   9.062462e+03   3.929075e+02
  3.831680e+00   9.620967e+03   4.065601e+02
  3.834330e+00   9.237883e+03   4.020273e+02
  3.836970e+00   8.823943e+03   3.954103e+02
  3.839610e+00   9.600691e+03   4.146867e+02
  3.842260e+00   8.811717e+03   3.905725e+02
  3.844900e+00   8.464228e+03   3.722563e+02
  3.847540e+00   8.916667e+03   3.788329e+02
  3.850190e+00   8.802649e+03   3.713174e+02
  3.852830e+00   9.029912e+03   3.743019e+02
  3.855470e+00   8.930734e+03   3.695564e+02
  3.858120e+00   9.015175e+03   3.692759e+02
  3.860760e+00   8.589794e+03   3.582192e+02
  3.863400e+00   9.501375e+03   3.738266e+02
  3.866050e+00   8.691860e+03   3.578382e+02
  3.868690e+00   8.985918e+03   3.656318e+02
  3.871330e+00   8.652792e+03   3.580551e+02
  3.873980e+00   8.317132e+03   3.480611e+02
  3.876620e+00   9.539078e+03   3.721549e+02
  3.879260e+00   8.676669e+03   3.542235e+02
  3.881910e+00   8.914964e+03   3.594861e+02
  3.884550e+00   8.384967e+03   3.469724e+02
  3.887190e+00   8.889959e+03   3.544659e+02
  3.889840e+00   9.017160e+03   3.569928e+02
  3.892480e+00   8.792605e+03   3.514232e+02
  3.895120e+00   9.038421e+03   3.558875e+02
  3.897770e+00   8.509247e+03   3.442473e+02
  3.900410e+00   9.266384e+03   3.577248e+02
  3.903050e+00   8.689747e+03   3.481474e+02
  3.905700e+00   9.127908e+03   3.542315e+02
  3.908340e+00   9.011190e+03   3.512928e+02
  3.910980e+00   9.249153e+03   3.544283e+02
  3.913630e+00   8.895125e+03   3.486275e+02
  3.916270e+00   9.031866e+03   3.499777e+02
  3.918910e+00   8.903776e+03   3.465790e+02
  3.921560e+00   8.971450e+03   3.473759e+02
  3.924200e+00   8.113393e+03   3.298563e+02
  3.926840e+00   8.751049e+03   3.421931e+02
  3.929490e+00   8.524346e+03   3.374821e+02
  3.932130e+00   9.285217e+03   3.517027e+02
  3.934770e+00   8.525881e+03   3.370150e+02
  3.937420e+00   8.891661e+03   3.448038e+02
  3.940060e+00   9.005344e+03   3.468729e+02
  3.942700e+00   8.946172e+03   3.440835e+02
  3.945350e+00   8.454924e+03   3.368523e+02
  3.947990e+00   8.578480e+03   3.383022e+02
  3.950640e+00   9.186657e+03   3.515177e+02
  3.953280e+00   8.574932e+03   3.371154e+02
  3.955920e+00   8.539203e+03   3.372782e+02
  3.958570e+00   8.760061e+03   3.409849e+02
  3.961210e+00   9.178644e+03   3.496785e+02
  3.963850e+00   8.185847e+03   3.290170e+02
  3.966500e+00   8.675146e+03   3.387076e+02
  3.969140e+00   9.165322e+03   3.494246e+02
  3.971780e+00   9.269912e+03   3.498703e+02
  3.974430e+00   8.350633e+03   3.308641e+02
  3.977070e+00   8.853534e+03   3.422974e+02
  3.979710e+00   8.707466e+03   3.397106e+02
  3.982360e+00   8.672968e+03   3.396597e+02
  3.985000e+00   8.702597e+03   3.387481e+02
  3.987640e+00   9.714972e+03   3.571295e+02
  3.990290e+00   9.235926e+03   3.483396e+02
  3.992930e+00   9.012487e+03   3.446010e+02
  3.995570e+00   8.249429e+03   3.294505e+02
  3.998220e+00   8.576212e+03   3.343355e+02
  4.000860e+00   8.716263e+03   3.387672e+02
  4.003500e+00   8.728507e+03   3.394996e+02
  4.006150e+00   9.236203e+03   3.485980e+02
  4.008790e+00   8.523324e+03   3.335435e+02
  4.011430e+00   9.214622e+03   3.463067e+02
  4.014080e+00   8.716741e+03   3.385302e+02
  4.016720e+00   8.828337e+03   3.408142e+02
  4.019360e+00   8.869344e+03   3.401238e+02
  4.022010e+00   8.438045e+03   3.319904e+02
  4.024650e+00   8.652717e+03   3.365517e+02
  4.027290e+00   9.038868e+03   3.443534e+02
  4.029940e+00   8.772896e+03   3.374191e+02
  4.032580e+00   8.960890e+03   3.413827e+02
  4.035220e+00   8.777656e+03   3.386054e+02
  4.037870e+00   9.006213e+03   3.431094e+02
  4.040510e+00   8.471942e+03   3.322969e+02
  4.043150e+00   8.857924e+03   3.384439e+02
  4.045800e+00   9.195640e+03   3.465737e+02
  4.048440e+00   8.158620e+03   3.273942e+02
  4.051080e+00   9.181595e+03   3.450655e+02
  4.053730e+00   8.922580e+03   3.396768e+02
  4.056370e+00   8.583727e+03   3.341211e+02
  4.059010e+00   8.394677e+03   3.305401e+02
  4.061660e+00   9.110784e+03   3.450956e+02
  4.064300e+00   8.857116e+03   3.391565e+02
  4.066940e+00   8.928123e+03   3.411261e+02
  4.069590e+00   8.615932e+03   3.348677e+02
  4.072230e+00   9.013191e+03   3.409102e+02
  4.074870e+00   9.026030e+03   3.416403e+02
  4.077520e+00   9.710437e+03   3.541032e+02
  4.080160e+00   8.986902e+03   3.418779e+02
  4.082800e+00   8.491093e+03   3.327922e+02
  4.085450e+00   8.760328e+03   3.369357e+02
  4.088090e+00   8.775222e+03   3.360206e+02
  4.090730e+00   8.844705e+03   3.384332e+02
  4.093380e+00   8.661208e+03   3.358672e+02
  4.096020e+00   8.527064e+03   3.324196e+02
  4.098660e+00   9.129241e+03   3.430979e+02
  4.101310e+00   8.754473e+03   3.364617e+02
  4.103950e+00   8.794344e+03   3.365062e+02
  4.106600e+00   8.460593e+03   3.315968e+02
  4.109240e+00   8.532938e+03   3.306446e+02
  4.111880e+00   8.721450e+03   3.361872e+02
  4.114530e+00   8.993516e+03   3.416354e+02
  4.117170e+00   8.500365e+03   3.321368e+02
  4.119810e+00   8.283639e+03   3.256635e+02
  4.122460e+00   8.961852e+03   3.394543e+02
  4.125100e+00   8.954973e+03   3.401713e+02
  4.127740e+00   8.732617e+03   3.373704e+02
  4.130390e+00   8.884476e+03   3.382262e+02
  4.133030e+00   8.866056e+03   3.370369e+02
  4.135670e+00   9.310518e+03   3.469825e+02
  4.138320e+00   8.718020e+03   3.345669e+02
  4.140960e+00   8.684126e+03   3.347485e+02
  4.143600e+00   8.673346e+03   3.335902e+02
  4.146250e+00   8.079035e+03   3.226456e+02
  4.148890e+00   8.838082e+03   3.384277e+02
  4.151530e+00   8.754889e+03   3.362295e+02
  4.154180e+00   8.349625e+03   3.264962e+02
  4.156820e+00   8.634271e+03   3.330742e+02
  4.159460e+00   8.253550e+03   3.259956e+02
  4.162110e+00   8.591860e+03   3.336802e+02
  4.164750e+00   8.711837e+03   3.343296e+02
  4.167390e+00   8.457730e+03   3.287190e+02
  4.170040e+00   8.082876e+03   3.210120e+02
  4.172680e+00   8.865546e+03   3.375056e+02
  4.175320e+00   9.318760e+03   3.441963e+02
  4.177970e+00   9.235991e+03   3.425439e+02
  4.180610e+00   8.377985e+03   3.263600e+02
  4.183250e+00   9.171760e+03   3.403959e+02
  4.185900e+00   8.535560e+03   3.278062e+02
  4.188540e+00   8.819291e+03   3.328627e+02
  4.191180e+00   8.793114e+03   3.330629e+02
  4.193830e+00   9.120910e+03   3.387421e+02
  4.196470e+00   8.552040e+03   3.289246e+02
  4.199110e+00   8.914153e+03   3.338376e+02
  4.201760e+00   8.616469e+03   3.273126e+02
  4.204400e+00   8.449025e+03   3.240053e+02
  4.207040e+00   8.839707e+03   3.319822e+02
  4.209690e+00   8.878720e+03   3.311204e+02
  4.212330e+00   8.478921e+03   3.249129e+02
  4.214970e+00   9.584066e+03   3.444922e+02
  4.217620e+00   8.989476e+03   3.343222e+02
  4.220260e+00   8.528545e+03   3.239727e+02
  4.222900e+00   7.994790e+03   3.152837e+02
  4.225550e+00   8.486300e+03   3.247193e+02
  4.228190e+00   8.114828e+03   3.173149e+02
  4.230830e+00   8.586960e+03   3.261916e+02
  4.233480e+00   8.296285e+03   3.205134e+02
  4.236120e+00   8.148922e+03   3.174369e+02
  4.238760e+00   8.638198e+03   3.264932e+02
  4.241410e+00   8.245831e+03   3.209685e+02
  4.244050e+00   9.132522e+03   3.370875e+02
  4.246690e+00   8.686088e+03   3.280690e+02
  4.249340e+00   8.557653e+03   3.250784e+02
  4.251980e+00   8.144586e+03   3.170276e+02
  4.254620e+00   9.063975e+03   3.347856e+02
  4.257270e+00   8.939742e+03   3.333961e+02
  4.259910e+00   8.373552e+03   3.227767e+02
  4.262560e+00   8.853498e+03   3.311021e+02
  4.265200e+00   9.094788e+03   3.350108e+02
  4.267840e+00   8.903804e+03   3.311360e+02
  4.270490e+00   9.205632e+03   3.368165e+02
  4.273130e+00   8.697526e+03   3.287356e+02
  4.275770e+00   8.740385e+03   3.298846e+02
  4.278420e+00   8.703033e+03   3.291789e+02
  4.281060e+00   8.439927e+03   3.229448e+02
  4.283700e+00   9.311287e+03   3.393222e+02
  4.286350e+00   8.921006e+03   3.331611e+02
  4.288990e+00   8.422668e+03   3.222844e+02
  4.291630e+00   8.847713e+03   3.306546e+02
  4.294280e+00   8.660251e+03   3.280304e+02
  4.296920e+00   8.662356e+03   3.271727e+02
  4.299560e+00   8.798621e+03   3.295110e+02
  4.302210e+00   8.989782e+03   3.334126e+02
  4.304850e+00   8.293196e+03   3.211138e+02
  4.307490e+00   8.145230e+03   3.180178e+02
  4.310140e+00   8.624710e+03   3.266842e+02
  4.312780e+00   8.847171e+03   3.310971e+02
  4.315420e+00   8.508991e+03   3.239317e+02
  4.318070e+00   9.144419e+03   3.363829e+02
  4.320710e+00   9.604554e+03   3.454518e+02
  4.323350e+00   8.452284e+03   3.231812e+02
  4.326000e+00   9.045427e+03   3.357073e+02
  4.328640e+00   8.511150e+03   3.251943e+02
  4.331280e+00   8.679642e+03   3.280596e+02
  4.333930e+00   8.070361e+03   3.146154e+02
  4.336570e+00   8.051356e+03   3.153154e+02
  4.339210e+00   8.330496e+03   3.218352e+02
  4.341860e+00   9.051652e+03   3.357072e+02
  4.344500e+00   7.559437e+03   3.053228e+02
  4.347140e+00   8.409321e+03   3.270847e+02
  4.349790e+00   8.809342e+03   3.447362e+02
  4.352430e+00   8.877660e+03   3.522992e+02
  4.355070e+00   8.838389e+03   3.552448e+02
  4.357720e+00   8.824807e+03   3.602712e+02
  4.360360e+00   8.650828e+03   3.623433e+02
  4.363000e+00   8.685448e+03   3.647545e+02
  4.365650e+00   9.138679e+03   3.768728e+02
  4.368290e+00   8.753639e+03   3.715713e+02
  4.370930e+00   8.205666e+03   3.622890e+02
  4.373580e+00   8.591535e+03   3.731924e+02
  4.376220e+00   8.404675e+03   3.740031e+02
  4.378860e+00   8.658589e+03   3.775324e+02
  4.381510e+00   9.339929e+03   3.964579e+02
  4.384150e+00   8.890951e+03   3.906460e+02
  4.386790e+00   9.316353e+03   4.035360e+02
  4.389440e+00   8.342954e+03   3.804059e+02
  4.392080e+00   9.348128e+03   4.079858e+02
  4.394720e+00   8.562766e+03   3.912428e+02
  4.397370e+00   8.547431e+03   3.934274e+02
  4.400010e+00   9.144629e+03   4.061272e+02
  4.402650e+00   9.147478e+03   4.119817e+02
  4.405300e+00   9.054801e+03   4.120077e+02
  4.407940e+00   8.522295e+03   4.026406e+02
  4.410590e+00   8.739451e+03   4.088143e+02
  4.413230e+00   8.890804e+03   4.145359e+02
  4.415870e+00   9.123912e+03   4.231113e+02
  4.418520e+00   8.162946e+03   4.046222e+02
  4.421160e+00   9.326840e+03   4.329877e+02
  4.423800e+00   8.094342e+03   4.047171e+02
  4.426450e+00   9.076299e+03   4.322047e+02
  4.429090e+00   8.498494e+03   4.228159e+02
  4.431730e+00   9.489245e+03   4.478251e+02
  4.434380e+00   9.192337e+03   4.392268e+02
  4.437020e+00   7.980626e+03   4.143335e+02
  4.439660e+00   8.663533e+03   4.348103e+02
  4.442310e+00   9.318868e+03   4.515006e+02
  4.444950e+00   1.002361e+04   4.693985e+02
  4.447590e+00   8.767960e+03   4.411639e+02
  4.450240e+00   9.501116e+03   4.652717e+02
  4.452880e+00   9.324463e+03   4.656415e+02
  4.455520e+00   9.103336e+03   4.592026e+02
  4.458170e+00   7.739780e+03   4.267079e+02
  4.460810e+00   8.570601e+03   4.510843e+02
  4.463450e+00   9.297690e+03   4.726281e+02
  4.466100e+00   8.715837e+03   4.612910e+02
  4.468740e+00   8.643679e+03   4.587588e+02
  4.471380e+00   8.957117e+03   4.753944e+02
  4.474030e+00   8.276694e+03   4.605276e+02
  4.476670e+00   8.802339e+03   4.745903e+02
  4.479310e+00   8.445801e+03   4.642232e+02
  4.481960e+00   8.367672e+03   4.670379e+02
  4.484600e+00   8.830060e+03   4.875585e+02
  4.487240e+00   9.018264e+03   4.949415e+02
  4.489890e+00   8.545157e+03   4.807026e+02
  4.492530e+00   9.319531e+03   5.054225e+02
  4.495170e+00   7.932144e+03   4.698596e+02
  4.497820e+00   8.444307e+03   4.916466e+02
  4.500460e+00   8.846938e+03   5.008592e+02
  4.503100e+00   8.231048e+03   4.892850e+02
  4.505750e+00   8.868643e+03   5.111801e+02
  4.508390e+00   1.029049e+04   5.556340e+02
  4.511030e+00   8.432431e+03   5.021440e+02
  4.513680e+00   8.714863e+03   5.117544e+02
  4.516320e+00   8.749621e+03   5.219586e+02
  4.518960e+00   9.093286e+03   5.386398e+02
  4.521610e+00   8.706828e+03   5.298807e+02
  4.524250e+00   8.415084e+03   5.149948e+02
  4.526890e+00   9.240652e+03   5.483318e+02
  4.529540e+00   8.929672e+03   5.434425e+02
  4.532180e+00   8.977416e+03   5.525218e+02
  4.534820e+00   7.969391e+03   5.176676e+02
  4.537470e+00   8.732316e+03   5.511789e+02
  4.540110e+00   8.624710e+03   5.498914e+02
  4.542750e+00   8.576939e+03   5.559604e+02
  4.545400e+00   7.628252e+03   5.166504e+02
  4.548040e+00   8.900119e+03   5.686077e+02
  4.550680e+00   7.795853e+03   5.392504e+02
  4.553330e+00   8.393850e+03   5.672038e+02
  4.555970e+00   8.488490e+03   5.709976e+02
  4.558610e+00   7.921890e+03   5.492842e+02
  4.561260e+00   8.696033e+03   5.810281e+02
  4.563900e+00   8.219453e+03   5.754768e+02
  4.566550e+00   8.155374e+03   5.810463e+02
  4.569190e+00   1.007746e+04   6.386328e+02
  4.571830e+00   8.203992e+03   5.875001e+02
  4.574480e+00   9.492378e+03   6.356566e+02
  4.577120e+00   9.218545e+03   6.316443e+02
  4.579760e+00   9.153368e+03   6.286559e+02
  4.582410e+00   9.425112e+03   6.488514e+02
  4.585050e+00   8.793529e+03   6.346183e+02
  4.587690e+00   9.068922e+03   6.527953e+02
  4.590340e+00   7.859523e+03   6.045787e+02
  4.592980e+00   7.435246e+03   5.933973e+02
  4.595620e+00   8.062228e+03   6.295543e+02
  4.598270e+00   8.994610e+03   6.760763e+02
  4.600910e+00   9.045427e+03   6.798959e+02
  4.603550e+00   8.683610e+03   6.699551e+02
  4.606200e+00   7.997481e+03   6.641547e+02
  4.608840e+00   8.849396e+03   7.040202e+02
  4.611480e+00   8.557261e+03   7.010381e+02
  4.614130e+00   1.035389e+04   7.674810e+02
  4.616770e+00   8.013398e+03   6.974768e+02
  4.619410e+00   8.513343e+03   7.300131e+02
  4.622060e+00   1.015170e+04   8.127867e+02
  4.624700e+00   8.693838e+03   7.454905e+02
  4.627340e+00   8.100382e+03   7.394604e+02
  4.629990e+00   8.032619e+03   7.490455e+02
  4.632630e+00   8.677727e+03   7.988495e+02
  4.635270e+00   8.828337e+03   7.992801e+02
  4.637920e+00   1.155382e+04   9.371388e+02
  4.640560e+00   8.474995e+03   8.310416e+02
  4.643200e+00   8.710411e+03   8.541261e+02
  4.645850e+00   9.582370e+03   8.897007e+02
  4.648490e+00   1.038549e+04   9.326446e+02
  4.651130e+00   8.831080e+03   8.701522e+02
  4.653780e+00   8.733516e+03   8.822183e+02
  4.656420e+00   8.280391e+03   8.632904e+02
  4.659060e+00   8.739543e+03   8.739543e+02
  4.661710e+00   8.272702e+03   8.672148e+02
  4.664350e+00   1.044420e+04   9.868846e+02
  4.666990e+00   8.214226e+03   8.962455e+02
  4.669640e+00   8.545429e+03   8.813937e+02
  4.672280e+00   8.854997e+03   9.182204e+02
  4.674920e+00   8.892115e+03   9.533348e+02
  4.677570e+00   9.045427e+03   9.642458e+02
  4.680210e+00   8.106284e+03   8.951894e+02
  4.682850e+00   8.074449e+03   9.084465e+02
  4.685500e+00   9.896761e+03   1.026246e+03
  4.688140e+00   8.324013e+03   9.611742e+02
  4.690780e+00   1.117376e+04   1.090448e+03
  4.693430e+00   7.083768e+03   8.786333e+02
  4.696070e+00   8.027816e+03   9.527265e+02
  4.698710e+00   9.867739e+03   1.076659e+03
  4.701360e+00   9.813993e+03   1.077226e+03
  4.704000e+00   8.253952e+03   9.660520e+02
  4.706640e+00   8.860826e+03   1.044258e+03
  4.709290e+00   7.441628e+03   9.771336e+02
  4.711930e+00   9.045427e+03   1.088941e+03
  4.714570e+00   9.713210e+03   1.085970e+03
  4.717220e+00   1.074964e+04   1.187099e+03
  4.719860e+00   9.114476e+03   1.121914e+03
  4.722510e+00   8.040380e+03   1.074441e+03
  4.725150e+00   1.009417e+04   1.150338e+03
  4.727790e+00   8.040380e+03   1.074441e+03
  4.730440e+00   1.031627e+04   1.241933e+03
  4.733080e+00   9.357338e+03   1.208027e+03
  4.735720e+00   9.117790e+03   1.148734e+03
  4.738370e+00   9.505364e+03   1.207182e+03
  4.741010e+00   7.634672e+03   1.125671e+03
  4.743650e+00   8.192085e+03   1.182426e+03
  4.746300e+00   7.302730e+03   1.100928e+03
  4.748940e+00   9.648456e+03   1.289329e+03
  4.751580e+00   1.033763e+04   1.381424e+03
  4.754230e+00   9.140642e+03   1.319338e+03
  4.756870e+00   8.848787e+03   1.319099e+03
  4.759510e+00   1.025770e+04   1.383148e+03
  4.762160e+00   8.513343e+03   1.346078e+03
  4.764800e+00   6.476972e+03   1.202744e+03
  4.767440e+00   1.043703e+04   1.555861e+03
  4.770090e+00   7.152198e+03   1.226592e+03
  4.772730e+00   8.201187e+03   1.406492e+03
  4.775370e+00   1.030174e+04   1.608861e+03
  4.778020e+00   9.963079e+03   1.616225e+03
  4.780660e+00   5.712901e+03   1.166141e+03
  4.783300e+00   9.438706e+03   1.573118e+03
  4.785950e+00   8.197418e+03   1.522222e+03
  4.788590e+00   6.132493e+03   1.371267e+03
  4.791230e+00   7.934585e+03   1.586917e+03
  4.793880e+00   9.741229e+03   1.840919e+03
  4.796520e+00   1.045249e+04   2.049903e+03
  4.799160e+00   5.236826e+03   1.578963e+03
  4.801810e+00   7.981259e+03   2.060752e+03
  4.804450e+00   1.283867e+04   2.737214e+03
  4.807090e+00   1.179838e+04   3.046329e+03
  4.809740e+00   1.085451e+04   3.618171e+03
  4.812380e+00   8.349625e+03   3.408720e+03
creator: radaver
creator-version: 6572
working-directory: /dataInt/p12/vives/2015-10-17/NEW
header-file: images/header/img_0008_00009.txt
image-file: images/pilatus2m/img_0008_00009.tiff
angular-axis-file: etc/radial-averaging/saxs-2/saxis-saxs2-20150921.dat
beamstop-mask-file: etc/radial-averaging/saxs-2/mask-saxs2-20151008.msk
detector-response-file: none
beam-center-x: 656.1000
beam-center-y: 1645.9000
unit-time: 100.0000
channel-first: 8
channel-last: 1819
angular-unit: nanometer
Run Number: 8
Frame Number: 9
Buffer: NAPI
Code: NAPI
Concentration [mg/ml]: 0
Plate Row: 2
Plate Column: 1
Well Row: 1
Well Column: 9
Load Volume: 20
Load Viscosity: low
Exposure time [s]: 0.035
Exposure period [s]: 0.04
Detector Position: saxs-2
Detector Distance [m]: 3
Timestamp (begin): 2015-10-17 03:31:53.792
Timestamp (end): 2015-10-17 03:31:53.827
PETRA Current: 94.2678
Transmitted Beam: 0.157933
Wavelength [nm]: 0.123987
Flytube Vacuum [mbar]: 0.000275647
Crystal Temperature 1 [C]: -181.4
Crystal Temperature 2 [C]: -156.3
Cell Target Temperature [C]: 20
Cell Temperature [C]: 20.2
Storage Temperature [C]: 20.2
