
Sample:   c= 3.0000 mg/ml  Code: ADR_NAPI
  2.520060e-02   5.139991e+07   2.892295e+05
  2.784400e-02   7.698603e+06   6.187460e+04
  3.048740e-02   3.163952e+06   3.716899e+04
  3.313080e-02   1.492008e+06   2.383935e+04
  3.577420e-02   6.879229e+05   1.510187e+04
  3.841750e-02   4.995831e+05   1.299043e+04
  4.106090e-02   3.478214e+05   9.941812e+03
  4.370430e-02   2.867209e+05   8.955655e+03
  4.634770e-02   2.370881e+05   7.573501e+03
  4.899110e-02   2.036963e+05   6.668718e+03
  5.163450e-02   1.731970e+05   6.004524e+03
  5.427790e-02   1.674523e+05   5.502825e+03
  5.692130e-02   1.519854e+05   5.323815e+03
  5.956470e-02   1.433879e+05   4.898037e+03
  6.220810e-02   1.327774e+05   4.450709e+03
  6.485140e-02   1.311285e+05   4.537888e+03
  6.749480e-02   1.214915e+05   4.074694e+03
  7.013820e-02   1.103298e+05   3.912995e+03
  7.278160e-02   1.140650e+05   3.819177e+03
  7.542500e-02   1.054535e+05   3.595934e+03
  7.806840e-02   1.058535e+05   3.566293e+03
  8.071180e-02   9.617174e+04   3.240108e+03
  8.335520e-02   9.307113e+04   3.217009e+03
  8.599860e-02   8.555763e+04   2.984165e+03
  8.864200e-02   9.371222e+04   3.218091e+03
  9.128530e-02   8.628817e+04   3.097565e+03
  9.392870e-02   8.160497e+04   2.993796e+03
  9.657210e-02   8.223993e+04   3.033466e+03
  9.921550e-02   7.851248e+04   2.909866e+03
  1.018590e-01   8.023004e+04   2.977616e+03
  1.045020e-01   7.566959e+04   2.806430e+03
  1.071460e-01   7.603327e+04   2.829665e+03
  1.097890e-01   7.874934e+04   2.940948e+03
  1.124320e-01   8.318266e+04   2.868368e+03
  1.150760e-01   7.393661e+04   2.734644e+03
  1.177190e-01   8.026968e+04   2.794631e+03
  1.203630e-01   7.737552e+04   2.797518e+03
  1.230060e-01   7.422526e+04   2.732270e+03
  1.256490e-01   7.047361e+04   2.583688e+03
  1.282930e-01   7.310997e+04   2.617757e+03
  1.309360e-01   6.848881e+04   2.507553e+03
  1.335800e-01   7.142282e+04   2.587376e+03
  1.362230e-01   6.871428e+04   2.455648e+03
  1.388660e-01   7.269529e+04   2.563765e+03
  1.415100e-01   6.631888e+04   2.418401e+03
  1.441530e-01   6.992929e+04   2.424362e+03
  1.467970e-01   7.039360e+04   2.473379e+03
  1.494400e-01   6.932137e+04   2.380506e+03
  1.520830e-01   7.018812e+04   2.423163e+03
  1.547270e-01   6.668297e+04   2.340113e+03
  1.573700e-01   6.406391e+04   2.267838e+03
  1.600130e-01   6.674204e+04   2.289233e+03
  1.626570e-01   6.734414e+04   2.265028e+03
  1.653000e-01   6.831244e+04   2.316009e+03
  1.679440e-01   6.411967e+04   2.191565e+03
  1.705870e-01   6.390538e+04   2.197112e+03
  1.732300e-01   6.660051e+04   2.215100e+03
  1.758740e-01   6.306089e+04   2.146618e+03
  1.785170e-01   6.064952e+04   2.105176e+03
  1.811610e-01   6.011641e+04   2.046387e+03
  1.838040e-01   6.284020e+04   2.134165e+03
  1.864470e-01   6.126036e+04   2.069796e+03
  1.890910e-01   6.099127e+04   2.037575e+03
  1.917340e-01   6.372218e+04   2.090657e+03
  1.943780e-01   6.279063e+04   2.032922e+03
  1.970210e-01   6.015538e+04   2.031303e+03
  1.996640e-01   5.980785e+04   1.991383e+03
  2.023080e-01   6.140845e+04   2.010422e+03
  2.049510e-01   6.035001e+04   1.953904e+03
  2.075950e-01   6.361917e+04   1.985193e+03
  2.102380e-01   5.918152e+04   1.952218e+03
  2.128810e-01   6.347275e+04   1.956019e+03
  2.155250e-01   5.888511e+04   1.916547e+03
  2.181680e-01   5.813721e+04   1.891204e+03
  2.208110e-01   5.872769e+04   1.884661e+03
  2.234550e-01   6.176694e+04   1.949347e+03
  2.260980e-01   5.930948e+04   1.850712e+03
  2.287420e-01   6.090384e+04   1.887641e+03
  2.313850e-01   5.657671e+04   1.801770e+03
  2.340280e-01   5.615934e+04   1.789385e+03
  2.366720e-01   5.653747e+04   1.806945e+03
  2.393150e-01   5.675614e+04   1.773629e+03
  2.419590e-01   5.760449e+04   1.803666e+03
  2.446020e-01   5.835914e+04   1.776635e+03
  2.472450e-01   5.865014e+04   1.794665e+03
  2.498890e-01   5.710208e+04   1.768112e+03
  2.525320e-01   5.834132e+04   1.752695e+03
  2.551760e-01   5.865014e+04   1.794665e+03
  2.578190e-01   5.635241e+04   1.692944e+03
  2.604620e-01   5.671742e+04   1.715562e+03
  2.631060e-01   5.701522e+04   1.730119e+03
  2.657490e-01   5.314506e+04   1.648751e+03
  2.683920e-01   5.541026e+04   1.690784e+03
  2.710360e-01   5.129775e+04   1.588386e+03
  2.736790e-01   5.451232e+04   1.655694e+03
  2.763230e-01   5.434709e+04   1.634915e+03
  2.789660e-01   5.478089e+04   1.634704e+03
  2.816090e-01   5.307183e+04   1.611199e+03
  2.842530e-01   5.145792e+04   1.569452e+03
  2.868960e-01   5.087842e+04   1.575402e+03
  2.895400e-01   5.063071e+04   1.536382e+03
  2.921830e-01   5.136444e+04   1.551520e+03
  2.948260e-01   5.018358e+04   1.535593e+03
  2.974700e-01   5.236963e+04   1.554467e+03
  3.001130e-01   5.056773e+04   1.539440e+03
  3.027570e-01   5.263624e+04   1.532950e+03
  3.054000e-01   4.928901e+04   1.498430e+03
  3.080430e-01   5.056147e+04   1.496845e+03
  3.106870e-01   5.081437e+04   1.515666e+03
  3.133300e-01   5.070925e+04   1.495334e+03
  3.159740e-01   4.856232e+04   1.437032e+03
  3.186170e-01   4.938640e+04   1.475701e+03
  3.212600e-01   4.991407e+04   1.458628e+03
  3.239040e-01   5.025661e+04   1.472415e+03
  3.265470e-01   4.905993e+04   1.453030e+03
  3.291900e-01   4.787801e+04   1.406960e+03
  3.318340e-01   4.758315e+04   1.427566e+03
  3.344770e-01   4.824661e+04   1.407498e+03
  3.371210e-01   4.635561e+04   1.387619e+03
  3.397640e-01   4.491918e+04   1.351908e+03
  3.424070e-01   4.613817e+04   1.359359e+03
  3.450510e-01   4.804339e+04   1.409388e+03
  3.476940e-01   4.684311e+04   1.351681e+03
  3.503380e-01   4.596606e+04   1.361397e+03
  3.529810e-01   4.666603e+04   1.362548e+03
  3.556240e-01   4.578168e+04   1.343618e+03
  3.582680e-01   4.567702e+04   1.337668e+03
  3.609110e-01   4.578927e+04   1.323478e+03
  3.635550e-01   4.881460e+04   1.376836e+03
  3.661980e-01   4.571751e+04   1.312660e+03
  3.688410e-01   4.643957e+04   1.332843e+03
  3.714850e-01   4.323640e+04   1.273865e+03
  3.741280e-01   4.697099e+04   1.322209e+03
  3.767710e-01   4.541878e+04   1.311127e+03
  3.794150e-01   4.382286e+04   1.266641e+03
  3.820580e-01   4.388177e+04   1.277989e+03
  3.847020e-01   4.365778e+04   1.254037e+03
  3.873450e-01   4.210216e+04   1.241525e+03
  3.899880e-01   4.232835e+04   1.238540e+03
  3.926320e-01   4.678680e+04   1.285332e+03
  3.952750e-01   4.165235e+04   1.226130e+03
  3.979190e-01   4.135389e+04   1.201316e+03
  4.005620e-01   4.315161e+04   1.240522e+03
  4.032050e-01   4.127920e+04   1.192125e+03
  4.058490e-01   4.185331e+04   1.202701e+03
  4.084920e-01   4.266897e+04   1.228679e+03
  4.111360e-01   3.984434e+04   1.167858e+03
  4.137790e-01   4.151873e+04   1.199042e+03
  4.164220e-01   4.000953e+04   1.164723e+03
  4.190660e-01   3.812709e+04   1.132710e+03
  4.217090e-01   3.997563e+04   1.164229e+03
  4.243530e-01   4.130593e+04   1.173483e+03
  4.269960e-01   4.083562e+04   1.229008e+03
  4.296390e-01   3.902317e+04   1.201424e+03
  4.322830e-01   3.802781e+04   1.239671e+03
  4.349260e-01   4.085350e+04   1.316486e+03
  4.375690e-01   3.784881e+04   1.243789e+03
  4.402130e-01   4.087681e+04   1.331132e+03
  4.428560e-01   3.640619e+04   1.250194e+03
  4.455000e-01   3.657759e+04   1.289191e+03
  4.481430e-01   3.888710e+04   1.327584e+03
  4.507860e-01   3.924969e+04   1.333759e+03
  4.534300e-01   3.929949e+04   1.371562e+03
  4.560730e-01   3.848130e+04   1.332498e+03
  4.587170e-01   3.506689e+04   1.272010e+03
  4.613600e-01   3.818915e+04   1.310648e+03
  4.640030e-01   3.562833e+04   1.254954e+03
  4.666470e-01   3.575912e+04   1.282851e+03
  4.692900e-01   3.779913e+04   1.280040e+03
  4.719340e-01   3.470344e+04   1.262152e+03
  4.745770e-01   3.775011e+04   1.291782e+03
  4.772200e-01   3.511124e+04   1.274457e+03
  4.798640e-01   3.926158e+04   1.319019e+03
  4.825070e-01   3.612771e+04   1.206942e+03
  4.851500e-01   3.445323e+04   1.188042e+03
  4.877940e-01   3.458103e+04   1.150148e+03
  4.904370e-01   3.400313e+04   1.154142e+03
  4.930810e-01   3.306230e+04   1.107008e+03
  4.957240e-01   3.471794e+04   1.121686e+03
  4.983670e-01   3.454492e+04   1.131556e+03
  5.010110e-01   3.447770e+04   1.112184e+03
  5.036540e-01   3.332964e+04   1.093510e+03
  5.062980e-01   3.314908e+04   1.069325e+03
  5.089410e-01   3.258476e+04   1.062233e+03
  5.115840e-01   3.225249e+04   1.059883e+03
  5.142280e-01   3.242091e+04   1.047472e+03
  5.168710e-01   3.274105e+04   1.061701e+03
  5.195150e-01   3.312629e+04   1.040289e+03
  5.221580e-01   3.454065e+04   1.072091e+03
  5.248010e-01   3.151117e+04   1.020212e+03
  5.274450e-01   3.293944e+04   1.029861e+03
  5.300880e-01   3.269165e+04   1.029690e+03
  5.327320e-01   3.138475e+04   9.954639e+02
  5.353750e-01   3.193871e+04   1.018687e+03
  5.380180e-01   3.114430e+04   9.804670e+02
  5.406620e-01   3.100201e+04   9.833241e+02
  5.433050e-01   3.222463e+04   1.010479e+03
  5.459480e-01   3.110377e+04   9.840798e+02
  5.485920e-01   3.116604e+04   9.850643e+02
  5.512350e-01   2.979777e+04   9.437048e+02
  5.538790e-01   3.108920e+04   9.663608e+02
  5.565220e-01   3.124591e+04   9.745332e+02
  5.591650e-01   2.976823e+04   9.408837e+02
  5.618090e-01   2.891954e+04   9.304709e+02
  5.644520e-01   3.011020e+04   9.377439e+02
  5.670960e-01   2.916578e+04   9.297710e+02
  5.697390e-01   2.921862e+04   9.207569e+02
  5.723820e-01   2.906261e+04   9.190406e+02
  5.750260e-01   2.918522e+04   9.165243e+02
  5.776690e-01   2.847744e+04   9.046158e+02
  5.803130e-01   2.753572e+04   8.938473e+02
  5.829560e-01   3.077695e+04   9.221105e+02
  5.855990e-01   2.871811e+04   9.040872e+02
  5.882430e-01   2.826869e+04   8.899388e+02
  5.908860e-01   2.889143e+04   9.010990e+02
  5.935290e-01   2.889199e+04   8.920512e+02
  5.961730e-01   2.866608e+04   8.871929e+02
  5.988160e-01   2.730484e+04   8.638868e+02
  6.014600e-01   2.854072e+04   8.812056e+02
  6.041030e-01   2.877872e+04   8.802025e+02
  6.067460e-01   2.849358e+04   8.751734e+02
  6.093900e-01   2.764835e+04   8.556949e+02
  6.120330e-01   2.635879e+04   8.398610e+02
  6.146770e-01   2.681477e+04   8.359231e+02
  6.173200e-01   2.770513e+04   8.453919e+02
  6.199630e-01   2.643247e+04   8.216135e+02
  6.226070e-01   2.791763e+04   8.510840e+02
  6.252500e-01   2.753451e+04   8.409690e+02
  6.278940e-01   2.512420e+04   7.964907e+02
  6.305370e-01   2.699273e+04   8.255778e+02
  6.331800e-01   2.515835e+04   7.920207e+02
  6.358240e-01   2.636147e+04   8.158671e+02
  6.384670e-01   2.550061e+04   7.957293e+02
  6.411110e-01   2.513819e+04   7.906030e+02
  6.437540e-01   2.518792e+04   7.913846e+02
  6.463970e-01   2.515299e+04   7.902870e+02
  6.490410e-01   2.537430e+04   7.910182e+02
  6.516840e-01   2.570878e+04   7.956668e+02
  6.543270e-01   2.455771e+04   7.765830e+02
  6.569710e-01   2.495888e+04   7.888746e+02
  6.596140e-01   2.448547e+04   7.712198e+02
  6.622580e-01   2.480329e+04   7.804562e+02
  6.649010e-01   2.477161e+04   7.699880e+02
  6.675440e-01   2.548512e+04   7.857399e+02
  6.701880e-01   2.405889e+04   7.697120e+02
  6.728310e-01   2.374346e+04   7.508342e+02
  6.754750e-01   2.546466e+04   7.843637e+02
  6.781180e-01   2.269240e+04   7.335410e+02
  6.807610e-01   2.384632e+04   7.529582e+02
  6.834050e-01   2.386224e+04   7.497328e+02
  6.860480e-01   2.369254e+04   7.407535e+02
  6.886920e-01   2.340922e+04   7.470182e+02
  6.913350e-01   2.307646e+04   7.268401e+02
  6.939780e-01   2.388580e+04   7.501028e+02
  6.966220e-01   2.228029e+04   7.164858e+02
  6.992650e-01   2.318679e+04   7.267194e+02
  7.019080e-01   2.209554e+04   7.214450e+02
  7.045520e-01   2.318383e+04   7.202865e+02
  7.071950e-01   2.211093e+04   7.092083e+02
  7.098390e-01   2.370199e+04   7.370970e+02
  7.124820e-01   2.227776e+04   7.051902e+02
  7.151250e-01   2.145103e+04   7.007747e+02
  7.177690e-01   2.209300e+04   6.962095e+02
  7.204120e-01   2.309432e+04   7.188947e+02
  7.230560e-01   2.185882e+04   6.950700e+02
  7.256990e-01   2.168794e+04   6.949264e+02
  7.283420e-01   2.281312e+04   7.087690e+02
  7.309860e-01   2.098847e+04   6.777529e+02
  7.336290e-01   2.099684e+04   6.812275e+02
  7.362730e-01   2.178689e+04   6.875880e+02
  7.389160e-01   2.248129e+04   6.984597e+02
  7.415590e-01   2.199021e+04   6.933148e+02
  7.442030e-01   2.071249e+04   6.640118e+02
  7.468460e-01   1.979968e+04   6.570753e+02
  7.494900e-01   2.152095e+04   6.728584e+02
  7.521330e-01   2.037778e+04   6.594094e+02
  7.547760e-01   1.995039e+04   6.489862e+02
  7.574200e-01   2.140200e+04   6.757778e+02
  7.600630e-01   2.113439e+04   6.703421e+02
  7.627060e-01   2.028958e+04   6.461519e+02
  7.653500e-01   2.070380e+04   6.603486e+02
  7.679930e-01   2.000264e+04   6.449110e+02
  7.706370e-01   2.059216e+04   6.577924e+02
  7.732800e-01   2.032517e+04   6.459762e+02
  7.759230e-01   2.052196e+04   6.505897e+02
  7.785670e-01   2.067913e+04   6.545863e+02
  7.812100e-01   2.118539e+04   6.572471e+02
  7.838540e-01   1.999668e+04   6.407349e+02
  7.864970e-01   2.005490e+04   6.351451e+02
  7.891400e-01   1.946980e+04   6.254601e+02
  7.917840e-01   1.902659e+04   6.235713e+02
  7.944270e-01   1.940111e+04   6.226113e+02
  7.970710e-01   1.953374e+04   6.271905e+02
  7.997140e-01   1.887188e+04   6.109997e+02
  8.023570e-01   1.988500e+04   6.342331e+02
  8.050010e-01   1.833825e+04   6.026324e+02
  8.076440e-01   1.931748e+04   6.161320e+02
  8.102870e-01   1.950490e+04   6.211626e+02
  8.129310e-01   1.913656e+04   6.122326e+02
  8.155740e-01   1.911564e+04   6.115635e+02
  8.182180e-01   1.796063e+04   5.895867e+02
  8.208610e-01   1.763191e+04   5.838507e+02
  8.235040e-01   1.819351e+04   5.940392e+02
  8.261480e-01   1.898993e+04   6.072310e+02
  8.287910e-01   1.872855e+04   5.997936e+02
  8.314350e-01   1.797827e+04   5.832921e+02
  8.340780e-01   1.990243e+04   6.186370e+02
  8.367210e-01   1.897366e+04   6.024145e+02
  8.393650e-01   1.816751e+04   5.863540e+02
  8.420080e-01   1.797875e+04   5.851585e+02
  8.446520e-01   1.877001e+04   5.885782e+02
  8.472950e-01   1.755866e+04   5.792067e+02
  8.499380e-01   1.758455e+04   5.735449e+02
  8.525820e-01   1.666600e+04   5.546098e+02
  8.552250e-01   1.762197e+04   5.741547e+02
  8.578690e-01   1.825837e+04   5.847360e+02
  8.605120e-01   1.766466e+04   5.917885e+02
  8.631550e-01   1.837215e+04   5.995523e+02
  8.657990e-01   1.816203e+04   6.020654e+02
  8.684420e-01   1.804369e+04   6.031342e+02
  8.710850e-01   1.806118e+04   5.983935e+02
  8.737290e-01   1.704521e+04   5.898737e+02
  8.763720e-01   1.725336e+04   5.826045e+02
  8.790160e-01   1.826710e+04   6.082280e+02
  8.816590e-01   1.755194e+04   6.016729e+02
  8.843020e-01   1.726319e+04   5.873058e+02
  8.869460e-01   1.735701e+04   5.922134e+02
  8.895890e-01   1.906849e+04   5.988216e+02
  8.922330e-01   1.750048e+04   5.788645e+02
  8.948760e-01   1.723122e+04   5.668657e+02
  8.975190e-01   1.627173e+04   5.460436e+02
  9.001630e-01   1.644495e+04   5.543592e+02
  9.028060e-01   1.690192e+04   5.545340e+02
  9.054500e-01   1.736679e+04   5.664421e+02
  9.080930e-01   1.774080e+04   5.646959e+02
  9.107360e-01   1.714916e+04   5.546433e+02
  9.133800e-01   1.766629e+04   5.666466e+02
  9.160230e-01   1.650617e+04   5.436018e+02
  9.186660e-01   1.741968e+04   5.581627e+02
  9.213100e-01   1.693818e+04   5.449771e+02
  9.239530e-01   1.654604e+04   5.434434e+02
  9.265970e-01   1.697350e+04   5.506929e+02
  9.292400e-01   1.632395e+04   5.321456e+02
  9.318830e-01   1.584643e+04   5.299840e+02
  9.345270e-01   1.650285e+04   5.340198e+02
  9.371700e-01   1.675610e+04   5.436397e+02
  9.398140e-01   1.633459e+04   5.305228e+02
  9.424570e-01   1.562221e+04   5.156096e+02
  9.451000e-01   1.644820e+04   5.336502e+02
  9.477440e-01   1.612936e+04   5.244108e+02
  9.503870e-01   1.640343e+04   5.347364e+02
  9.530310e-01   1.623876e+04   5.197901e+02
  9.556740e-01   1.677619e+04   5.350775e+02
  9.583170e-01   1.726319e+04   5.389487e+02
  9.609610e-01   1.690149e+04   5.310316e+02
  9.636040e-01   1.553361e+04   5.126855e+02
  9.662480e-01   1.518361e+04   4.986951e+02
  9.688910e-01   1.585228e+04   5.140453e+02
  9.715340e-01   1.606429e+04   5.157931e+02
  9.741780e-01   1.607347e+04   5.100760e+02
  9.768210e-01   1.713695e+04   5.283547e+02
  9.794640e-01   1.599296e+04   5.044823e+02
  9.821080e-01   1.550041e+04   5.015816e+02
  9.847510e-01   1.634511e+04   5.176549e+02
  9.873950e-01   1.485711e+04   4.999817e+02
  9.900380e-01   1.486350e+04   5.095142e+02
  9.926810e-01   1.493040e+04   5.094185e+02
  9.953250e-01   1.646317e+04   5.442555e+02
  9.979680e-01   1.586778e+04   5.321883e+02
  1.000610e+00   1.634821e+04   5.467660e+02
  1.003250e+00   1.545546e+04   5.332639e+02
  1.005900e+00   1.523386e+04   5.313420e+02
  1.008540e+00   1.443033e+04   5.190229e+02
  1.011190e+00   1.579309e+04   5.429777e+02
  1.013830e+00   1.561673e+04   5.477025e+02
  1.016470e+00   1.543194e+04   5.415549e+02
  1.019120e+00   1.440658e+04   5.260537e+02
  1.021760e+00   1.498284e+04   5.364717e+02
  1.024400e+00   1.511131e+04   5.393458e+02
  1.027050e+00   1.512425e+04   5.439814e+02
  1.029690e+00   1.390922e+04   5.180063e+02
  1.032330e+00   1.509665e+04   5.461776e+02
  1.034980e+00   1.502396e+04   5.442608e+02
  1.037620e+00   1.408598e+04   5.264177e+02
  1.040260e+00   1.469232e+04   5.379240e+02
  1.042910e+00   1.515533e+04   5.251009e+02
  1.045550e+00   1.446691e+04   5.183309e+02
  1.048190e+00   1.470826e+04   5.152079e+02
  1.050840e+00   1.429002e+04   5.042840e+02
  1.053480e+00   1.481592e+04   5.111978e+02
  1.056120e+00   1.463656e+04   5.029182e+02
  1.058770e+00   1.320882e+04   4.800826e+02
  1.061410e+00   1.437709e+04   4.972420e+02
  1.064050e+00   1.346955e+04   4.792252e+02
  1.066700e+00   1.461538e+04   4.963642e+02
  1.069340e+00   1.458976e+04   4.940716e+02
  1.071980e+00   1.419333e+04   4.903006e+02
  1.074630e+00   1.440061e+04   4.854443e+02
  1.077270e+00   1.440207e+04   4.899683e+02
  1.079910e+00   1.447616e+04   4.871617e+02
  1.082560e+00   1.377615e+04   4.703100e+02
  1.085200e+00   1.461799e+04   4.875374e+02
  1.087840e+00   1.430939e+04   4.759233e+02
  1.090490e+00   1.455389e+04   4.840551e+02
  1.093130e+00   1.407764e+04   4.726810e+02
  1.095770e+00   1.316132e+04   4.568362e+02
  1.098420e+00   1.397505e+04   4.695009e+02
  1.101060e+00   1.439717e+04   4.746607e+02
  1.103700e+00   1.410697e+04   4.723364e+02
  1.106350e+00   1.445617e+04   4.748029e+02
  1.108990e+00   1.388143e+04   4.624573e+02
  1.111630e+00   1.423300e+04   4.674732e+02
  1.114280e+00   1.421179e+04   4.665249e+02
  1.116920e+00   1.386863e+04   4.656630e+02
  1.119560e+00   1.359269e+04   4.525872e+02
  1.122210e+00   1.386302e+04   4.605679e+02
  1.124850e+00   1.411520e+04   4.633540e+02
  1.127490e+00   1.410552e+04   4.637866e+02
  1.130140e+00   1.301450e+04   4.458693e+02
  1.132780e+00   1.274446e+04   4.384227e+02
  1.135420e+00   1.369109e+04   4.546051e+02
  1.138070e+00   1.399574e+04   4.577096e+02
  1.140710e+00   1.373183e+04   4.547063e+02
  1.143350e+00   1.377236e+04   4.548035e+02
  1.146000e+00   1.358638e+04   4.489065e+02
  1.148640e+00   1.332529e+04   4.479249e+02
  1.151280e+00   1.296647e+04   4.370996e+02
  1.153930e+00   1.406736e+04   4.564055e+02
  1.156570e+00   1.323937e+04   4.413123e+02
  1.159220e+00   1.347081e+04   4.438782e+02
  1.161860e+00   1.376779e+04   4.517065e+02
  1.164500e+00   1.389862e+04   4.474123e+02
  1.167150e+00   1.326931e+04   4.410868e+02
  1.169790e+00   1.271799e+04   4.267877e+02
  1.172430e+00   1.315469e+04   4.370352e+02
  1.175080e+00   1.328536e+04   4.392005e+02
  1.177720e+00   1.430785e+04   4.508786e+02
  1.180360e+00   1.273168e+04   4.294290e+02
  1.183010e+00   1.316742e+04   4.327082e+02
  1.185650e+00   1.332987e+04   4.378102e+02
  1.188290e+00   1.242682e+04   4.198635e+02
  1.190940e+00   1.257828e+04   4.209161e+02
  1.193580e+00   1.274275e+04   4.261814e+02
  1.196220e+00   1.283554e+04   4.238669e+02
  1.198870e+00   1.279760e+04   4.242362e+02
  1.201510e+00   1.220947e+04   4.127554e+02
  1.204150e+00   1.305950e+04   4.275488e+02
  1.206800e+00   1.326533e+04   4.317496e+02
  1.209440e+00   1.307894e+04   4.245603e+02
  1.212080e+00   1.204203e+04   4.099153e+02
  1.214730e+00   1.311194e+04   4.260807e+02
  1.217370e+00   1.307630e+04   4.240281e+02
  1.220010e+00   1.232952e+04   4.119003e+02
  1.222660e+00   1.256415e+04   4.115525e+02
  1.225300e+00   1.339592e+04   4.296743e+02
  1.227940e+00   1.144725e+04   3.956749e+02
  1.230590e+00   1.261472e+04   4.140985e+02
  1.233230e+00   1.203466e+04   4.043122e+02
  1.235870e+00   1.217643e+04   4.040890e+02
  1.238520e+00   1.227061e+04   4.085665e+02
  1.241160e+00   1.252371e+04   4.108896e+02
  1.243800e+00   1.284835e+04   4.133890e+02
  1.246450e+00   1.307491e+04   4.187323e+02
  1.249090e+00   1.291619e+04   4.166514e+02
  1.251730e+00   1.267034e+04   4.128220e+02
  1.254380e+00   1.210979e+04   3.983829e+02
  1.257020e+00   1.255314e+04   4.092208e+02
  1.259660e+00   1.246481e+04   4.046249e+02
  1.262310e+00   1.166119e+04   3.930985e+02
  1.264950e+00   1.245223e+04   4.063632e+02
  1.267590e+00   1.259139e+04   4.038690e+02
  1.270240e+00   1.207474e+04   3.976604e+02
  1.272880e+00   1.187854e+04   3.935537e+02
  1.275520e+00   1.250297e+04   4.047985e+02
  1.278170e+00   1.215002e+04   3.958689e+02
  1.280810e+00   1.255657e+04   4.046299e+02
  1.283450e+00   1.195237e+04   3.940579e+02
  1.286100e+00   1.212381e+04   3.950151e+02
  1.288740e+00   1.188338e+04   3.917834e+02
  1.291380e+00   1.234835e+04   3.952609e+02
  1.294030e+00   1.125378e+04   3.815390e+02
  1.296670e+00   1.242876e+04   4.000960e+02
  1.299310e+00   1.192240e+04   3.882469e+02
  1.301960e+00   1.180000e+04   3.865218e+02
  1.304600e+00   1.205247e+04   3.893976e+02
  1.307240e+00   1.204192e+04   3.929731e+02
  1.309890e+00   1.274102e+04   3.995247e+02
  1.312530e+00   1.225376e+04   3.926359e+02
  1.315180e+00   1.176847e+04   3.834376e+02
  1.317820e+00   1.210910e+04   3.880006e+02
  1.320460e+00   1.263564e+04   3.975909e+02
  1.323110e+00   1.157683e+04   3.759981e+02
  1.325750e+00   1.222373e+04   3.888887e+02
  1.328390e+00   1.162441e+04   3.775432e+02
  1.331040e+00   1.186992e+04   3.807278e+02
  1.333680e+00   1.217375e+04   3.876911e+02
  1.336320e+00   1.264777e+04   3.908774e+02
  1.338970e+00   1.195148e+04   3.837387e+02
  1.341610e+00   1.176350e+04   3.796652e+02
  1.344250e+00   1.166142e+04   3.752000e+02
  1.346900e+00   1.165127e+04   3.764353e+02
  1.349540e+00   1.219814e+04   3.819387e+02
  1.352180e+00   1.130689e+04   3.719693e+02
  1.354830e+00   1.211162e+04   3.818593e+02
  1.357470e+00   1.131007e+04   3.698788e+02
  1.360110e+00   1.122847e+04   3.687914e+02
  1.362760e+00   1.185014e+04   3.791197e+02
  1.365400e+00   1.203667e+04   3.831315e+02
  1.368040e+00   1.130626e+04   3.662458e+02
  1.370690e+00   1.190286e+04   3.790641e+02
  1.373330e+00   1.197545e+04   3.809898e+02
  1.375970e+00   1.203897e+04   3.799465e+02
  1.378620e+00   1.167769e+04   3.753351e+02
  1.381260e+00   1.172192e+04   3.725471e+02
  1.383900e+00   1.142641e+04   3.705266e+02
  1.386550e+00   1.169269e+04   3.733189e+02
  1.389190e+00   1.195882e+04   3.770417e+02
  1.391830e+00   1.079838e+04   3.575700e+02
  1.394480e+00   1.144532e+04   3.682472e+02
  1.397120e+00   1.167975e+04   3.738597e+02
  1.399760e+00   1.127155e+04   3.643576e+02
  1.402410e+00   1.067381e+04   3.530582e+02
  1.405050e+00   1.121578e+04   3.646565e+02
  1.407690e+00   1.107133e+04   3.611069e+02
  1.410340e+00   1.135285e+04   3.660306e+02
  1.412980e+00   1.162097e+04   3.676711e+02
  1.415620e+00   1.130566e+04   3.630029e+02
  1.418270e+00   1.125540e+04   3.642162e+02
  1.420910e+00   1.156548e+04   3.673896e+02
  1.423550e+00   1.120369e+04   3.615977e+02
  1.426200e+00   1.147065e+04   3.649299e+02
  1.428840e+00   1.138938e+04   3.636349e+02
  1.431480e+00   1.131665e+04   3.622372e+02
  1.434130e+00   1.097033e+04   3.542504e+02
  1.436770e+00   1.115147e+04   3.593512e+02
  1.439410e+00   1.117018e+04   3.607039e+02
  1.442060e+00   1.089371e+04   3.543724e+02
  1.444700e+00   1.170775e+04   3.678483e+02
  1.447340e+00   1.164007e+04   3.633976e+02
  1.449990e+00   1.115035e+04   3.578318e+02
  1.452630e+00   1.112303e+04   3.575079e+02
  1.455270e+00   1.150063e+04   3.625957e+02
  1.457920e+00   1.192372e+04   3.674495e+02
  1.460560e+00   1.102219e+04   3.531737e+02
  1.463200e+00   1.116763e+04   3.576504e+02
  1.465850e+00   1.116785e+04   3.558372e+02
  1.468490e+00   1.105546e+04   3.546041e+02
  1.471140e+00   1.091866e+04   3.498565e+02
  1.473780e+00   1.121621e+04   3.577414e+02
  1.476420e+00   1.057212e+04   3.455605e+02
  1.479070e+00   1.137618e+04   3.577839e+02
  1.481710e+00   1.149604e+04   3.582034e+02
  1.484350e+00   1.118353e+04   3.533010e+02
  1.487000e+00   1.081637e+04   3.501930e+02
  1.489640e+00   1.065524e+04   3.433603e+02
  1.492280e+00   1.115684e+04   3.538734e+02
  1.494930e+00   1.113790e+04   3.511595e+02
  1.497570e+00   1.134985e+04   3.562518e+02
  1.500210e+00   1.118353e+04   3.533010e+02
  1.502860e+00   1.120013e+04   3.513793e+02
  1.505500e+00   1.097218e+04   3.504935e+02
  1.508140e+00   1.079469e+04   3.457066e+02
  1.510790e+00   1.094658e+04   3.473793e+02
  1.513430e+00   1.098216e+04   3.481578e+02
  1.516070e+00   1.139852e+04   3.532832e+02
  1.518720e+00   1.105878e+04   3.502349e+02
  1.521360e+00   1.156731e+04   3.554548e+02
  1.524000e+00   1.072181e+04   3.428456e+02
  1.526650e+00   1.081637e+04   3.449885e+02
  1.529290e+00   1.078507e+04   3.425992e+02
  1.531930e+00   1.057930e+04   3.428770e+02
  1.534580e+00   1.105938e+04   3.457744e+02
  1.537220e+00   1.101279e+04   3.456722e+02
  1.539860e+00   1.106228e+04   3.473968e+02
  1.542510e+00   1.076986e+04   3.424615e+02
  1.545150e+00   1.055877e+04   3.409606e+02
  1.547790e+00   1.082717e+04   3.492635e+02
  1.550440e+00   1.079043e+04   3.544043e+02
  1.553080e+00   1.140313e+04   3.644457e+02
  1.555720e+00   1.074154e+04   3.562745e+02
  1.558370e+00   1.071759e+04   3.582496e+02
  1.561010e+00   1.077966e+04   3.583280e+02
  1.563650e+00   1.128935e+04   3.732145e+02
  1.566300e+00   1.137283e+04   3.701541e+02
  1.568940e+00   1.093362e+04   3.669082e+02
  1.571580e+00   1.064345e+04   3.612621e+02
  1.574230e+00   1.055018e+04   3.644499e+02
  1.576870e+00   1.072382e+04   3.684747e+02
  1.579510e+00   1.115487e+04   3.726581e+02
  1.582160e+00   1.102575e+04   3.740230e+02
  1.584800e+00   1.113714e+04   3.745825e+02
  1.587440e+00   1.050803e+04   3.692146e+02
  1.590090e+00   1.059461e+04   3.695295e+02
  1.592730e+00   1.027905e+04   3.613921e+02
  1.595370e+00   1.068103e+04   3.748308e+02
  1.598020e+00   1.091080e+04   3.769074e+02
  1.600660e+00   1.025790e+04   3.651909e+02
  1.603300e+00   1.090418e+04   3.665400e+02
  1.605950e+00   1.020557e+04   3.533899e+02
  1.608590e+00   1.070979e+04   3.616440e+02
  1.611230e+00   1.050932e+04   3.528684e+02
  1.613880e+00   1.066256e+04   3.572092e+02
  1.616520e+00   1.053848e+04   3.506985e+02
  1.619160e+00   1.072499e+04   3.561174e+02
  1.621810e+00   1.112703e+04   3.627307e+02
  1.624450e+00   1.051948e+04   3.470055e+02
  1.627100e+00   1.034138e+04   3.468388e+02
  1.629740e+00   1.082162e+04   3.518411e+02
  1.632380e+00   1.102323e+04   3.582070e+02
  1.635030e+00   1.086738e+04   3.525842e+02
  1.637670e+00   1.105614e+04   3.537172e+02
  1.640310e+00   1.090524e+04   3.545598e+02
  1.642960e+00   1.059563e+04   3.448583e+02
  1.645600e+00   1.049695e+04   3.447652e+02
  1.648240e+00   1.134985e+04   3.562518e+02
  1.650890e+00   1.037586e+04   3.411563e+02
  1.653530e+00   1.153621e+04   3.608591e+02
  1.656170e+00   1.031295e+04   3.392712e+02
  1.658820e+00   1.095110e+04   3.512567e+02
  1.661460e+00   1.103659e+04   3.498835e+02
  1.664100e+00   1.101957e+04   3.529088e+02
  1.666750e+00   1.064052e+04   3.455882e+02
  1.669390e+00   1.016567e+04   3.342452e+02
  1.672030e+00   1.022523e+04   3.387770e+02
  1.674680e+00   1.111383e+04   3.488435e+02
  1.677320e+00   1.069897e+04   3.462106e+02
  1.679960e+00   1.138555e+04   3.537319e+02
  1.682610e+00   1.036119e+04   3.365160e+02
  1.685250e+00   1.058384e+04   3.428442e+02
  1.687890e+00   1.049801e+04   3.393526e+02
  1.690540e+00   1.054385e+04   3.403011e+02
  1.693180e+00   1.083633e+04   3.416515e+02
  1.695820e+00   1.082684e+04   3.440997e+02
  1.698470e+00   9.815395e+03   3.297546e+02
  1.701110e+00   1.080383e+04   3.406268e+02
  1.703750e+00   1.077245e+04   3.448176e+02
  1.706400e+00   1.023156e+04   3.303944e+02
  1.709040e+00   1.064595e+04   3.400723e+02
  1.711680e+00   1.059606e+04   3.391717e+02
  1.714330e+00   1.047434e+04   3.345905e+02
  1.716970e+00   1.028261e+04   3.336120e+02
  1.719610e+00   1.093806e+04   3.436652e+02
  1.722260e+00   1.099791e+04   3.441892e+02
  1.724900e+00   1.011607e+04   3.280360e+02
  1.727540e+00   1.077351e+04   3.388299e+02
  1.730190e+00   1.047719e+04   3.355388e+02
  1.732830e+00   1.055793e+04   3.357225e+02
  1.735470e+00   1.077579e+04   3.395738e+02
  1.738120e+00   1.062700e+04   3.357197e+02
  1.740760e+00   1.090739e+04   3.405234e+02
  1.743400e+00   1.014656e+04   3.283350e+02
  1.746050e+00   1.081790e+04   3.387217e+02
  1.748690e+00   1.089170e+04   3.393728e+02
  1.751330e+00   1.056115e+04   3.328102e+02
  1.753980e+00   1.102024e+04   3.423822e+02
  1.756620e+00   1.047112e+04   3.312915e+02
  1.759260e+00   1.062801e+04   3.342538e+02
  1.761910e+00   1.063457e+04   3.339649e+02
  1.764550e+00   1.032315e+04   3.294250e+02
  1.767190e+00   1.074366e+04   3.370585e+02
  1.769840e+00   1.086572e+04   3.353235e+02
  1.772480e+00   1.036740e+04   3.291652e+02
  1.775120e+00   1.050243e+04   3.290051e+02
  1.777770e+00   1.058397e+04   3.312348e+02
  1.780410e+00   1.035090e+04   3.288073e+02
  1.783060e+00   1.090122e+04   3.340415e+02
  1.785700e+00   1.015277e+04   3.249821e+02
  1.788340e+00   9.499112e+03   3.133468e+02
  1.790990e+00   1.115074e+04   3.377463e+02
  1.793630e+00   1.032043e+04   3.271795e+02
  1.796270e+00   1.020538e+04   3.219186e+02
  1.798920e+00   1.023302e+04   3.265487e+02
  1.801560e+00   1.043464e+04   3.267213e+02
  1.804200e+00   1.010151e+04   3.213718e+02
  1.806850e+00   1.067999e+04   3.310132e+02
  1.809490e+00   1.028989e+04   3.242620e+02
  1.812130e+00   1.054766e+04   3.333796e+02
  1.814780e+00   1.006002e+04   3.198902e+02
  1.817420e+00   1.037770e+04   3.275174e+02
  1.820060e+00   1.073325e+04   3.334660e+02
  1.822710e+00   1.072499e+04   3.330487e+02
  1.825350e+00   1.030154e+04   3.277356e+02
  1.827990e+00   1.069838e+04   3.315833e+02
  1.830640e+00   1.070160e+04   3.354089e+02
  1.833280e+00   1.100509e+04   3.365927e+02
  1.835920e+00   1.006629e+04   3.238775e+02
  1.838570e+00   1.005786e+04   3.232718e+02
  1.841210e+00   1.092621e+04   3.348072e+02
  1.843850e+00   1.091053e+04   3.394657e+02
  1.846500e+00   1.075598e+04   3.330488e+02
  1.849140e+00   1.010797e+04   3.245474e+02
  1.851780e+00   1.006692e+04   3.247394e+02
  1.854430e+00   1.037229e+04   3.280006e+02
  1.857070e+00   9.999729e+03   3.246049e+02
  1.859710e+00   1.067190e+04   3.306038e+02
  1.862360e+00   1.077295e+04   3.358358e+02
  1.865000e+00   1.065827e+04   3.330711e+02
  1.867640e+00   9.864682e+03   3.208981e+02
  1.870290e+00   1.079589e+04   3.358986e+02
  1.872930e+00   1.103036e+04   3.361103e+02
  1.875570e+00   1.023155e+04   3.283459e+02
  1.878220e+00   1.045618e+04   3.299943e+02
  1.880860e+00   1.050284e+04   3.301540e+02
  1.883500e+00   1.055199e+04   3.333499e+02
  1.886150e+00   1.053513e+04   3.281033e+02
  1.888790e+00   9.711300e+03   3.201721e+02
  1.891430e+00   1.043888e+04   3.278195e+02
  1.894080e+00   1.027197e+04   3.281259e+02
  1.896720e+00   1.024052e+04   3.276233e+02
  1.899360e+00   1.041547e+04   3.288733e+02
  1.902010e+00   1.071840e+04   3.357708e+02
  1.904650e+00   1.074768e+04   3.316807e+02
  1.907290e+00   1.037678e+04   3.297958e+02
  1.909940e+00   9.996464e+03   3.216310e+02
  1.912580e+00   9.894358e+03   3.228902e+02
  1.915220e+00   1.033884e+04   3.284240e+02
  1.917870e+00   1.065923e+04   3.311662e+02
  1.920510e+00   1.052847e+04   3.316155e+02
  1.923150e+00   1.058069e+04   3.324370e+02
  1.925800e+00   1.060662e+04   3.317812e+02
  1.928440e+00   9.504865e+03   3.150832e+02
  1.931080e+00   1.028468e+04   3.260461e+02
  1.933730e+00   1.085291e+04   3.376727e+02
  1.936370e+00   1.104251e+04   3.385300e+02
  1.939020e+00   1.015447e+04   3.245383e+02
  1.941660e+00   1.062933e+04   3.323288e+02
  1.944300e+00   1.066447e+04   3.332648e+02
  1.946950e+00   1.037678e+04   3.297958e+02
  1.949590e+00   1.001348e+04   3.213478e+02
  1.952230e+00   1.078544e+04   3.357360e+02
  1.954880e+00   1.033080e+04   3.273439e+02
  1.957520e+00   1.011521e+04   3.249475e+02
  1.960160e+00   1.050035e+04   3.304022e+02
  1.962810e+00   1.002503e+04   3.217184e+02
  1.965450e+00   1.033042e+04   3.291546e+02
  1.968090e+00   1.064449e+04   3.315092e+02
  1.970740e+00   1.035480e+04   3.281043e+02
  1.973380e+00   1.041905e+04   3.281692e+02
  1.976020e+00   1.024925e+04   3.255781e+02
  1.978670e+00   1.026161e+04   3.286347e+02
  1.981310e+00   1.027587e+04   3.260948e+02
  1.983950e+00   1.059774e+04   3.323171e+02
  1.986600e+00   1.109136e+04   3.378124e+02
  1.989240e+00   1.018684e+04   3.259060e+02
  1.991880e+00   1.009942e+04   3.239390e+02
  1.994530e+00   9.674313e+03   3.138762e+02
  1.997170e+00   9.804290e+03   3.213226e+02
  1.999810e+00   1.034960e+04   3.250160e+02
  2.002460e+00   1.015169e+04   3.241185e+02
  2.005100e+00   1.030941e+04   3.256867e+02
  2.007740e+00   9.941336e+03   3.185410e+02
  2.010390e+00   1.015105e+04   3.254277e+02
  2.013030e+00   1.078849e+04   3.318358e+02
  2.015670e+00   9.891375e+03   3.179208e+02
  2.018320e+00   1.018961e+04   3.209424e+02
  2.020960e+00   1.037489e+04   3.259708e+02
  2.023600e+00   9.932178e+03   3.193973e+02
  2.026250e+00   1.023437e+04   3.215558e+02
  2.028890e+00   1.082817e+04   3.341645e+02
  2.031530e+00   1.039929e+04   3.245027e+02
  2.034180e+00   9.712659e+03   3.161201e+02
  2.036820e+00   1.019947e+04   3.223745e+02
  2.039460e+00   1.031519e+04   3.228231e+02
  2.042110e+00   1.025647e+04   3.246628e+02
  2.044750e+00   1.068461e+04   3.295774e+02
  2.047390e+00   1.076839e+04   3.334329e+02
  2.050040e+00   1.049948e+04   3.254186e+02
  2.052680e+00   1.005751e+04   3.194873e+02
  2.055320e+00   1.026538e+04   3.252709e+02
  2.057970e+00   1.004932e+04   3.189056e+02
  2.060610e+00   9.552795e+03   3.120762e+02
  2.063250e+00   1.070912e+04   3.293945e+02
  2.065900e+00   1.019069e+04   3.224193e+02
  2.068540e+00   1.042948e+04   3.272019e+02
  2.071180e+00   9.940294e+03   3.159233e+02
  2.073830e+00   1.071893e+04   3.319016e+02
  2.076470e+00   1.066493e+04   3.278803e+02
  2.079110e+00   1.037008e+04   3.271139e+02
  2.081760e+00   1.017077e+04   3.208268e+02
  2.084400e+00   1.019424e+04   3.196645e+02
  2.087040e+00   9.984719e+03   3.204249e+02
  2.089690e+00   1.030846e+04   3.237241e+02
  2.092330e+00   1.067387e+04   3.308236e+02
  2.094980e+00   9.950358e+03   3.168839e+02
  2.097620e+00   1.011313e+04   3.196456e+02
  2.100260e+00   9.674313e+03   3.138762e+02
  2.102910e+00   1.031399e+04   3.232606e+02
  2.105550e+00   1.031097e+04   3.258987e+02
  2.108190e+00   9.928269e+03   3.238244e+02
  2.110840e+00   1.068876e+04   3.428421e+02
  2.113480e+00   9.524301e+03   3.255339e+02
  2.116120e+00   1.030253e+04   3.371090e+02
  2.118770e+00   1.048482e+04   3.451120e+02
  2.121410e+00   9.983263e+03   3.346397e+02
  2.124050e+00   1.044022e+04   3.505484e+02
  2.126700e+00   1.026782e+04   3.435995e+02
  2.129340e+00   1.002263e+04   3.425664e+02
  2.131980e+00   9.386045e+03   3.343640e+02
  2.134630e+00   1.015547e+04   3.471067e+02
  2.137270e+00   1.042987e+04   3.577417e+02
  2.139910e+00   1.002354e+04   3.446165e+02
  2.142560e+00   1.004170e+04   3.517455e+02
  2.145200e+00   1.033741e+04   3.568870e+02
  2.147840e+00   9.322195e+03   3.394943e+02
  2.150490e+00   9.504909e+03   3.438755e+02
  2.153130e+00   1.004350e+04   3.500944e+02
  2.155770e+00   1.056899e+04   3.661937e+02
  2.158420e+00   9.863640e+03   3.547705e+02
  2.161060e+00   1.018765e+04   3.549036e+02
  2.163700e+00   1.074154e+04   3.592509e+02
  2.166350e+00   1.031674e+04   3.469894e+02
  2.168990e+00   1.055944e+04   3.533583e+02
  2.171630e+00   1.006947e+04   3.415834e+02
  2.174280e+00   9.691963e+03   3.336111e+02
  2.176920e+00   9.630909e+03   3.344953e+02
  2.179560e+00   9.662421e+03   3.302548e+02
  2.182210e+00   1.014780e+04   3.384481e+02
  2.184850e+00   1.023484e+04   3.387239e+02
  2.187490e+00   1.052563e+04   3.440410e+02
  2.190140e+00   1.043938e+04   3.443634e+02
  2.192780e+00   1.008280e+04   3.360933e+02
  2.195420e+00   9.513497e+03   3.238432e+02
  2.198070e+00   1.037221e+04   3.386647e+02
  2.200710e+00   1.017596e+04   3.365910e+02
  2.203350e+00   9.678895e+03   3.304320e+02
  2.206000e+00   1.028985e+04   3.366941e+02
  2.208640e+00   1.087695e+04   3.474514e+02
  2.211280e+00   9.970629e+03   3.332814e+02
  2.213930e+00   1.090299e+04   3.472218e+02
  2.216570e+00   1.010916e+04   3.354844e+02
  2.219210e+00   1.013786e+04   3.329711e+02
  2.221860e+00   1.027761e+04   3.377431e+02
  2.224500e+00   9.879196e+03   3.313376e+02
  2.227140e+00   1.040434e+04   3.397139e+02
  2.229790e+00   1.021897e+04   3.363615e+02
  2.232430e+00   1.008813e+04   3.336857e+02
  2.235070e+00   1.022845e+04   3.377731e+02
  2.237720e+00   9.995509e+03   3.341130e+02
  2.240360e+00   1.015851e+04   3.361977e+02
  2.243010e+00   9.390237e+03   3.230340e+02
  2.245650e+00   1.082378e+04   3.468162e+02
  2.248290e+00   1.000405e+04   3.338395e+02
  2.250940e+00   1.011101e+04   3.374088e+02
  2.253580e+00   1.031487e+04   3.367925e+02
  2.256220e+00   1.047764e+04   3.422897e+02
  2.258870e+00   1.005965e+04   3.364449e+02
  2.261510e+00   1.021892e+04   3.370911e+02
  2.264150e+00   9.983263e+03   3.346397e+02
  2.266800e+00   1.033055e+04   3.396665e+02
  2.269440e+00   1.067656e+04   3.458478e+02
  2.272080e+00   1.006384e+04   3.371514e+02
  2.274730e+00   1.017141e+04   3.358896e+02
  2.277370e+00   1.016274e+04   3.376343e+02
  2.280010e+00   1.015519e+04   3.364566e+02
  2.282660e+00   1.065416e+04   3.454847e+02
  2.285300e+00   9.894995e+03   3.324289e+02
  2.287940e+00   1.009377e+04   3.346051e+02
  2.290590e+00   1.064416e+04   3.471742e+02
  2.293230e+00   1.046612e+04   3.395657e+02
  2.295870e+00   9.795746e+03   3.321069e+02
  2.298520e+00   1.026814e+04   3.377970e+02
  2.301160e+00   1.014030e+04   3.372615e+02
  2.303800e+00   1.021042e+04   3.418701e+02
  2.306450e+00   9.694016e+03   3.265997e+02
  2.309090e+00   9.612877e+03   3.297190e+02
  2.311730e+00   1.052961e+04   3.427097e+02
  2.314380e+00   1.008073e+04   3.365858e+02
  2.317020e+00   9.794892e+03   3.330363e+02
  2.319660e+00   1.004048e+04   3.332050e+02
  2.322310e+00   1.059796e+04   3.475207e+02
  2.324950e+00   1.016634e+04   3.366412e+02
  2.327590e+00   1.041686e+04   3.426896e+02
  2.330240e+00   9.263870e+03   3.244992e+02
  2.332880e+00   1.025865e+04   3.378507e+02
  2.335520e+00   1.026934e+04   3.430744e+02
  2.338170e+00   1.007509e+04   3.356499e+02
  2.340810e+00   1.033873e+04   3.401194e+02
  2.343450e+00   1.030274e+04   3.413451e+02
  2.346100e+00   1.035464e+04   3.402746e+02
  2.348740e+00   1.023977e+04   3.409471e+02
  2.351380e+00   1.019991e+04   3.364641e+02
  2.354030e+00   1.044784e+04   3.422303e+02
  2.356670e+00   9.551055e+03   3.287609e+02
  2.359310e+00   1.039937e+04   3.410088e+02
  2.361960e+00   9.604335e+03   3.288462e+02
  2.364600e+00   1.010916e+04   3.354844e+02
  2.367240e+00   1.015387e+04   3.394063e+02
  2.369890e+00   9.925956e+03   3.334690e+02
  2.372530e+00   9.653791e+03   3.307334e+02
  2.375170e+00   1.042056e+04   3.431829e+02
  2.377820e+00   1.014739e+04   3.360135e+02
  2.380460e+00   1.026414e+04   3.415692e+02
  2.383100e+00   9.894110e+03   3.312793e+02
  2.385750e+00   9.826648e+03   3.331546e+02
  2.388390e+00   9.716305e+03   3.294136e+02
  2.391030e+00   9.451389e+03   3.259099e+02
  2.393680e+00   1.014367e+04   3.370009e+02
  2.396320e+00   1.020004e+04   3.357386e+02
  2.398970e+00   1.040376e+04   3.422585e+02
  2.401610e+00   1.075696e+04   3.441455e+02
  2.404250e+00   9.674622e+03   3.306718e+02
  2.406900e+00   1.004998e+04   3.348133e+02
  2.409540e+00   9.598166e+03   3.257830e+02
  2.412180e+00   1.020083e+04   3.404061e+02
  2.414830e+00   1.013853e+04   3.346214e+02
  2.417470e+00   9.578158e+03   3.289153e+02
  2.420110e+00   1.030619e+04   3.383174e+02
  2.422760e+00   9.492266e+03   3.253907e+02
  2.425400e+00   1.047707e+04   3.441122e+02
  2.428040e+00   1.010772e+04   3.352521e+02
  2.430690e+00   9.934570e+03   3.350847e+02
  2.433330e+00   9.965580e+03   3.323707e+02
  2.435970e+00   9.551815e+03   3.289820e+02
  2.438620e+00   9.839063e+03   3.335755e+02
  2.441260e+00   1.043203e+04   3.407997e+02
  2.443900e+00   1.018011e+04   3.387730e+02
  2.446550e+00   1.024752e+04   3.376674e+02
  2.449190e+00   1.049968e+04   3.444832e+02
  2.451830e+00   9.446702e+03   3.261364e+02
  2.454480e+00   9.924738e+03   3.332401e+02
  2.457120e+00   1.005097e+04   3.384336e+02
  2.459760e+00   1.002544e+04   3.349264e+02
  2.462410e+00   9.969763e+03   3.358898e+02
  2.465050e+00   1.018672e+04   3.382445e+02
  2.467690e+00   1.006597e+04   3.366565e+02
  2.470340e+00   1.028857e+04   3.421928e+02
  2.472980e+00   9.577368e+03   3.286944e+02
  2.475620e+00   9.693477e+03   3.301611e+02
  2.478270e+00   1.042912e+04   3.423526e+02
  2.480910e+00   1.008580e+04   3.382667e+02
  2.483550e+00   9.263870e+03   3.244992e+02
  2.486200e+00   1.055619e+04   3.454090e+02
  2.488840e+00   1.014895e+04   3.394317e+02
  2.491480e+00   1.054812e+04   3.444084e+02
  2.494130e+00   1.014555e+04   3.396981e+02
  2.496770e+00   9.619799e+03   3.301506e+02
  2.499410e+00   9.973483e+03   3.356344e+02
  2.502060e+00   1.026277e+04   3.428549e+02
  2.504700e+00   1.002589e+04   3.358799e+02
  2.507340e+00   9.973640e+03   3.365941e+02
  2.509990e+00   9.985856e+03   3.351034e+02
  2.512630e+00   9.995317e+03   3.377105e+02
  2.515270e+00   1.007376e+04   3.388171e+02
  2.517920e+00   1.018437e+04   3.409979e+02
  2.520560e+00   1.010354e+04   3.386715e+02
  2.523200e+00   1.003629e+04   3.367958e+02
  2.525850e+00   1.006948e+04   3.398285e+02
  2.528490e+00   1.015999e+04   3.403726e+02
  2.531130e+00   1.048094e+04   3.446110e+02
  2.533780e+00   1.053896e+04   3.463316e+02
  2.536420e+00   1.088285e+04   3.521607e+02
  2.539060e+00   1.030090e+04   3.447064e+02
  2.541710e+00   1.024776e+04   3.398966e+02
  2.544350e+00   9.578445e+03   3.304878e+02
  2.546990e+00   1.022186e+04   3.420616e+02
  2.549640e+00   9.726413e+03   3.342035e+02
  2.552280e+00   9.977730e+03   3.382767e+02
  2.554930e+00   1.059976e+04   3.453589e+02
  2.557570e+00   9.780638e+03   3.344907e+02
  2.560210e+00   1.051819e+04   3.462104e+02
  2.562860e+00   1.010126e+04   3.416801e+02
  2.565500e+00   1.053497e+04   3.477060e+02
  2.568140e+00   1.034673e+04   3.426146e+02
  2.570790e+00   1.015404e+04   3.426823e+02
  2.573430e+00   1.063284e+04   3.469895e+02
  2.576070e+00   9.506803e+03   3.299860e+02
  2.578720e+00   1.055055e+04   3.484099e+02
  2.581360e+00   1.001582e+04   3.385967e+02
  2.584000e+00   1.011582e+04   3.423687e+02
  2.586650e+00   9.812754e+03   3.346121e+02
  2.589290e+00   1.032621e+04   3.432549e+02
  2.591930e+00   9.991601e+03   3.379709e+02
  2.594580e+00   9.962567e+03   3.393264e+02
  2.597220e+00   1.044897e+04   3.482990e+02
  2.599860e+00   9.579744e+03   3.293584e+02
  2.602510e+00   1.015404e+04   3.426823e+02
  2.605150e+00   9.869366e+03   3.365426e+02
  2.607790e+00   9.829763e+03   3.359744e+02
  2.610440e+00   1.094687e+04   3.553504e+02
  2.613080e+00   9.944604e+03   3.369601e+02
  2.615720e+00   1.057560e+04   3.515450e+02
  2.618370e+00   9.828637e+03   3.357399e+02
  2.621010e+00   9.730655e+03   3.339552e+02
  2.623650e+00   9.997239e+03   3.399163e+02
  2.626300e+00   9.819393e+03   3.360127e+02
  2.628940e+00   1.007970e+04   3.433158e+02
  2.631580e+00   1.066828e+04   3.494513e+02
  2.634230e+00   1.083819e+04   3.531273e+02
  2.636870e+00   1.069999e+04   3.514337e+02
  2.639510e+00   9.267484e+03   3.264332e+02
  2.642160e+00   9.953643e+03   3.406066e+02
  2.644800e+00   9.938266e+03   3.367453e+02
  2.647440e+00   9.741621e+03   3.377299e+02
  2.650090e+00   9.956139e+03   3.391074e+02
  2.652730e+00   1.005280e+04   3.414111e+02
  2.655370e+00   9.628370e+03   3.324082e+02
  2.658020e+00   1.067690e+04   3.510544e+02
  2.660660e+00   1.033778e+04   3.463286e+02
  2.663300e+00   1.035190e+04   3.454475e+02
  2.665950e+00   1.016951e+04   3.459737e+02
  2.668590e+00   1.048492e+04   3.579492e+02
  2.671230e+00   9.826886e+03   3.518590e+02
  2.673880e+00   1.052485e+04   3.684436e+02
  2.676520e+00   9.772034e+03   3.540034e+02
  2.679160e+00   1.045978e+04   3.728509e+02
  2.681810e+00   1.022814e+04   3.688362e+02
  2.684450e+00   1.034039e+04   3.743474e+02
  2.687090e+00   9.292937e+03   3.563679e+02
  2.689740e+00   9.853247e+03   3.669541e+02
  2.692380e+00   1.004982e+04   3.774289e+02
  2.695020e+00   1.067947e+04   3.881519e+02
  2.697670e+00   1.000312e+04   3.783526e+02
  2.700310e+00   9.296118e+03   3.654681e+02
  2.702950e+00   9.326057e+03   3.666451e+02
  2.705600e+00   9.721926e+03   3.795774e+02
  2.708240e+00   9.828862e+03   3.791566e+02
  2.710890e+00   1.014925e+04   3.886350e+02
  2.713530e+00   9.679093e+03   3.811139e+02
  2.716170e+00   1.037675e+04   3.988108e+02
  2.718820e+00   9.672038e+03   3.871914e+02
  2.721460e+00   9.078201e+03   3.681697e+02
  2.724100e+00   9.912401e+03   3.770855e+02
  2.726750e+00   1.017768e+04   3.787741e+02
  2.729390e+00   9.927151e+03   3.733489e+02
  2.732030e+00   9.727881e+03   3.640568e+02
  2.734680e+00   9.811856e+03   3.646547e+02
  2.737320e+00   9.254833e+03   3.533512e+02
  2.739960e+00   9.716637e+03   3.596289e+02
  2.742610e+00   1.011422e+04   3.666402e+02
  2.745250e+00   9.691813e+03   3.548425e+02
  2.747890e+00   1.024513e+04   3.677787e+02
  2.750540e+00   9.735099e+03   3.581114e+02
  2.753180e+00   1.036666e+04   3.635746e+02
  2.755820e+00   9.996691e+03   3.614311e+02
  2.758470e+00   9.812599e+03   3.538514e+02
  2.761110e+00   9.679878e+03   3.548816e+02
  2.763750e+00   9.215887e+03   3.448959e+02
  2.766400e+00   9.388397e+03   3.448914e+02
  2.769040e+00   9.666367e+03   3.513301e+02
  2.771680e+00   1.065839e+04   3.664431e+02
  2.774330e+00   9.612205e+03   3.512223e+02
  2.776970e+00   9.879894e+03   3.533043e+02
  2.779610e+00   9.938883e+03   3.536096e+02
  2.782260e+00   9.958706e+03   3.574967e+02
  2.784900e+00   9.044853e+03   3.359174e+02
  2.787540e+00   1.038070e+04   3.631746e+02
  2.790190e+00   9.361553e+03   3.411539e+02
  2.792830e+00   9.678775e+03   3.499368e+02
  2.795470e+00   9.305792e+03   3.432493e+02
  2.798120e+00   9.697226e+03   3.472164e+02
  2.800760e+00   1.038776e+04   3.609995e+02
  2.803400e+00   9.671361e+03   3.465125e+02
  2.806050e+00   9.540516e+03   3.458434e+02
  2.808690e+00   9.674060e+03   3.457227e+02
  2.811330e+00   9.647428e+03   3.447709e+02
  2.813980e+00   9.712831e+03   3.482219e+02
  2.816620e+00   9.300037e+03   3.373478e+02
  2.819260e+00   9.904083e+03   3.523715e+02
  2.821910e+00   9.490815e+03   3.411403e+02
  2.824550e+00   9.637020e+03   3.435227e+02
  2.827190e+00   1.000144e+04   3.536042e+02
  2.829840e+00   1.062203e+04   3.599137e+02
  2.832480e+00   1.010429e+04   3.539378e+02
  2.835120e+00   9.133965e+03   3.335252e+02
  2.837770e+00   9.340472e+03   3.397097e+02
  2.840410e+00   1.042460e+04   3.592553e+02
  2.843050e+00   9.318643e+03   3.378005e+02
  2.845700e+00   9.760546e+03   3.472646e+02
  2.848340e+00   9.816758e+03   3.447130e+02
  2.850980e+00   9.608374e+03   3.451430e+02
  2.853630e+00   9.772842e+03   3.461718e+02
  2.856270e+00   9.688593e+03   3.436190e+02
  2.858910e+00   9.707116e+03   3.482409e+02
  2.861560e+00   9.998972e+03   3.500340e+02
  2.864200e+00   9.725316e+03   3.484456e+02
  2.866850e+00   9.853163e+03   3.477106e+02
  2.869490e+00   9.184264e+03   3.355857e+02
  2.872130e+00   9.849511e+03   3.493262e+02
  2.874780e+00   9.699803e+03   3.464215e+02
  2.877420e+00   9.803201e+03   3.479026e+02
  2.880060e+00   1.002593e+04   3.499073e+02
  2.882710e+00   9.495827e+03   3.408803e+02
  2.885350e+00   9.535605e+03   3.443108e+02
  2.887990e+00   1.013701e+04   3.529253e+02
  2.890640e+00   9.677065e+03   3.464945e+02
  2.893280e+00   1.002642e+04   3.509950e+02
  2.895920e+00   9.872199e+03   3.481656e+02
  2.898570e+00   1.020545e+04   3.542363e+02
  2.901210e+00   9.795054e+03   3.460912e+02
  2.903850e+00   9.744751e+03   3.475838e+02
  2.906500e+00   9.433983e+03   3.395365e+02
  2.909140e+00   1.019783e+04   3.574336e+02
  2.911780e+00   9.199428e+03   3.336983e+02
  2.914430e+00   9.456799e+03   3.414652e+02
  2.917070e+00   9.891598e+03   3.475553e+02
  2.919710e+00   9.721355e+03   3.460894e+02
  2.922360e+00   9.469128e+03   3.416877e+02
  2.925000e+00   9.898640e+03   3.467342e+02
  2.927640e+00   1.025295e+04   3.556710e+02
  2.930290e+00   9.417243e+03   3.398155e+02
  2.932930e+00   1.028602e+04   3.549014e+02
  2.935570e+00   1.018956e+04   3.543256e+02
  2.938220e+00   9.661319e+03   3.424364e+02
  2.940860e+00   9.780917e+03   3.493185e+02
  2.943500e+00   1.030311e+04   3.542283e+02
  2.946150e+00   1.010490e+04   3.530937e+02
  2.948790e+00   9.998647e+03   3.489552e+02
  2.951430e+00   9.607754e+03   3.433531e+02
  2.954080e+00   9.623565e+03   3.461356e+02
  2.956720e+00   9.918992e+03   3.463862e+02
  2.959360e+00   9.135975e+03   3.353922e+02
  2.962010e+00   1.000007e+04   3.492177e+02
  2.964650e+00   1.012633e+04   3.529818e+02
  2.967290e+00   9.749411e+03   3.459936e+02
  2.969940e+00   9.614569e+03   3.420710e+02
  2.972580e+00   9.314258e+03   3.385325e+02
  2.975220e+00   9.686415e+03   3.459434e+02
  2.977870e+00   9.943151e+03   3.489362e+02
  2.980510e+00   9.830538e+03   3.464810e+02
  2.983150e+00   9.698745e+03   3.433319e+02
  2.985800e+00   9.228129e+03   3.369636e+02
  2.988440e+00   1.034534e+04   3.556800e+02
  2.991080e+00   9.732600e+03   3.460514e+02
  2.993730e+00   9.913196e+03   3.485294e+02
  2.996370e+00   9.431361e+03   3.385661e+02
  2.999010e+00   9.789698e+03   3.474234e+02
  3.001660e+00   1.009857e+04   3.520141e+02
  3.004300e+00   9.336221e+03   3.377726e+02
  3.006940e+00   9.603855e+03   3.438732e+02
  3.009590e+00   9.369456e+03   3.369959e+02
  3.012230e+00   1.011403e+04   3.527673e+02
  3.014870e+00   1.019689e+04   3.528781e+02
  3.017520e+00   9.590663e+03   3.434008e+02
  3.020160e+00   9.477112e+03   3.404279e+02
  3.022810e+00   9.781691e+03   3.456191e+02
  3.025450e+00   1.029306e+04   3.551443e+02
  3.028090e+00   1.001677e+04   3.472691e+02
  3.030740e+00   9.658608e+03   3.432037e+02
  3.033380e+00   9.865176e+03   3.455620e+02
  3.036020e+00   9.621109e+03   3.423037e+02
  3.038670e+00   9.684600e+03   3.426165e+02
  3.041310e+00   1.006565e+04   3.491737e+02
  3.043950e+00   9.797124e+03   3.453032e+02
  3.046600e+00   9.354390e+03   3.330251e+02
  3.049240e+00   9.865176e+03   3.455620e+02
  3.051880e+00   9.881446e+03   3.454967e+02
  3.054530e+00   9.369456e+03   3.369959e+02
  3.057170e+00   9.805507e+03   3.434719e+02
  3.059810e+00   9.433049e+03   3.349774e+02
  3.062460e+00   9.948543e+03   3.457358e+02
  3.065100e+00   9.324256e+03   3.349371e+02
  3.067740e+00   1.000332e+04   3.468026e+02
  3.070390e+00   9.757438e+03   3.413696e+02
  3.073030e+00   9.564881e+03   3.392314e+02
  3.075670e+00   9.818705e+03   3.439342e+02
  3.078320e+00   9.263679e+03   3.336233e+02
  3.080960e+00   9.441931e+03   3.361416e+02
  3.083600e+00   9.650885e+03   3.397272e+02
  3.086250e+00   9.108114e+03   3.314782e+02
  3.088890e+00   1.020591e+04   3.508865e+02
  3.091530e+00   1.033391e+04   3.509579e+02
  3.094180e+00   9.629686e+03   3.400360e+02
  3.096820e+00   9.677714e+03   3.408829e+02
  3.099460e+00   9.632427e+03   3.407708e+02
  3.102110e+00   9.614790e+03   3.405733e+02
  3.104750e+00   1.033625e+04   3.520539e+02
  3.107390e+00   9.956574e+03   3.462240e+02
  3.110040e+00   9.479952e+03   3.374952e+02
  3.112680e+00   9.839854e+03   3.425797e+02
  3.115320e+00   1.023346e+04   3.501819e+02
  3.117970e+00   9.871061e+03   3.445024e+02
  3.120610e+00   1.024901e+04   3.517451e+02
  3.123250e+00   9.481375e+03   3.379745e+02
  3.125900e+00   9.762869e+03   3.413507e+02
  3.128540e+00   9.709257e+03   3.417820e+02
  3.131180e+00   9.528788e+03   3.385907e+02
  3.133830e+00   9.077869e+03   3.308159e+02
  3.136470e+00   8.933250e+03   3.277292e+02
  3.139110e+00   9.479243e+03   3.372563e+02
  3.141760e+00   9.638918e+03   3.410004e+02
  3.144400e+00   9.940543e+03   3.452493e+02
  3.147040e+00   9.509615e+03   3.379095e+02
  3.149690e+00   9.920609e+03   3.445570e+02
  3.152330e+00   9.300193e+03   3.345047e+02
  3.154970e+00   9.516438e+03   3.400897e+02
  3.157620e+00   9.381521e+03   3.348408e+02
  3.160260e+00   9.698721e+03   3.405681e+02
  3.162900e+00   9.607432e+03   3.400994e+02
  3.165550e+00   9.132485e+03   3.321453e+02
  3.168190e+00   9.688166e+03   3.421010e+02
  3.170830e+00   1.011936e+04   3.472956e+02
  3.173480e+00   1.035576e+04   3.533341e+02
  3.176120e+00   9.113599e+03   3.310208e+02
  3.178770e+00   9.833806e+03   3.436210e+02
  3.181410e+00   9.540028e+03   3.385629e+02
  3.184050e+00   9.662844e+03   3.399377e+02
  3.186700e+00   1.088832e+04   3.619401e+02
  3.189340e+00   9.263679e+03   3.336233e+02
  3.191980e+00   9.647103e+03   3.373031e+02
  3.194630e+00   9.760678e+03   3.421116e+02
  3.197270e+00   9.448579e+03   3.344761e+02
  3.199910e+00   9.130311e+03   3.301071e+02
  3.202560e+00   1.049174e+04   3.532752e+02
  3.205200e+00   9.927466e+03   3.427342e+02
  3.207840e+00   9.478528e+03   3.351166e+02
  3.210490e+00   9.478528e+03   3.351166e+02
  3.213130e+00   9.787524e+03   3.395254e+02
  3.215770e+00   1.011935e+04   3.446666e+02
  3.218420e+00   9.792859e+03   3.395063e+02
  3.221060e+00   9.814487e+03   3.406658e+02
  3.223700e+00   9.928960e+03   3.409619e+02
  3.226350e+00   9.754225e+03   3.406323e+02
  3.228990e+00   9.462968e+03   3.457693e+02
  3.231630e+00   9.653857e+03   3.544042e+02
  3.234280e+00   9.693326e+03   3.600011e+02
  3.236920e+00   1.008275e+04   3.674358e+02
  3.239560e+00   9.502982e+03   3.620348e+02
  3.242210e+00   9.496754e+03   3.644520e+02
  3.244850e+00   9.635460e+03   3.705946e+02
  3.247490e+00   9.800362e+03   3.755507e+02
  3.250140e+00   1.016564e+04   3.844996e+02
  3.252780e+00   9.754225e+03   3.808385e+02
  3.255420e+00   9.582081e+03   3.793582e+02
  3.258070e+00   9.139496e+03   3.709607e+02
  3.260710e+00   9.810247e+03   3.844939e+02
  3.263350e+00   9.495200e+03   3.841347e+02
  3.266000e+00   9.633811e+03   3.887890e+02
  3.268640e+00   9.585005e+03   3.896859e+02
  3.271280e+00   9.426575e+03   3.864519e+02
  3.273930e+00   9.135600e+03   3.826482e+02
  3.276570e+00   1.090861e+04   4.227001e+02
  3.279210e+00   1.057199e+04   4.192067e+02
  3.281860e+00   9.648476e+03   3.932425e+02
  3.284500e+00   9.990343e+03   3.921552e+02
  3.287140e+00   9.429484e+03   3.753818e+02
  3.289790e+00   9.986971e+03   3.843987e+02
  3.292430e+00   9.434554e+03   3.689202e+02
  3.295070e+00   9.253014e+03   3.646198e+02
  3.297720e+00   9.379576e+03   3.659321e+02
  3.300360e+00   9.860622e+03   3.743041e+02
  3.303000e+00   9.433439e+03   3.630932e+02
  3.305650e+00   9.027437e+03   3.535417e+02
  3.308290e+00   9.859588e+03   3.697634e+02
  3.310930e+00   9.368919e+03   3.611453e+02
  3.313580e+00   9.279197e+03   3.598318e+02
  3.316220e+00   9.855386e+03   3.688285e+02
  3.318860e+00   9.532358e+03   3.631539e+02
  3.321510e+00   9.734097e+03   3.640346e+02
  3.324150e+00   8.992409e+03   3.510946e+02
  3.326800e+00   9.248311e+03   3.533598e+02
  3.329440e+00   9.463373e+03   3.594838e+02
  3.332080e+00   9.394418e+03   3.578988e+02
  3.334730e+00   9.711941e+03   3.632060e+02
  3.337370e+00   9.394817e+03   3.553446e+02
  3.340010e+00   9.303489e+03   3.516388e+02
  3.342660e+00   8.710083e+03   3.416376e+02
  3.345300e+00   9.219288e+03   3.514821e+02
  3.347940e+00   9.044251e+03   3.465765e+02
  3.350590e+00   9.637815e+03   3.567115e+02
  3.353230e+00   9.804734e+03   3.601859e+02
  3.355870e+00   9.612385e+03   3.565036e+02
  3.358520e+00   9.451504e+03   3.527270e+02
  3.361160e+00   9.801919e+03   3.581543e+02
  3.363800e+00   9.043976e+03   3.460581e+02
  3.366450e+00   9.524326e+03   3.542135e+02
  3.369090e+00   9.477832e+03   3.532179e+02
  3.371730e+00   8.925415e+03   3.397847e+02
  3.374380e+00   9.342171e+03   3.488898e+02
  3.377020e+00   9.260404e+03   3.490146e+02
  3.379660e+00   9.294550e+03   3.503015e+02
  3.382310e+00   9.075156e+03   3.439929e+02
  3.384950e+00   9.579105e+03   3.521349e+02
  3.387590e+00   9.775660e+03   3.562449e+02
  3.390240e+00   8.938199e+03   3.420107e+02
  3.392880e+00   9.373822e+03   3.490994e+02
  3.395520e+00   8.931755e+03   3.410160e+02
  3.398170e+00   9.167373e+03   3.464941e+02
  3.400810e+00   9.337625e+03   3.496968e+02
  3.403450e+00   9.226105e+03   3.474752e+02
  3.406100e+00   9.041572e+03   3.414955e+02
  3.408740e+00   9.598603e+03   3.542909e+02
  3.411380e+00   9.583678e+03   3.534993e+02
  3.414030e+00   9.850323e+03   3.582528e+02
  3.416670e+00   9.466326e+03   3.513283e+02
  3.419310e+00   9.236689e+03   3.461595e+02
  3.421960e+00   9.612646e+03   3.548092e+02
  3.424600e+00   9.703219e+03   3.562164e+02
  3.427240e+00   9.533378e+03   3.511665e+02
  3.429890e+00   9.623925e+03   3.528302e+02
  3.432530e+00   9.642829e+03   3.530490e+02
  3.435170e+00   9.615791e+03   3.539622e+02
  3.437820e+00   1.004291e+04   3.591336e+02
  3.440460e+00   1.020986e+04   3.621064e+02
  3.443100e+00   9.543744e+03   3.505982e+02
  3.445750e+00   9.457478e+03   3.481346e+02
  3.448390e+00   9.594337e+03   3.512737e+02
  3.451030e+00   9.759255e+03   3.523863e+02
  3.453680e+00   9.524269e+03   3.482418e+02
  3.456320e+00   9.240867e+03   3.448661e+02
  3.458960e+00   9.609654e+03   3.488084e+02
  3.461610e+00   1.021203e+04   3.588141e+02
  3.464250e+00   9.193212e+03   3.421359e+02
  3.466890e+00   9.406435e+03   3.448567e+02
  3.469540e+00   9.643755e+03   3.500461e+02
  3.472180e+00   1.012859e+04   3.552253e+02
  3.474820e+00   9.517027e+03   3.459022e+02
  3.477470e+00   9.588410e+03   3.478082e+02
  3.480110e+00   9.331114e+03   3.437160e+02
  3.482760e+00   9.593361e+03   3.475308e+02
  3.485400e+00   9.810310e+03   3.494778e+02
  3.488040e+00   9.483727e+03   3.446919e+02
  3.490690e+00   9.782340e+03   3.523024e+02
  3.493330e+00   9.138551e+03   3.377706e+02
  3.495970e+00   9.505679e+03   3.441287e+02
  3.498620e+00   9.560601e+03   3.465715e+02
  3.501260e+00   9.208470e+03   3.398908e+02
  3.503900e+00   9.520515e+03   3.451184e+02
  3.506550e+00   8.876379e+03   3.328902e+02
  3.509190e+00   9.668899e+03   3.488963e+02
  3.511830e+00   8.831935e+03   3.331027e+02
  3.514480e+00   8.957541e+03   3.347590e+02
  3.517120e+00   9.213092e+03   3.389091e+02
  3.519760e+00   9.262094e+03   3.393369e+02
  3.522410e+00   8.813573e+03   3.321740e+02
  3.525050e+00   9.962730e+03   3.549076e+02
  3.527690e+00   9.504909e+03   3.438755e+02
  3.530340e+00   8.763496e+03   3.312290e+02
  3.532980e+00   9.596479e+03   3.467349e+02
  3.535620e+00   9.339383e+03   3.419391e+02
  3.538270e+00   9.321381e+03   3.419683e+02
  3.540910e+00   9.037712e+03   3.340434e+02
  3.543550e+00   9.045509e+03   3.371062e+02
  3.546200e+00   9.620599e+03   3.469277e+02
  3.548840e+00   8.683059e+03   3.291305e+02
  3.551480e+00   9.672361e+03   3.467709e+02
  3.554130e+00   9.131931e+03   3.372956e+02
  3.556770e+00   9.793611e+03   3.508925e+02
  3.559410e+00   9.176632e+03   3.389466e+02
  3.562060e+00   8.994648e+03   3.338227e+02
  3.564700e+00   9.275879e+03   3.402990e+02
  3.567340e+00   8.963666e+03   3.331320e+02
  3.569990e+00   9.562316e+03   3.470901e+02
  3.572630e+00   9.180488e+03   3.372536e+02
  3.575270e+00   9.207036e+03   3.389157e+02
  3.577920e+00   9.333391e+03   3.419490e+02
  3.580560e+00   9.609007e+03   3.469612e+02
  3.583200e+00   9.248423e+03   3.383821e+02
  3.585850e+00   9.192543e+03   3.372417e+02
  3.588490e+00   9.353590e+03   3.429193e+02
  3.591130e+00   9.357310e+03   3.419087e+02
  3.593780e+00   8.945065e+03   3.335946e+02
  3.596420e+00   9.559625e+03   3.445050e+02
  3.599060e+00   9.606257e+03   3.461855e+02
  3.601710e+00   9.279602e+03   3.390693e+02
  3.604350e+00   9.493221e+03   3.439031e+02
  3.606990e+00   9.642721e+03   3.466004e+02
  3.609640e+00   9.688891e+03   3.480352e+02
  3.612280e+00   9.075955e+03   3.363773e+02
  3.614920e+00   9.212364e+03   3.384247e+02
  3.617570e+00   8.864380e+03   3.317411e+02
  3.620210e+00   9.287894e+03   3.402821e+02
  3.622850e+00   9.675059e+03   3.459794e+02
  3.625500e+00   9.367480e+03   3.411435e+02
  3.628140e+00   9.889276e+03   3.505161e+02
  3.630780e+00   9.150479e+03   3.375205e+02
  3.633430e+00   9.304381e+03   3.395217e+02
  3.636070e+00   8.963700e+03   3.335944e+02
  3.638720e+00   9.176318e+03   3.387041e+02
  3.641360e+00   9.568830e+03   3.455104e+02
  3.644000e+00   9.007504e+03   3.354570e+02
  3.646650e+00   1.011187e+04   3.533372e+02
  3.649290e+00   9.199587e+03   3.379553e+02
  3.651930e+00   9.820342e+03   3.491712e+02
  3.654580e+00   9.440664e+03   3.419992e+02
  3.657220e+00   9.282814e+03   3.407828e+02
  3.659860e+00   9.325294e+03   3.409665e+02
  3.662510e+00   9.322195e+03   3.394943e+02
  3.665150e+00   9.055727e+03   3.335720e+02
  3.667790e+00   9.526593e+03   3.433146e+02
  3.670440e+00   9.056595e+03   3.349702e+02
  3.673080e+00   9.341010e+03   3.399541e+02
  3.675720e+00   9.716091e+03   3.448112e+02
  3.678370e+00   8.957437e+03   3.319847e+02
  3.681010e+00   8.908573e+03   3.297211e+02
  3.683650e+00   9.921315e+03   3.490306e+02
  3.686300e+00   9.315652e+03   3.363687e+02
  3.688940e+00   8.804141e+03   3.285676e+02
  3.691580e+00   9.557841e+03   3.422256e+02
  3.694230e+00   8.890804e+03   3.279422e+02
  3.696870e+00   9.228378e+03   3.334348e+02
  3.699510e+00   9.519813e+03   3.393447e+02
  3.702160e+00   9.601514e+03   3.416066e+02
  3.704800e+00   8.847837e+03   3.281481e+02
  3.707440e+00   9.733552e+03   3.409515e+02
  3.710090e+00   9.065814e+03   3.305962e+02
  3.712730e+00   9.312710e+03   3.349549e+02
  3.715370e+00   9.658443e+03   3.416911e+02
  3.718020e+00   9.833126e+03   3.446509e+02
  3.720660e+00   8.663694e+03   3.222062e+02
  3.723300e+00   9.363675e+03   3.370060e+02
  3.725950e+00   9.072249e+03   3.312717e+02
  3.728590e+00   9.548834e+03   3.378135e+02
  3.731230e+00   9.089367e+03   3.303587e+02
  3.733880e+00   9.671228e+03   3.406545e+02
  3.736520e+00   9.526250e+03   3.395741e+02
  3.739160e+00   8.642620e+03   3.234419e+02
  3.741810e+00   8.831456e+03   3.253108e+02
  3.744450e+00   9.500555e+03   3.386582e+02
  3.747090e+00   9.005536e+03   3.294953e+02
  3.749740e+00   9.440196e+03   3.375807e+02
  3.752380e+00   9.107273e+03   3.305731e+02
  3.755020e+00   9.107692e+03   3.310247e+02
  3.757670e+00   8.963431e+03   3.299485e+02
  3.760310e+00   9.584204e+03   3.399167e+02
  3.762950e+00   9.374697e+03   3.343844e+02
  3.765600e+00   8.927190e+03   3.279485e+02
  3.768240e+00   8.939140e+03   3.295011e+02
  3.770880e+00   9.383332e+03   3.379325e+02
  3.773530e+00   8.903289e+03   3.268500e+02
  3.776170e+00   9.869060e+03   3.429736e+02
  3.778810e+00   9.452268e+03   3.377965e+02
  3.781460e+00   9.481375e+03   3.379745e+02
  3.784100e+00   9.337325e+03   3.356232e+02
  3.786740e+00   9.024858e+03   3.326607e+02
  3.789390e+00   8.668890e+03   3.374361e+02
  3.792030e+00   9.005453e+03   3.492165e+02
  3.794680e+00   9.185036e+03   3.553797e+02
  3.797320e+00   9.419463e+03   3.628242e+02
  3.799960e+00   9.211161e+03   3.646734e+02
  3.802610e+00   9.239084e+03   3.692681e+02
  3.805250e+00   9.216565e+03   3.737811e+02
  3.807890e+00   9.634074e+03   3.802266e+02
  3.810540e+00   9.119600e+03   3.735534e+02
  3.813180e+00   8.686178e+03   3.680452e+02
  3.815820e+00   8.731429e+03   3.702951e+02
  3.818470e+00   9.143442e+03   3.826411e+02
  3.821110e+00   9.015337e+03   3.799512e+02
  3.823750e+00   8.827763e+03   3.813013e+02
  3.826400e+00   9.451357e+03   3.969197e+02
  3.829040e+00   8.748996e+03   3.840383e+02
  3.831680e+00   8.993789e+03   3.910343e+02
  3.834330e+00   9.609213e+03   4.078884e+02
  3.836970e+00   9.819236e+03   4.149384e+02
  3.839610e+00   9.465320e+03   4.096044e+02
  3.842260e+00   9.353879e+03   4.003091e+02
  3.844900e+00   8.959386e+03   3.809918e+02
  3.847540e+00   8.696444e+03   3.721735e+02
  3.850190e+00   9.129536e+03   3.761760e+02
  3.852830e+00   8.475316e+03   3.607334e+02
  3.855470e+00   8.973985e+03   3.685174e+02
  3.858120e+00   9.026129e+03   3.675724e+02
  3.860760e+00   9.165643e+03   3.681011e+02
  3.863400e+00   8.703851e+03   3.559270e+02
  3.866050e+00   9.140808e+03   3.650487e+02
  3.868690e+00   8.391830e+03   3.514951e+02
  3.871330e+00   8.416114e+03   3.512818e+02
  3.873980e+00   8.273813e+03   3.453423e+02
  3.876620e+00   9.296118e+03   3.654681e+02
  3.879260e+00   9.029994e+03   3.594784e+02
  3.881910e+00   8.779145e+03   3.548759e+02
  3.884550e+00   9.334912e+03   3.641896e+02
  3.887190e+00   8.909326e+03   3.530004e+02
  3.889840e+00   8.140075e+03   3.374170e+02
  3.892480e+00   9.521165e+03   3.637850e+02
  3.895120e+00   9.166227e+03   3.565249e+02
  3.897770e+00   8.572286e+03   3.437173e+02
  3.900410e+00   8.377310e+03   3.383564e+02
  3.903050e+00   9.399885e+03   3.602044e+02
  3.905700e+00   9.685889e+03   3.629940e+02
  3.908340e+00   9.445944e+03   3.577906e+02
  3.910980e+00   9.005047e+03   3.478953e+02
  3.913630e+00   9.072980e+03   3.502585e+02
  3.916270e+00   8.642620e+03   3.405669e+02
  3.918910e+00   9.078112e+03   3.481297e+02
  3.921560e+00   8.997872e+03   3.460720e+02
  3.924200e+00   9.011005e+03   3.458106e+02
  3.926840e+00   9.229358e+03   3.495869e+02
  3.929490e+00   8.964507e+03   3.442798e+02
  3.932130e+00   8.687624e+03   3.384218e+02
  3.934770e+00   9.254495e+03   3.492884e+02
  3.937420e+00   8.666802e+03   3.386400e+02
  3.940060e+00   8.581070e+03   3.368364e+02
  3.942700e+00   9.180470e+03   3.467416e+02
  3.945350e+00   9.084094e+03   3.473390e+02
  3.947990e+00   8.872070e+03   3.422475e+02
  3.950640e+00   9.170908e+03   3.493838e+02
  3.953280e+00   8.656188e+03   3.369417e+02
  3.955920e+00   8.674441e+03   3.381649e+02
  3.958570e+00   8.550678e+03   3.351275e+02
  3.961210e+00   9.359960e+03   3.512730e+02
  3.963850e+00   8.938199e+03   3.420107e+02
  3.966500e+00   8.663378e+03   3.367118e+02
  3.969140e+00   9.333594e+03   3.507779e+02
  3.971780e+00   9.382515e+03   3.501524e+02
  3.974430e+00   8.964258e+03   3.410165e+02
  3.977070e+00   9.062603e+03   3.445085e+02
  3.979710e+00   9.154575e+03   3.465058e+02
  3.982360e+00   9.161904e+03   3.472811e+02
  3.985000e+00   8.559830e+03   3.342052e+02
  3.987640e+00   8.561534e+03   3.335100e+02
  3.990290e+00   9.464830e+03   3.507900e+02
  3.992930e+00   9.309858e+03   3.484127e+02
  3.995570e+00   9.400477e+03   3.498495e+02
  3.998220e+00   9.209247e+03   3.446474e+02
  4.000860e+00   9.159758e+03   3.454668e+02
  4.003500e+00   9.330245e+03   3.491756e+02
  4.006150e+00   8.879675e+03   3.400203e+02
  4.008790e+00   8.964202e+03   3.402765e+02
  4.011430e+00   9.556624e+03   3.508347e+02
  4.014080e+00   8.652042e+03   3.355118e+02
  4.016720e+00   8.684374e+03   3.362603e+02
  4.019360e+00   9.241702e+03   3.453786e+02
  4.022010e+00   9.436012e+03   3.492425e+02
  4.024650e+00   8.860607e+03   3.387938e+02
  4.027290e+00   9.152511e+03   3.447035e+02
  4.029940e+00   8.745804e+03   3.351399e+02
  4.032580e+00   9.266607e+03   3.453461e+02
  4.035220e+00   8.841414e+03   3.380599e+02
  4.037870e+00   8.796061e+03   3.373135e+02
  4.040510e+00   8.925489e+03   3.392962e+02
  4.043150e+00   9.303194e+03   3.450364e+02
  4.045800e+00   8.647523e+03   3.343326e+02
  4.048440e+00   9.321818e+03   3.481297e+02
  4.051080e+00   9.098869e+03   3.417152e+02
  4.053730e+00   8.778530e+03   3.351658e+02
  4.056370e+00   8.944850e+03   3.392975e+02
  4.059010e+00   8.667935e+03   3.341244e+02
  4.061660e+00   8.459741e+03   3.308020e+02
  4.064300e+00   8.996267e+03   3.400269e+02
  4.066940e+00   8.628833e+03   3.336099e+02
  4.069590e+00   8.642176e+03   3.336275e+02
  4.072230e+00   9.072507e+03   3.402456e+02
  4.074870e+00   9.060057e+03   3.404978e+02
  4.077520e+00   8.650992e+03   3.324846e+02
  4.080160e+00   8.816147e+03   3.368477e+02
  4.082800e+00   8.777035e+03   3.365839e+02
  4.085450e+00   8.605032e+03   3.321936e+02
  4.088090e+00   8.671160e+03   3.322796e+02
  4.090730e+00   8.150347e+03   3.231823e+02
  4.093380e+00   8.751509e+03   3.358521e+02
  4.096020e+00   8.630681e+03   3.326883e+02
  4.098660e+00   8.868344e+03   3.363955e+02
  4.101310e+00   8.637766e+03   3.324678e+02
  4.103950e+00   8.715558e+03   3.332477e+02
  4.106600e+00   8.848397e+03   3.373420e+02
  4.109240e+00   9.192184e+03   3.413891e+02
  4.111880e+00   8.912813e+03   3.380823e+02
  4.114530e+00   9.041183e+03   3.407524e+02
  4.117170e+00   9.554887e+03   3.502992e+02
  4.119810e+00   8.564853e+03   3.294174e+02
  4.122460e+00   8.855856e+03   3.356803e+02
  4.125100e+00   8.848985e+03   3.363879e+02
  4.127740e+00   8.899693e+03   3.388055e+02
  4.130390e+00   9.123303e+03   3.409538e+02
  4.133030e+00   8.938606e+03   3.366474e+02
  4.135670e+00   8.637766e+03   3.324678e+02
  4.138320e+00   8.792462e+03   3.342393e+02
  4.140960e+00   8.517129e+03   3.297845e+02
  4.143600e+00   8.900498e+03   3.361672e+02
  4.146250e+00   8.186218e+03   3.230843e+02
  4.148890e+00   8.053592e+03   3.213733e+02
  4.151530e+00   9.072680e+03   3.404916e+02
  4.154180e+00   9.071310e+03   3.385383e+02
  4.156820e+00   8.722417e+03   3.330234e+02
  4.159460e+00   9.161529e+03   3.416674e+02
  4.162110e+00   9.092351e+03   3.414704e+02
  4.164750e+00   9.116344e+03   3.402190e+02
  4.167390e+00   8.647852e+03   3.306589e+02
  4.170040e+00   8.352010e+03   3.246101e+02
  4.172680e+00   8.684273e+03   3.322945e+02
  4.175320e+00   8.517245e+03   3.273443e+02
  4.177970e+00   8.812993e+03   3.328622e+02
  4.180610e+00   8.731120e+03   3.314288e+02
  4.183250e+00   9.001292e+03   3.354584e+02
  4.185900e+00   8.608682e+03   3.274897e+02
  4.188540e+00   8.404262e+03   3.232409e+02
  4.191180e+00   8.851410e+03   3.324217e+02
  4.193830e+00   8.652494e+03   3.282078e+02
  4.196470e+00   9.339383e+03   3.419391e+02
  4.199110e+00   8.883238e+03   3.315195e+02
  4.201760e+00   9.129696e+03   3.351617e+02
  4.204400e+00   8.693075e+03   3.269367e+02
  4.207040e+00   9.290583e+03   3.385677e+02
  4.209690e+00   8.920735e+03   3.301712e+02
  4.212330e+00   8.600134e+03   3.255199e+02
  4.214970e+00   8.663325e+03   3.258179e+02
  4.217620e+00   8.932829e+03   3.315284e+02
  4.220260e+00   8.695534e+03   3.254222e+02
  4.222900e+00   8.994350e+03   3.326680e+02
  4.225550e+00   8.865215e+03   3.301579e+02
  4.228190e+00   9.147747e+03   3.351475e+02
  4.230830e+00   9.073906e+03   3.335634e+02
  4.233480e+00   8.749100e+03   3.274268e+02
  4.236120e+00   8.724903e+03   3.267502e+02
  4.238760e+00   8.621565e+03   3.244769e+02
  4.241410e+00   9.000740e+03   3.335896e+02
  4.244050e+00   9.049786e+03   3.338064e+02
  4.246690e+00   9.122954e+03   3.344637e+02
  4.249340e+00   8.969616e+03   3.310746e+02
  4.251980e+00   9.024556e+03   3.319737e+02
  4.254620e+00   8.553586e+03   3.235263e+02
  4.257270e+00   8.957437e+03   3.319847e+02
  4.259910e+00   9.160600e+03   3.358439e+02
  4.262560e+00   9.459811e+03   3.404661e+02
  4.265200e+00   8.560506e+03   3.233259e+02
  4.267840e+00   9.213304e+03   3.350846e+02
  4.270490e+00   8.731772e+03   3.263216e+02
  4.273130e+00   8.975877e+03   3.322121e+02
  4.275770e+00   8.760308e+03   3.285372e+02
  4.278420e+00   9.179226e+03   3.363008e+02
  4.281060e+00   8.657801e+03   3.253801e+02
  4.283700e+00   8.945167e+03   3.308489e+02
  4.286350e+00   9.172913e+03   3.360695e+02
  4.288990e+00   8.664502e+03   3.251730e+02
  4.291630e+00   9.611626e+03   3.428353e+02
  4.294280e+00   9.283270e+03   3.378528e+02
  4.296920e+00   9.024657e+03   3.322022e+02
  4.299560e+00   9.073404e+03   3.328709e+02
  4.302210e+00   8.431217e+03   3.212038e+02
  4.304850e+00   8.871308e+03   3.303848e+02
  4.307490e+00   8.809982e+03   3.290148e+02
  4.310140e+00   9.183945e+03   3.353503e+02
  4.312780e+00   9.539863e+03   3.420207e+02
  4.315420e+00   8.164158e+03   3.156446e+02
  4.318070e+00   9.049247e+03   3.328819e+02
  4.320710e+00   9.713620e+03   3.455951e+02
  4.323350e+00   8.718943e+03   3.265270e+02
  4.326000e+00   8.889637e+03   3.310674e+02
  4.328640e+00   8.238133e+03   3.182669e+02
  4.331280e+00   8.932880e+03   3.310745e+02
  4.333930e+00   8.799569e+03   3.268078e+02
  4.336570e+00   8.285285e+03   3.181945e+02
  4.339210e+00   8.785179e+03   3.287771e+02
  4.341860e+00   8.821914e+03   3.296904e+02
  4.344500e+00   9.469935e+03   3.399509e+02
  4.347140e+00   8.611363e+03   3.292637e+02
  4.349790e+00   8.237052e+03   3.316112e+02
  4.352430e+00   9.324832e+03   3.591791e+02
  4.355070e+00   8.718142e+03   3.509792e+02
  4.357720e+00   9.213274e+03   3.661948e+02
  4.360360e+00   8.801096e+03   3.635699e+02
  4.363000e+00   9.352994e+03   3.765374e+02
  4.365650e+00   8.320696e+03   3.577347e+02
  4.368290e+00   8.803008e+03   3.706735e+02
  4.370930e+00   8.151922e+03   3.592166e+02
  4.373580e+00   8.774826e+03   3.751845e+02
  4.376220e+00   8.399550e+03   3.719383e+02
  4.378860e+00   8.666213e+03   3.757280e+02
  4.381510e+00   8.609887e+03   3.786624e+02
  4.384150e+00   9.070183e+03   3.925052e+02
  4.386790e+00   1.011884e+04   4.183627e+02
  4.389440e+00   9.028526e+03   3.936624e+02
  4.392080e+00   9.338939e+03   4.056576e+02
  4.394720e+00   8.880524e+03   3.963572e+02
  4.397370e+00   9.121530e+03   4.043047e+02
  4.400010e+00   8.942361e+03   3.995152e+02
  4.402650e+00   9.217529e+03   4.113984e+02
  4.405300e+00   9.071873e+03   4.102443e+02
  4.407940e+00   8.998348e+03   4.115748e+02
  4.410590e+00   8.951285e+03   4.115805e+02
  4.413230e+00   9.199932e+03   4.194808e+02
  4.415870e+00   8.815366e+03   4.137256e+02
  4.418520e+00   8.455094e+03   4.096507e+02
  4.421160e+00   8.095940e+03   4.013009e+02
  4.423800e+00   8.851159e+03   4.210067e+02
  4.426450e+00   8.594863e+03   4.183914e+02
  4.429090e+00   8.326777e+03   4.163389e+02
  4.431730e+00   8.825800e+03   4.296332e+02
  4.434380e+00   8.535912e+03   4.210455e+02
  4.437020e+00   9.494110e+03   4.495591e+02
  4.439660e+00   8.897297e+03   4.383384e+02
  4.442310e+00   8.983757e+03   4.409953e+02
  4.444950e+00   9.310207e+03   4.500258e+02
  4.447590e+00   8.479009e+03   4.315702e+02
  4.450240e+00   8.838549e+03   4.464141e+02
  4.452880e+00   8.997307e+03   4.550134e+02
  4.455520e+00   9.535812e+03   4.675317e+02
  4.458170e+00   8.474039e+03   4.441603e+02
  4.460810e+00   8.927791e+03   4.579860e+02
  4.463450e+00   7.631773e+03   4.259640e+02
  4.466100e+00   8.770085e+03   4.603101e+02
  4.468740e+00   9.348852e+03   4.746161e+02
  4.471380e+00   9.812706e+03   4.949855e+02
  4.474030e+00   8.824497e+03   4.730427e+02
  4.476670e+00   9.445062e+03   4.890468e+02
  4.479310e+00   8.888159e+03   4.737405e+02
  4.481960e+00   8.203195e+03   4.600123e+02
  4.484600e+00   8.311908e+03   4.705691e+02
  4.487240e+00   9.058808e+03   4.934647e+02
  4.489890e+00   9.473109e+03   5.034901e+02
  4.492530e+00   8.029032e+03   4.666780e+02
  4.495170e+00   9.061455e+03   4.995742e+02
  4.497820e+00   8.809651e+03   4.995495e+02
  4.500460e+00   8.754862e+03   4.956465e+02
  4.503100e+00   8.951285e+03   5.075808e+02
  4.505750e+00   8.280668e+03   4.913672e+02
  4.508390e+00   8.223901e+03   4.941263e+02
  4.511030e+00   8.788535e+03   5.099625e+02
  4.513680e+00   9.337886e+03   5.269674e+02
  4.516320e+00   9.274826e+03   5.345921e+02
  4.518960e+00   8.840776e+03   5.283374e+02
  4.521610e+00   9.382096e+03   5.471749e+02
  4.524250e+00   9.606257e+03   5.473673e+02
  4.526890e+00   7.727728e+03   4.988227e+02
  4.529540e+00   8.509449e+03   5.277336e+02
  4.532180e+00   9.220497e+03   5.570306e+02
  4.534820e+00   9.616808e+03   5.656946e+02
  4.537470e+00   9.467706e+03   5.709241e+02
  4.540110e+00   8.916590e+03   5.562016e+02
  4.542750e+00   8.238035e+03   5.420229e+02
  4.545400e+00   8.622321e+03   5.464174e+02
  4.548040e+00   9.346724e+03   5.796592e+02
  4.550680e+00   9.486517e+03   5.917527e+02
  4.553330e+00   8.192702e+03   5.574428e+02
  4.555970e+00   8.628203e+03   5.726739e+02
  4.558610e+00   1.085461e+04   6.396141e+02
  4.561260e+00   9.066538e+03   5.901813e+02
  4.563900e+00   9.609175e+03   6.189814e+02
  4.566550e+00   8.644033e+03   5.950798e+02
  4.569190e+00   8.330503e+03   5.776164e+02
  4.571830e+00   9.700695e+03   6.355137e+02
  4.574480e+00   8.635358e+03   6.031195e+02
  4.577120e+00   9.893526e+03   6.509462e+02
  4.579760e+00   9.399918e+03   6.337423e+02
  4.582410e+00   8.266125e+03   6.044789e+02
  4.585050e+00   8.158133e+03   6.080714e+02
  4.587690e+00   9.114036e+03   6.510026e+02
  4.590340e+00   8.468054e+03   6.242732e+02
  4.592980e+00   8.670093e+03   6.374379e+02
  4.595620e+00   1.016749e+04   7.033002e+02
  4.598270e+00   8.146675e+03   6.400633e+02
  4.600910e+00   9.204146e+03   6.822567e+02
  4.603550e+00   8.951285e+03   6.766536e+02
  4.606200e+00   8.678380e+03   6.882403e+02
  4.608840e+00   8.092184e+03   6.697139e+02
  4.611480e+00   8.695534e+03   7.029923e+02
  4.614130e+00   8.388311e+03   6.871972e+02
  4.616770e+00   9.131513e+03   7.406635e+02
  4.619410e+00   9.973404e+03   7.860144e+02
  4.622060e+00   8.886888e+03   7.565021e+02
  4.624700e+00   8.540096e+03   7.350144e+02
  4.627340e+00   7.348070e+03   7.006110e+02
  4.629990e+00   8.501993e+03   7.665989e+02
  4.632630e+00   8.150764e+03   7.701748e+02
  4.635270e+00   8.736454e+03   7.909614e+02
  4.637920e+00   1.015482e+04   8.739877e+02
  4.640560e+00   8.628716e+03   8.341695e+02
  4.643200e+00   7.956698e+03   8.120771e+02
  4.645850e+00   8.746918e+03   8.455965e+02
  4.648490e+00   9.862990e+03   9.041388e+02
  4.651130e+00   9.417940e+03   8.939113e+02
  4.653780e+00   1.049461e+04   9.620394e+02
  4.656420e+00   9.173954e+03   9.039366e+02
  4.659060e+00   8.562099e+03   8.605233e+02
  4.661710e+00   9.715968e+03   9.349195e+02
  4.664350e+00   9.228129e+03   9.228129e+02
  4.666990e+00   7.064258e+03   8.268088e+02
  4.669640e+00   8.456491e+03   8.722204e+02
  4.672280e+00   9.328182e+03   9.375175e+02
  4.674920e+00   6.877824e+03   8.340586e+02
  4.677570e+00   9.154724e+03   9.649926e+02
  4.680210e+00   9.195856e+03   9.484801e+02
  4.682850e+00   8.597280e+03   9.325059e+02
  4.685500e+00   7.476956e+03   8.873514e+02
  4.688140e+00   9.225865e+03   1.006624e+03
  4.690780e+00   8.214121e+03   9.300660e+02
  4.693430e+00   7.872817e+03   9.214436e+02
  4.696070e+00   9.846414e+03   1.049631e+03
  4.698710e+00   1.023004e+04   1.090526e+03
  4.701360e+00   1.029690e+04   1.097654e+03
  4.704000e+00   8.279939e+03   9.625233e+02
  4.706640e+00   9.621109e+03   1.082459e+03
  4.709290e+00   7.237209e+03   9.585918e+02
  4.711930e+00   8.951285e+03   1.077608e+03
  4.714570e+00   9.011361e+03   1.040542e+03
  4.717220e+00   9.729658e+03   1.123484e+03
  4.719860e+00   1.011290e+04   1.175601e+03
  4.722510e+00   9.377537e+03   1.154295e+03
  4.725150e+00   8.821557e+03   1.069771e+03
  4.727790e+00   8.382950e+03   1.091367e+03
  4.730440e+00   9.321173e+03   1.174357e+03
  4.733080e+00   8.179623e+03   1.123558e+03
  4.735720e+00   9.595778e+03   1.172311e+03
  4.738370e+00   8.647852e+03   1.145436e+03
  4.741010e+00   7.555213e+03   1.113955e+03
  4.743650e+00   9.795746e+03   1.286244e+03
  4.746300e+00   9.690382e+03   1.261580e+03
  4.748940e+00   1.057104e+04   1.342524e+03
  4.751580e+00   9.316644e+03   1.304591e+03
  4.754230e+00   1.092999e+04   1.435178e+03
  4.756870e+00   9.340472e+03   1.348181e+03
  4.759510e+00   6.828816e+03   1.122650e+03
  4.762160e+00   1.116278e+04   1.533326e+03
  4.764800e+00   1.105097e+04   1.562843e+03
  4.767440e+00   8.951285e+03   1.433353e+03
  4.770090e+00   9.783963e+03   1.427138e+03
  4.772730e+00   7.161028e+03   1.307419e+03
  4.775370e+00   8.951285e+03   1.491881e+03
  4.778020e+00   8.302641e+03   1.467714e+03
  4.780660e+00   7.537924e+03   1.332529e+03
  4.783300e+00   8.043184e+03   1.444598e+03
  4.785950e+00   1.174856e+04   1.812842e+03
  4.788590e+00   8.496135e+03   1.605619e+03
  4.791230e+00   9.108325e+03   1.691374e+03
  4.793880e+00   8.951285e+03   1.755491e+03
  4.796520e+00   1.034371e+04   2.028568e+03
  4.799160e+00   7.066804e+03   1.824641e+03
  4.801810e+00   9.477832e+03   2.233946e+03
  4.804450e+00   5.197521e+03   1.732507e+03
  4.807090e+00   1.478908e+04   3.392848e+03
  4.809740e+00   1.432206e+04   4.134422e+03
  4.812380e+00   9.639846e+03   3.643519e+03
creator: radaver
creator-version: 6572
working-directory: /dataInt/p12/vives/2015-10-17/NEW
header-file: images/header/img_0009_00009.txt
image-file: images/pilatus2m/img_0009_00009.tiff
angular-axis-file: etc/radial-averaging/saxs-2/saxis-saxs2-20150921.dat
beamstop-mask-file: etc/radial-averaging/saxs-2/mask-saxs2-20151008.msk
detector-response-file: none
beam-center-x: 656.1000
beam-center-y: 1645.9000
unit-time: 100.0000
channel-first: 8
channel-last: 1819
angular-unit: nanometer
Run Number: 9
Frame Number: 9
Sample: ADR
Buffer: NAPI
Code: ADR_NAPI
Concentration [mg/ml]: 3
Plate Row: 2
Plate Column: 1
Well Row: 1
Well Column: 2
Load Volume: 20
Load Viscosity: low
Exposure time [s]: 0.035
Exposure period [s]: 0.04
Detector Position: saxs-2
Detector Distance [m]: 3
Timestamp (begin): 2015-10-17 03:33:02.037
Timestamp (end): 2015-10-17 03:33:02.072
PETRA Current: 94.1409
Transmitted Beam: 0.159594
Wavelength [nm]: 0.123987
Flytube Vacuum [mbar]: 0.000285457
Crystal Temperature 1 [C]: -181.4
Crystal Temperature 2 [C]: -156.3
Cell Target Temperature [C]: 20
Cell Temperature [C]: 20
Storage Temperature [C]: 20.1
